Timestamp,Name,Value
1.64105,"/shooter/constants",0.0002
1.641072,"/shooter/constants",0.01
1.641078,"/shooter/constants",0
1.970264,"/drivetrain/leftPos",0
1.970899,"/drivetrain/leftVelocity",0
1.971025,"/drivetrain/rightPos",0
1.971075,"/drivetrain/rightVelocity",0
1.971655,"/drivetrain/heading",-2.1600000858306885
1.971715,"/drivetrain/headingVelocity",0
1.971827,"/drivetrain/xAcceleration",0.004999999888241291
1.971861,"/drivetrain/yAcceleration",0
1.971983,"/drivetrain/leftOutputLog",0
1.971991,"/drivetrain/rightOutputLog",0
1.978217,"/intake/pos",0
1.978241,"/intake/output",0
1.9972,"/shooter/rpm",0
2.000771,"/shooter/output",0.1
2.00168,"/shooter/hasBall",true
2.002338,"/shooter/temperature",40
2.003462,"/climber/rightPos",0
2.548799,"/drivetrain/leftPos",0
2.54882,"/drivetrain/leftVelocity",0
2.5489,"/drivetrain/rightPos",0
2.548918,"/drivetrain/rightVelocity",0
2.54895,"/drivetrain/heading",-2.1600000858306885
2.54896,"/drivetrain/headingVelocity",0
2.548966,"/drivetrain/xAcceleration",0.004000000189989805
2.548972,"/drivetrain/yAcceleration",-0.004000000189989805
2.549036,"/drivetrain/leftOutputLog",0
2.549042,"/drivetrain/rightOutputLog",0
2.552216,"/intake/pos",0
2.552225,"/intake/output",0
2.552765,"/shooter/rpm",0
2.552793,"/shooter/output",0.1
2.552899,"/shooter/hasBall",true
2.553016,"/shooter/temperature",40
2.553422,"/climber/rightPos",0
2.56178,"/drivetrain/leftPos",0
2.561863,"/drivetrain/leftVelocity",0
2.561891,"/drivetrain/rightPos",0
2.561908,"/drivetrain/rightVelocity",0
2.561945,"/drivetrain/heading",-2.1600000858306885
2.56301,"/drivetrain/headingVelocity",0
2.563033,"/drivetrain/xAcceleration",0
2.56304,"/drivetrain/yAcceleration",-0.003000000026077032
2.56305,"/drivetrain/leftOutputLog",0
2.563056,"/drivetrain/rightOutputLog",0
2.563606,"/intake/pos",0
2.563616,"/intake/output",0
2.564232,"/shooter/rpm",0
2.564258,"/shooter/output",0.1
2.56441,"/shooter/hasBall",true
2.564526,"/shooter/temperature",40
2.564862,"/climber/rightPos",0
2.573012,"/drivetrain/leftPos",0
2.573035,"/drivetrain/leftVelocity",0
2.57306,"/drivetrain/rightPos",0
2.573078,"/drivetrain/rightVelocity",0
2.573107,"/drivetrain/heading",-2.1600000858306885
2.573116,"/drivetrain/headingVelocity",0
2.573122,"/drivetrain/xAcceleration",0.003000000026077032
2.573128,"/drivetrain/yAcceleration",0
2.573135,"/drivetrain/leftOutputLog",0
2.573141,"/drivetrain/rightOutputLog",0
2.573381,"/intake/pos",0
2.573389,"/intake/output",0
2.573693,"/shooter/rpm",0
2.573716,"/shooter/output",0.1
2.573756,"/shooter/hasBall",true
2.573785,"/shooter/temperature",40
2.573974,"/climber/rightPos",0
2.57898,"/drivetrain/leftPos",0
2.579016,"/drivetrain/leftVelocity",0
2.579035,"/drivetrain/rightPos",0
2.57905,"/drivetrain/rightVelocity",0
2.579078,"/drivetrain/heading",-2.1600000858306885
2.579087,"/drivetrain/headingVelocity",0
2.579093,"/drivetrain/xAcceleration",0.003000000026077032
2.579099,"/drivetrain/yAcceleration",0
2.579106,"/drivetrain/leftOutputLog",0
2.579112,"/drivetrain/rightOutputLog",0
2.579556,"/intake/pos",0
2.579564,"/intake/output",0
2.57987,"/shooter/rpm",0
2.579895,"/shooter/output",0.1
2.579933,"/shooter/hasBall",true
2.579962,"/shooter/temperature",40
2.58015,"/climber/rightPos",0
2.586489,"/drivetrain/leftPos",0
2.586511,"/drivetrain/leftVelocity",0
2.586532,"/drivetrain/rightPos",0
2.586548,"/drivetrain/rightVelocity",0
2.586579,"/drivetrain/heading",-2.1600000858306885
2.586588,"/drivetrain/headingVelocity",0
2.586595,"/drivetrain/xAcceleration",0
2.5866,"/drivetrain/yAcceleration",0
2.586608,"/drivetrain/leftOutputLog",0
2.586613,"/drivetrain/rightOutputLog",0
2.586891,"/intake/pos",0
2.586898,"/intake/output",0
2.587115,"/shooter/rpm",0
2.587138,"/shooter/output",0.1
2.587175,"/shooter/hasBall",true
2.587203,"/shooter/temperature",40
2.587381,"/climber/rightPos",0
2.592672,"/drivetrain/leftPos",0
2.592703,"/drivetrain/leftVelocity",0
2.592724,"/drivetrain/rightPos",0
2.592741,"/drivetrain/rightVelocity",0
2.592769,"/drivetrain/heading",-2.1600000858306885
2.592779,"/drivetrain/headingVelocity",0
2.592785,"/drivetrain/xAcceleration",0
2.592791,"/drivetrain/yAcceleration",0
2.592849,"/drivetrain/leftOutputLog",0
2.592856,"/drivetrain/rightOutputLog",0
2.593196,"/intake/pos",0
2.593204,"/intake/output",0
2.593518,"/shooter/rpm",0
2.593541,"/shooter/output",0.1
2.593578,"/shooter/hasBall",true
2.593607,"/shooter/temperature",40
2.593802,"/climber/rightPos",0
2.598562,"/drivetrain/leftPos",0
2.598586,"/drivetrain/leftVelocity",0
2.598603,"/drivetrain/rightPos",0
2.598617,"/drivetrain/rightVelocity",0
2.598643,"/drivetrain/heading",-2.1600000858306885
2.598651,"/drivetrain/headingVelocity",0
2.598657,"/drivetrain/xAcceleration",-0.003000000026077032
2.598662,"/drivetrain/yAcceleration",0
2.59867,"/drivetrain/leftOutputLog",0
2.598675,"/drivetrain/rightOutputLog",0
2.598897,"/intake/pos",0
2.598904,"/intake/output",0
2.599126,"/shooter/rpm",0
2.599148,"/shooter/output",0.1
2.599185,"/shooter/hasBall",true
2.599214,"/shooter/temperature",40
2.599388,"/climber/rightPos",0
2.615633,"/drivetrain/leftPos",0
2.615652,"/drivetrain/leftVelocity",0
2.615675,"/drivetrain/rightPos",0
2.615694,"/drivetrain/rightVelocity",0
2.615722,"/drivetrain/heading",-2.1600000858306885
2.61573,"/drivetrain/headingVelocity",0
2.615736,"/drivetrain/xAcceleration",-0.003000000026077032
2.615742,"/drivetrain/yAcceleration",0
2.61575,"/drivetrain/leftOutputLog",0
2.615755,"/drivetrain/rightOutputLog",0
2.616051,"/intake/pos",0
2.616058,"/intake/output",0
2.617231,"/shooter/rpm",0
2.617254,"/shooter/output",0.1
2.617301,"/shooter/hasBall",true
2.61735,"/shooter/temperature",40
2.617575,"/climber/rightPos",0
2.621652,"/drivetrain/leftPos",0
2.621675,"/drivetrain/leftVelocity",0
2.621693,"/drivetrain/rightPos",0
2.621707,"/drivetrain/rightVelocity",0
2.621733,"/drivetrain/heading",-2.1600000858306885
2.621742,"/drivetrain/headingVelocity",0
2.621748,"/drivetrain/xAcceleration",0
2.621754,"/drivetrain/yAcceleration",0
2.621761,"/drivetrain/leftOutputLog",0
2.621766,"/drivetrain/rightOutputLog",0
2.62199,"/intake/pos",0
2.621997,"/intake/output",0
2.622417,"/shooter/rpm",0
2.62244,"/shooter/output",0.1
2.622479,"/shooter/hasBall",true
2.622528,"/shooter/temperature",40
2.622769,"/climber/rightPos",0
2.626772,"/drivetrain/leftPos",0
2.626793,"/drivetrain/leftVelocity",0
2.626813,"/drivetrain/rightPos",0
2.626829,"/drivetrain/rightVelocity",0
2.626858,"/drivetrain/heading",-2.1600000858306885
2.626867,"/drivetrain/headingVelocity",0
2.626873,"/drivetrain/xAcceleration",0
2.626879,"/drivetrain/yAcceleration",0
2.626886,"/drivetrain/leftOutputLog",0
2.626891,"/drivetrain/rightOutputLog",0
2.627316,"/intake/pos",0
2.627324,"/intake/output",0
2.627751,"/shooter/rpm",0
2.627776,"/shooter/output",0.1
2.627815,"/shooter/hasBall",true
2.627864,"/shooter/temperature",40
2.628061,"/climber/rightPos",0
2.633168,"/drivetrain/leftPos",0
2.633195,"/drivetrain/leftVelocity",0
2.633213,"/drivetrain/rightPos",0
2.633229,"/drivetrain/rightVelocity",0
2.633255,"/drivetrain/heading",-2.1600000858306885
2.633263,"/drivetrain/headingVelocity",0
2.633269,"/drivetrain/xAcceleration",0
2.633275,"/drivetrain/yAcceleration",0
2.633282,"/drivetrain/leftOutputLog",0
2.633288,"/drivetrain/rightOutputLog",0
2.63366,"/intake/pos",0
2.633668,"/intake/output",0
2.633964,"/shooter/rpm",0
2.633986,"/shooter/output",0.1
2.634024,"/shooter/hasBall",true
2.634073,"/shooter/temperature",40
2.634249,"/climber/rightPos",0
2.638175,"/drivetrain/leftPos",0
2.6382,"/drivetrain/leftVelocity",0
2.63822,"/drivetrain/rightPos",0
2.638235,"/drivetrain/rightVelocity",0
2.638263,"/drivetrain/heading",-2.1600000858306885
2.638271,"/drivetrain/headingVelocity",0
2.638277,"/drivetrain/xAcceleration",0
2.638283,"/drivetrain/yAcceleration",0
2.638291,"/drivetrain/leftOutputLog",0
2.638297,"/drivetrain/rightOutputLog",0
2.638554,"/intake/pos",0
2.638561,"/intake/output",0
2.638798,"/shooter/rpm",0
2.63882,"/shooter/output",0.1
2.638856,"/shooter/hasBall",true
2.638901,"/shooter/temperature",40
2.639167,"/climber/rightPos",0
2.642857,"/drivetrain/leftPos",0
2.642879,"/drivetrain/leftVelocity",0
2.642896,"/drivetrain/rightPos",0
2.642913,"/drivetrain/rightVelocity",0
2.642939,"/drivetrain/heading",-2.1600000858306885
2.642947,"/drivetrain/headingVelocity",0
2.642953,"/drivetrain/xAcceleration",0
2.642959,"/drivetrain/yAcceleration",0
2.642967,"/drivetrain/leftOutputLog",0
2.642972,"/drivetrain/rightOutputLog",0
2.643372,"/intake/pos",0
2.64338,"/intake/output",0
2.643762,"/shooter/rpm",0
2.643788,"/shooter/output",0.1
2.643826,"/shooter/hasBall",true
2.64387,"/shooter/temperature",40
2.644073,"/climber/rightPos",0
2.649582,"/drivetrain/leftPos",0
2.649601,"/drivetrain/leftVelocity",0
2.649624,"/drivetrain/rightPos",0
2.649641,"/drivetrain/rightVelocity",0
2.649667,"/drivetrain/heading",-2.1600000858306885
2.649675,"/drivetrain/headingVelocity",0
2.649681,"/drivetrain/xAcceleration",0
2.649687,"/drivetrain/yAcceleration",0
2.649694,"/drivetrain/leftOutputLog",0
2.6497,"/drivetrain/rightOutputLog",0
2.649975,"/intake/pos",0
2.649982,"/intake/output",0
2.650207,"/shooter/rpm",0
2.65023,"/shooter/output",0.1
2.650265,"/shooter/hasBall",true
2.650294,"/shooter/temperature",40
2.650473,"/climber/rightPos",0
2.655295,"/drivetrain/leftPos",0
2.655318,"/drivetrain/leftVelocity",0
2.655336,"/drivetrain/rightPos",0
2.655352,"/drivetrain/rightVelocity",0
2.655381,"/drivetrain/heading",-2.1600000858306885
2.65539,"/drivetrain/headingVelocity",0
2.655396,"/drivetrain/xAcceleration",0
2.655402,"/drivetrain/yAcceleration",0
2.655409,"/drivetrain/leftOutputLog",0
2.655415,"/drivetrain/rightOutputLog",0
2.655718,"/intake/pos",0
2.655726,"/intake/output",0
2.656049,"/shooter/rpm",0
2.656073,"/shooter/output",0.1
2.656111,"/shooter/hasBall",true
2.65614,"/shooter/temperature",40
2.656324,"/climber/rightPos",0
2.660689,"/drivetrain/leftPos",0
2.660761,"/drivetrain/leftVelocity",0
2.660785,"/drivetrain/rightPos",0
2.660801,"/drivetrain/rightVelocity",0
2.660833,"/drivetrain/heading",-2.1600000858306885
2.660841,"/drivetrain/headingVelocity",0
2.660848,"/drivetrain/xAcceleration",0
2.660853,"/drivetrain/yAcceleration",0
2.660861,"/drivetrain/leftOutputLog",0
2.660867,"/drivetrain/rightOutputLog",0
2.661098,"/intake/pos",0
2.661106,"/intake/output",0
2.661396,"/shooter/rpm",0
2.661419,"/shooter/output",0.1
2.661456,"/shooter/hasBall",true
2.661484,"/shooter/temperature",40
2.661669,"/climber/rightPos",0
2.66609,"/drivetrain/leftPos",0
2.66611,"/drivetrain/leftVelocity",0
2.66613,"/drivetrain/rightPos",0
2.666147,"/drivetrain/rightVelocity",0
2.666174,"/drivetrain/heading",-2.1600000858306885
2.666182,"/drivetrain/headingVelocity",0
2.666188,"/drivetrain/xAcceleration",0
2.666194,"/drivetrain/yAcceleration",0
2.666202,"/drivetrain/leftOutputLog",0
2.666207,"/drivetrain/rightOutputLog",0
2.666545,"/intake/pos",0
2.666552,"/intake/output",0
2.666846,"/shooter/rpm",0
2.66687,"/shooter/output",0.1
2.666906,"/shooter/hasBall",true
2.666944,"/shooter/temperature",40
2.667171,"/climber/rightPos",0
2.675921,"/drivetrain/leftPos",0
2.675951,"/drivetrain/leftVelocity",0
2.675972,"/drivetrain/rightPos",0
2.67599,"/drivetrain/rightVelocity",0
2.676174,"/drivetrain/heading",-2.1600000858306885
2.676186,"/drivetrain/headingVelocity",0
2.676193,"/drivetrain/xAcceleration",0
2.676199,"/drivetrain/yAcceleration",0
2.676208,"/drivetrain/leftOutputLog",0
2.676214,"/drivetrain/rightOutputLog",0
2.676705,"/intake/pos",0
2.676713,"/intake/output",0
2.676961,"/shooter/rpm",0
2.676983,"/shooter/output",0.1
2.67702,"/shooter/hasBall",true
2.677643,"/shooter/temperature",40
2.678049,"/climber/rightPos",0
2.686451,"/drivetrain/leftPos",0
2.686474,"/drivetrain/leftVelocity",0
2.686492,"/drivetrain/rightPos",0
2.686506,"/drivetrain/rightVelocity",0
2.686536,"/drivetrain/heading",-2.1600000858306885
2.686545,"/drivetrain/headingVelocity",0
2.686552,"/drivetrain/xAcceleration",0
2.686557,"/drivetrain/yAcceleration",0
2.686566,"/drivetrain/leftOutputLog",0
2.686571,"/drivetrain/rightOutputLog",0
2.687126,"/intake/pos",0
2.687134,"/intake/output",0
2.68757,"/shooter/rpm",0
2.687595,"/shooter/output",0.1
2.687709,"/shooter/hasBall",true
2.687746,"/shooter/temperature",40
2.688171,"/climber/rightPos",0
2.698236,"/drivetrain/leftPos",0
2.698263,"/drivetrain/leftVelocity",0
2.698283,"/drivetrain/rightPos",0
2.698297,"/drivetrain/rightVelocity",0
2.698326,"/drivetrain/heading",-2.1600000858306885
2.698335,"/drivetrain/headingVelocity",0
2.698341,"/drivetrain/xAcceleration",0
2.698347,"/drivetrain/yAcceleration",0
2.698354,"/drivetrain/leftOutputLog",0
2.69836,"/drivetrain/rightOutputLog",0
2.698707,"/intake/pos",0
2.698715,"/intake/output",0
2.698933,"/shooter/rpm",0
2.698956,"/shooter/output",0.1
2.698992,"/shooter/hasBall",true
2.699019,"/shooter/temperature",40
2.699228,"/climber/rightPos",0
2.704448,"/drivetrain/leftPos",0
2.70447,"/drivetrain/leftVelocity",0
2.704489,"/drivetrain/rightPos",0
2.704506,"/drivetrain/rightVelocity",0
2.704534,"/drivetrain/heading",-2.1600000858306885
2.704543,"/drivetrain/headingVelocity",0
2.704549,"/drivetrain/xAcceleration",0
2.704554,"/drivetrain/yAcceleration",0
2.704562,"/drivetrain/leftOutputLog",0
2.704567,"/drivetrain/rightOutputLog",0
2.704954,"/intake/pos",0
2.704961,"/intake/output",0
2.705382,"/shooter/rpm",0
2.705402,"/shooter/output",0.1
2.705442,"/shooter/hasBall",true
2.705472,"/shooter/temperature",40
2.705655,"/climber/rightPos",0
2.709489,"/drivetrain/leftPos",0
2.709508,"/drivetrain/leftVelocity",0
2.709533,"/drivetrain/rightPos",0
2.709551,"/drivetrain/rightVelocity",0
2.709576,"/drivetrain/heading",-2.1600000858306885
2.709584,"/drivetrain/headingVelocity",0
2.709591,"/drivetrain/xAcceleration",0
2.709596,"/drivetrain/yAcceleration",0
2.709604,"/drivetrain/leftOutputLog",0
2.709609,"/drivetrain/rightOutputLog",0
2.709981,"/intake/pos",0
2.709989,"/intake/output",0
2.71061,"/shooter/rpm",0
2.710642,"/shooter/output",0.1
2.710686,"/shooter/hasBall",true
2.710715,"/shooter/temperature",40
2.711251,"/climber/rightPos",0
2.717152,"/drivetrain/leftPos",0
2.717181,"/drivetrain/leftVelocity",0
2.717252,"/drivetrain/rightPos",0
2.717278,"/drivetrain/rightVelocity",0
2.717322,"/drivetrain/heading",-2.1600000858306885
2.717331,"/drivetrain/headingVelocity",0
2.717338,"/drivetrain/xAcceleration",0
2.717398,"/drivetrain/yAcceleration",0
2.717412,"/drivetrain/leftOutputLog",0
2.717419,"/drivetrain/rightOutputLog",0
2.717949,"/intake/pos",0
2.717956,"/intake/output",0
2.718397,"/shooter/rpm",0
2.718426,"/shooter/output",0.1
2.718528,"/shooter/hasBall",true
2.718585,"/shooter/temperature",40
2.719061,"/climber/rightPos",0
2.7233,"/drivetrain/leftPos",0
2.723324,"/drivetrain/leftVelocity",0
2.723341,"/drivetrain/rightPos",0
2.723358,"/drivetrain/rightVelocity",0
2.723384,"/drivetrain/heading",-2.1600000858306885
2.723392,"/drivetrain/headingVelocity",0
2.723398,"/drivetrain/xAcceleration",0
2.723403,"/drivetrain/yAcceleration",0
2.723411,"/drivetrain/leftOutputLog",0
2.723416,"/drivetrain/rightOutputLog",0
2.723641,"/intake/pos",0
2.723648,"/intake/output",0
2.724022,"/shooter/rpm",0
2.724047,"/shooter/output",0.1
2.724087,"/shooter/hasBall",true
2.724142,"/shooter/temperature",40
2.724381,"/climber/rightPos",0
2.7279,"/drivetrain/leftPos",0
2.72792,"/drivetrain/leftVelocity",0
2.727944,"/drivetrain/rightPos",0
2.727962,"/drivetrain/rightVelocity",0
2.727991,"/drivetrain/heading",-2.1600000858306885
2.727999,"/drivetrain/headingVelocity",0
2.728006,"/drivetrain/xAcceleration",0
2.728012,"/drivetrain/yAcceleration",0
2.728018,"/drivetrain/leftOutputLog",0
2.728024,"/drivetrain/rightOutputLog",0
2.728301,"/intake/pos",0
2.728308,"/intake/output",0
2.728545,"/shooter/rpm",0
2.728569,"/shooter/output",0.1
2.728604,"/shooter/hasBall",true
2.728651,"/shooter/temperature",40
2.728848,"/climber/rightPos",0
2.733356,"/drivetrain/leftPos",0
2.733379,"/drivetrain/leftVelocity",0
2.733398,"/drivetrain/rightPos",0
2.733414,"/drivetrain/rightVelocity",0
2.733442,"/drivetrain/heading",-2.1600000858306885
2.733451,"/drivetrain/headingVelocity",0
2.733457,"/drivetrain/xAcceleration",0
2.733463,"/drivetrain/yAcceleration",0
2.73347,"/drivetrain/leftOutputLog",0
2.733475,"/drivetrain/rightOutputLog",0
2.733783,"/intake/pos",0
2.73379,"/intake/output",0
2.734099,"/shooter/rpm",0
2.734122,"/shooter/output",0.1
2.734161,"/shooter/hasBall",true
2.734206,"/shooter/temperature",40
2.734391,"/climber/rightPos",0
2.739032,"/drivetrain/leftPos",0
2.739055,"/drivetrain/leftVelocity",0
2.739074,"/drivetrain/rightPos",0
2.739089,"/drivetrain/rightVelocity",0
2.739115,"/drivetrain/heading",-2.1600000858306885
2.739123,"/drivetrain/headingVelocity",0
2.73913,"/drivetrain/xAcceleration",0
2.739135,"/drivetrain/yAcceleration",-0.003000000026077032
2.739143,"/drivetrain/leftOutputLog",0
2.739148,"/drivetrain/rightOutputLog",0
2.7394,"/intake/pos",0
2.739407,"/intake/output",0
2.739688,"/shooter/rpm",0
2.739709,"/shooter/output",0.1
2.739746,"/shooter/hasBall",true
2.739795,"/shooter/temperature",40
2.740233,"/climber/rightPos",0
2.744021,"/drivetrain/leftPos",0
2.744044,"/drivetrain/leftVelocity",0
2.744063,"/drivetrain/rightPos",0
2.74408,"/drivetrain/rightVelocity",0
2.744106,"/drivetrain/heading",-2.1600000858306885
2.744114,"/drivetrain/headingVelocity",0
2.74412,"/drivetrain/xAcceleration",0
2.744126,"/drivetrain/yAcceleration",-0.003000000026077032
2.744133,"/drivetrain/leftOutputLog",0
2.744138,"/drivetrain/rightOutputLog",0
2.74436,"/intake/pos",0
2.744367,"/intake/output",0
2.744647,"/shooter/rpm",0
2.744669,"/shooter/output",0.1
2.744706,"/shooter/hasBall",true
2.74475,"/shooter/temperature",40
2.744934,"/climber/rightPos",0
2.748907,"/drivetrain/leftPos",0
2.748952,"/drivetrain/leftVelocity",0
2.748977,"/drivetrain/rightPos",0
2.748998,"/drivetrain/rightVelocity",0
2.749032,"/drivetrain/heading",-2.1600000858306885
2.749042,"/drivetrain/headingVelocity",0
2.749048,"/drivetrain/xAcceleration",0
2.749054,"/drivetrain/yAcceleration",-0.003000000026077032
2.749062,"/drivetrain/leftOutputLog",0
2.749123,"/drivetrain/rightOutputLog",0
2.749461,"/intake/pos",0
2.749468,"/intake/output",0
2.749834,"/shooter/rpm",0
2.74986,"/shooter/output",0.1
2.749906,"/shooter/hasBall",true
2.749937,"/shooter/temperature",40
2.750821,"/climber/rightPos",0
2.756099,"/drivetrain/leftPos",0
2.756125,"/drivetrain/leftVelocity",0
2.756144,"/drivetrain/rightPos",0
2.756169,"/drivetrain/rightVelocity",0
2.7562,"/drivetrain/heading",-2.1600000858306885
2.756209,"/drivetrain/headingVelocity",0
2.756215,"/drivetrain/xAcceleration",0
2.75622,"/drivetrain/yAcceleration",0
2.756227,"/drivetrain/leftOutputLog",0
2.756233,"/drivetrain/rightOutputLog",0
2.756678,"/intake/pos",0
2.756685,"/intake/output",0
2.756907,"/shooter/rpm",0
2.756931,"/shooter/output",0.1
2.756967,"/shooter/hasBall",true
2.756993,"/shooter/temperature",40
2.757228,"/climber/rightPos",0
2.760527,"/drivetrain/leftPos",0
2.76055,"/drivetrain/leftVelocity",0
2.760568,"/drivetrain/rightPos",0
2.760582,"/drivetrain/rightVelocity",0
2.760609,"/drivetrain/heading",-2.1600000858306885
2.760617,"/drivetrain/headingVelocity",0
2.760623,"/drivetrain/xAcceleration",0
2.760629,"/drivetrain/yAcceleration",0
2.760636,"/drivetrain/leftOutputLog",0
2.760646,"/drivetrain/rightOutputLog",0
2.760859,"/intake/pos",0
2.760866,"/intake/output",0
2.761132,"/shooter/rpm",0
2.761153,"/shooter/output",0.1
2.761193,"/shooter/hasBall",true
2.761221,"/shooter/temperature",40
2.761546,"/climber/rightPos",0
2.765431,"/drivetrain/leftPos",0
2.765454,"/drivetrain/leftVelocity",0
2.765473,"/drivetrain/rightPos",0
2.76549,"/drivetrain/rightVelocity",0
2.765518,"/drivetrain/heading",-2.1600000858306885
2.765527,"/drivetrain/headingVelocity",0
2.765533,"/drivetrain/xAcceleration",0
2.765539,"/drivetrain/yAcceleration",0
2.765546,"/drivetrain/leftOutputLog",0
2.765552,"/drivetrain/rightOutputLog",0
2.765943,"/intake/pos",0
2.76595,"/intake/output",0
2.766211,"/shooter/rpm",0
2.766235,"/shooter/output",0.1
2.766272,"/shooter/hasBall",true
2.766315,"/shooter/temperature",40
2.766762,"/climber/rightPos",0
2.771554,"/drivetrain/leftPos",0
2.771573,"/drivetrain/leftVelocity",0
2.771596,"/drivetrain/rightPos",0
2.771614,"/drivetrain/rightVelocity",0
2.771644,"/drivetrain/heading",-2.1600000858306885
2.771653,"/drivetrain/headingVelocity",-0.0610351525247097
2.771659,"/drivetrain/xAcceleration",0
2.771664,"/drivetrain/yAcceleration",0
2.771672,"/drivetrain/leftOutputLog",0
2.771677,"/drivetrain/rightOutputLog",0
2.772029,"/intake/pos",0
2.772037,"/intake/output",0
2.77237,"/shooter/rpm",0
2.772395,"/shooter/output",0.1
2.772433,"/shooter/hasBall",true
2.772461,"/shooter/temperature",40
2.772686,"/climber/rightPos",0
2.776257,"/drivetrain/leftPos",0
2.77628,"/drivetrain/leftVelocity",0
2.776299,"/drivetrain/rightPos",0
2.776314,"/drivetrain/rightVelocity",0
2.77634,"/drivetrain/heading",-2.1600000858306885
2.776349,"/drivetrain/headingVelocity",-0.0610351525247097
2.776355,"/drivetrain/xAcceleration",0
2.77636,"/drivetrain/yAcceleration",0
2.776368,"/drivetrain/leftOutputLog",0
2.776373,"/drivetrain/rightOutputLog",0
2.7766,"/intake/pos",0
2.776607,"/intake/output",0
2.776988,"/shooter/rpm",0
2.77701,"/shooter/output",0.1
2.777048,"/shooter/hasBall",true
2.777076,"/shooter/temperature",40
2.77738,"/climber/rightPos",0
2.781017,"/drivetrain/leftPos",0
2.781041,"/drivetrain/leftVelocity",0
2.781059,"/drivetrain/rightPos",0
2.781076,"/drivetrain/rightVelocity",0
2.781101,"/drivetrain/heading",-2.1600000858306885
2.781109,"/drivetrain/headingVelocity",-0.0610351525247097
2.781116,"/drivetrain/xAcceleration",0
2.781121,"/drivetrain/yAcceleration",0
2.781129,"/drivetrain/leftOutputLog",0
2.781134,"/drivetrain/rightOutputLog",0
2.781353,"/intake/pos",0
2.781361,"/intake/output",0
2.781609,"/shooter/rpm",0
2.781628,"/shooter/output",0.1
2.781666,"/shooter/hasBall",true
2.781694,"/shooter/temperature",40
2.781879,"/climber/rightPos",0
2.785527,"/drivetrain/leftPos",0
2.785552,"/drivetrain/leftVelocity",0
2.785571,"/drivetrain/rightPos",0
2.785587,"/drivetrain/rightVelocity",0
2.785618,"/drivetrain/heading",-2.1600000858306885
2.785627,"/drivetrain/headingVelocity",-0.0610351525247097
2.785633,"/drivetrain/xAcceleration",0
2.785639,"/drivetrain/yAcceleration",0
2.785647,"/drivetrain/leftOutputLog",0
2.785653,"/drivetrain/rightOutputLog",0
2.786175,"/intake/pos",0
2.786184,"/intake/output",0
2.788328,"/shooter/rpm",0
2.788419,"/shooter/output",0.1
2.788474,"/shooter/hasBall",true
2.788631,"/shooter/temperature",40
2.789054,"/climber/rightPos",0
2.818831,"/drivetrain/leftPos",0
2.818863,"/drivetrain/leftVelocity",0
2.818883,"/drivetrain/rightPos",0
2.818897,"/drivetrain/rightVelocity",0
2.819017,"/drivetrain/heading",-2.1500000953674316
2.819028,"/drivetrain/headingVelocity",-0.0610351525247097
2.819034,"/drivetrain/xAcceleration",0
2.819041,"/drivetrain/yAcceleration",0
2.819049,"/drivetrain/leftOutputLog",0
2.819055,"/drivetrain/rightOutputLog",0
2.81948,"/intake/pos",0
2.819487,"/intake/output",0
2.820449,"/shooter/rpm",0
2.820552,"/shooter/output",0.1
2.820605,"/shooter/hasBall",true
2.820785,"/shooter/temperature",40
2.821253,"/climber/rightPos",0
2.828212,"/drivetrain/leftPos",0
2.828231,"/drivetrain/leftVelocity",0
2.828256,"/drivetrain/rightPos",0
2.828272,"/drivetrain/rightVelocity",0
2.828302,"/drivetrain/heading",-2.1500000953674316
2.82831,"/drivetrain/headingVelocity",-0.0610351525247097
2.828317,"/drivetrain/xAcceleration",0
2.828322,"/drivetrain/yAcceleration",0
2.82833,"/drivetrain/leftOutputLog",0
2.828336,"/drivetrain/rightOutputLog",0
2.829275,"/intake/pos",0
2.829283,"/intake/output",0
2.829654,"/shooter/rpm",0
2.829684,"/shooter/output",0.1
2.829731,"/shooter/hasBall",true
2.829821,"/shooter/temperature",40
2.83031,"/climber/rightPos",0
2.837866,"/drivetrain/leftPos",0
2.837893,"/drivetrain/leftVelocity",0
2.837914,"/drivetrain/rightPos",0
2.837931,"/drivetrain/rightVelocity",0
2.837958,"/drivetrain/heading",-2.1500000953674316
2.837968,"/drivetrain/headingVelocity",-0.1220703050494194
2.837974,"/drivetrain/xAcceleration",0
2.83798,"/drivetrain/yAcceleration",0
2.837987,"/drivetrain/leftOutputLog",0
2.837993,"/drivetrain/rightOutputLog",0
2.838402,"/intake/pos",0
2.83841,"/intake/output",0
2.838839,"/shooter/rpm",0
2.838866,"/shooter/output",0.1
2.83895,"/shooter/hasBall",true
2.838991,"/shooter/temperature",40
2.839219,"/climber/rightPos",0
2.843009,"/drivetrain/leftPos",0
2.843033,"/drivetrain/leftVelocity",0
2.843051,"/drivetrain/rightPos",0
2.843067,"/drivetrain/rightVelocity",0
2.843093,"/drivetrain/heading",-2.1500000953674316
2.843102,"/drivetrain/headingVelocity",-0.1220703050494194
2.843108,"/drivetrain/xAcceleration",0
2.843114,"/drivetrain/yAcceleration",0
2.843121,"/drivetrain/leftOutputLog",0
2.843127,"/drivetrain/rightOutputLog",0
2.843366,"/intake/pos",0
2.843373,"/intake/output",0
2.843606,"/shooter/rpm",0
2.843672,"/shooter/output",0.1
2.843751,"/shooter/hasBall",true
2.843796,"/shooter/temperature",40
2.843962,"/climber/rightPos",0
2.848166,"/drivetrain/leftPos",0
2.848187,"/drivetrain/leftVelocity",0
2.84821,"/drivetrain/rightPos",0
2.848227,"/drivetrain/rightVelocity",0
2.848254,"/drivetrain/heading",-2.1500000953674316
2.848262,"/drivetrain/headingVelocity",-0.1220703050494194
2.848269,"/drivetrain/xAcceleration",0
2.848274,"/drivetrain/yAcceleration",0
2.848282,"/drivetrain/leftOutputLog",0
2.848287,"/drivetrain/rightOutputLog",0
2.848599,"/intake/pos",0
2.848611,"/intake/output",0
2.848842,"/shooter/rpm",0
2.848905,"/shooter/output",0.1
2.848947,"/shooter/hasBall",true
2.848977,"/shooter/temperature",40
2.849312,"/climber/rightPos",0
2.854593,"/drivetrain/leftPos",0
2.854616,"/drivetrain/leftVelocity",0
2.854638,"/drivetrain/rightPos",0
2.854654,"/drivetrain/rightVelocity",0
2.854688,"/drivetrain/heading",-2.1500000953674316
2.854699,"/drivetrain/headingVelocity",-0.0610351525247097
2.854706,"/drivetrain/xAcceleration",0
2.854712,"/drivetrain/yAcceleration",0
2.85472,"/drivetrain/leftOutputLog",0
2.854725,"/drivetrain/rightOutputLog",0
2.854965,"/intake/pos",0
2.854973,"/intake/output",0
2.855496,"/shooter/rpm",0
2.855518,"/shooter/output",0.1
2.855561,"/shooter/hasBall",true
2.855591,"/shooter/temperature",40
2.855994,"/climber/rightPos",0
2.861424,"/drivetrain/leftPos",0
2.861447,"/drivetrain/leftVelocity",0
2.861464,"/drivetrain/rightPos",0
2.861478,"/drivetrain/rightVelocity",0
2.861507,"/drivetrain/heading",-2.1500000953674316
2.861516,"/drivetrain/headingVelocity",-0.0610351525247097
2.861522,"/drivetrain/xAcceleration",0
2.861528,"/drivetrain/yAcceleration",0
2.861535,"/drivetrain/leftOutputLog",0
2.861541,"/drivetrain/rightOutputLog",0
2.861812,"/intake/pos",0
2.861819,"/intake/output",0
2.862072,"/shooter/rpm",0
2.862094,"/shooter/output",0.1
2.86213,"/shooter/hasBall",true
2.862157,"/shooter/temperature",40
2.862321,"/climber/rightPos",0
2.866381,"/drivetrain/leftPos",0
2.866402,"/drivetrain/leftVelocity",0
2.866422,"/drivetrain/rightPos",0
2.866438,"/drivetrain/rightVelocity",0
2.866463,"/drivetrain/heading",-2.140000104904175
2.866471,"/drivetrain/headingVelocity",-0.1220703050494194
2.866477,"/drivetrain/xAcceleration",0
2.866483,"/drivetrain/yAcceleration",0
2.86649,"/drivetrain/leftOutputLog",0
2.866496,"/drivetrain/rightOutputLog",0
2.866731,"/intake/pos",0
2.866739,"/intake/output",0
2.867014,"/shooter/rpm",0
2.867039,"/shooter/output",0.1
2.867076,"/shooter/hasBall",true
2.867114,"/shooter/temperature",40
2.867402,"/climber/rightPos",0
2.8716,"/drivetrain/leftPos",0
2.8719,"/drivetrain/leftVelocity",0
2.87195,"/drivetrain/rightPos",0
2.871972,"/drivetrain/rightVelocity",0
2.87201,"/drivetrain/heading",-2.140000104904175
2.872019,"/drivetrain/headingVelocity",-0.1220703050494194
2.872026,"/drivetrain/xAcceleration",0
2.872032,"/drivetrain/yAcceleration",0
2.87204,"/drivetrain/leftOutputLog",0
2.872046,"/drivetrain/rightOutputLog",0
2.872645,"/intake/pos",0
2.872654,"/intake/output",0
2.873414,"/shooter/rpm",0
2.873508,"/shooter/output",0.1
2.873556,"/shooter/hasBall",true
2.873665,"/shooter/temperature",40
2.873876,"/climber/rightPos",0
2.877965,"/drivetrain/leftPos",0
2.878077,"/drivetrain/leftVelocity",0
2.878102,"/drivetrain/rightPos",0
2.878118,"/drivetrain/rightVelocity",0
2.878148,"/drivetrain/heading",-2.140000104904175
2.878157,"/drivetrain/headingVelocity",-0.1220703050494194
2.878163,"/drivetrain/xAcceleration",0
2.878169,"/drivetrain/yAcceleration",0
2.878176,"/drivetrain/leftOutputLog",0
2.878181,"/drivetrain/rightOutputLog",0
2.878434,"/intake/pos",0
2.878442,"/intake/output",0
2.87869,"/shooter/rpm",0
2.878715,"/shooter/output",0.1
2.878754,"/shooter/hasBall",true
2.879092,"/shooter/temperature",40
2.879446,"/climber/rightPos",0
2.883337,"/drivetrain/leftPos",0
2.883369,"/drivetrain/leftVelocity",0
2.88339,"/drivetrain/rightPos",0
2.883409,"/drivetrain/rightVelocity",0
2.883441,"/drivetrain/heading",-2.140000104904175
2.883451,"/drivetrain/headingVelocity",-0.1831054538488388
2.883457,"/drivetrain/xAcceleration",0
2.883463,"/drivetrain/yAcceleration",0
2.883472,"/drivetrain/leftOutputLog",0
2.883478,"/drivetrain/rightOutputLog",0
2.88376,"/intake/pos",0
2.883768,"/intake/output",0
2.88402,"/shooter/rpm",0
2.884046,"/shooter/output",0.1
2.88409,"/shooter/hasBall",true
2.884121,"/shooter/temperature",40
2.885076,"/climber/rightPos",0
2.888869,"/drivetrain/leftPos",0
2.888888,"/drivetrain/leftVelocity",0
2.888911,"/drivetrain/rightPos",0
2.888927,"/drivetrain/rightVelocity",0
2.888954,"/drivetrain/heading",-2.140000104904175
2.888962,"/drivetrain/headingVelocity",-0.1831054538488388
2.888968,"/drivetrain/xAcceleration",0
2.888974,"/drivetrain/yAcceleration",0
2.888981,"/drivetrain/leftOutputLog",0
2.888987,"/drivetrain/rightOutputLog",0
2.889198,"/intake/pos",0
2.889205,"/intake/output",0
2.889474,"/shooter/rpm",0
2.889497,"/shooter/output",0.1
2.889533,"/shooter/hasBall",true
2.889573,"/shooter/temperature",40
2.889748,"/climber/rightPos",0
2.895123,"/drivetrain/leftPos",0
2.895147,"/drivetrain/leftVelocity",0
2.895167,"/drivetrain/rightPos",0
2.895184,"/drivetrain/rightVelocity",0
2.895215,"/drivetrain/heading",-2.140000104904175
2.895223,"/drivetrain/headingVelocity",-0.1831054538488388
2.89523,"/drivetrain/xAcceleration",0
2.895235,"/drivetrain/yAcceleration",0
2.895243,"/drivetrain/leftOutputLog",0
2.895249,"/drivetrain/rightOutputLog",0
2.895538,"/intake/pos",0
2.895546,"/intake/output",0
2.895772,"/shooter/rpm",0
2.895872,"/shooter/output",0.1
2.895916,"/shooter/hasBall",true
2.895944,"/shooter/temperature",40
2.896188,"/climber/rightPos",0
2.899572,"/drivetrain/leftPos",0
2.899598,"/drivetrain/leftVelocity",0
2.899617,"/drivetrain/rightPos",0
2.899632,"/drivetrain/rightVelocity",0
2.89966,"/drivetrain/heading",-2.140000104904175
2.899669,"/drivetrain/headingVelocity",-0.1831054538488388
2.899676,"/drivetrain/xAcceleration",0
2.899681,"/drivetrain/yAcceleration",0
2.899688,"/drivetrain/leftOutputLog",0
2.899694,"/drivetrain/rightOutputLog",0
2.899911,"/intake/pos",0
2.899919,"/intake/output",0
2.900133,"/shooter/rpm",0
2.900159,"/shooter/output",0.1
2.900195,"/shooter/hasBall",true
2.900221,"/shooter/temperature",40
2.900844,"/climber/rightPos",0
2.908849,"/drivetrain/leftPos",0
2.908874,"/drivetrain/leftVelocity",0
2.909096,"/drivetrain/rightPos",0
2.909282,"/drivetrain/rightVelocity",0
2.909504,"/drivetrain/heading",-2.140000104904175
2.909522,"/drivetrain/headingVelocity",-0.1831054538488388
2.909529,"/drivetrain/xAcceleration",0
2.909535,"/drivetrain/yAcceleration",0
2.909544,"/drivetrain/leftOutputLog",0
2.90955,"/drivetrain/rightOutputLog",0
2.910199,"/intake/pos",0
2.910207,"/intake/output",0
2.910901,"/shooter/rpm",0
2.910935,"/shooter/output",0.1
2.910982,"/shooter/hasBall",true
2.911019,"/shooter/temperature",40
2.911948,"/climber/rightPos",0
2.916143,"/drivetrain/leftPos",0
2.916167,"/drivetrain/leftVelocity",0
2.916186,"/drivetrain/rightPos",0
2.916211,"/drivetrain/rightVelocity",0
2.916238,"/drivetrain/heading",-2.130000114440918
2.916247,"/drivetrain/headingVelocity",-0.1831054538488388
2.916254,"/drivetrain/xAcceleration",0
2.916259,"/drivetrain/yAcceleration",0
2.916266,"/drivetrain/leftOutputLog",0
2.916272,"/drivetrain/rightOutputLog",0
2.916564,"/intake/pos",0
2.916572,"/intake/output",0
2.916887,"/shooter/rpm",0
2.916912,"/shooter/output",0.1
2.91721,"/shooter/hasBall",true
2.917251,"/shooter/temperature",40
2.917558,"/climber/rightPos",0
2.921267,"/drivetrain/leftPos",0
2.92129,"/drivetrain/leftVelocity",0
2.921309,"/drivetrain/rightPos",0
2.921323,"/drivetrain/rightVelocity",0
2.921352,"/drivetrain/heading",-2.130000114440918
2.92136,"/drivetrain/headingVelocity",-0.1831054538488388
2.921367,"/drivetrain/xAcceleration",0
2.921372,"/drivetrain/yAcceleration",0
2.921379,"/drivetrain/leftOutputLog",0
2.921385,"/drivetrain/rightOutputLog",0
2.921634,"/intake/pos",0
2.921641,"/intake/output",0
2.921829,"/shooter/rpm",0
2.92185,"/shooter/output",0.1
2.921884,"/shooter/hasBall",true
2.921909,"/shooter/temperature",40
2.922127,"/climber/rightPos",0
2.926189,"/drivetrain/leftPos",0
2.926211,"/drivetrain/leftVelocity",0
2.926231,"/drivetrain/rightPos",0
2.926247,"/drivetrain/rightVelocity",0
2.926271,"/drivetrain/heading",-2.130000114440918
2.926279,"/drivetrain/headingVelocity",-0.1220703050494194
2.926285,"/drivetrain/xAcceleration",0
2.926291,"/drivetrain/yAcceleration",0
2.926298,"/drivetrain/leftOutputLog",0
2.926304,"/drivetrain/rightOutputLog",0
2.926583,"/intake/pos",0
2.92659,"/intake/output",0
2.926831,"/shooter/rpm",0
2.926855,"/shooter/output",0.1
2.926893,"/shooter/hasBall",true
2.92692,"/shooter/temperature",40
2.927099,"/climber/rightPos",0
2.932828,"/drivetrain/leftPos",0
2.932861,"/drivetrain/leftVelocity",0
2.932883,"/drivetrain/rightPos",0
2.932995,"/drivetrain/rightVelocity",0
2.933031,"/drivetrain/heading",-2.130000114440918
2.933041,"/drivetrain/headingVelocity",-0.1220703050494194
2.933048,"/drivetrain/xAcceleration",0
2.933053,"/drivetrain/yAcceleration",0
2.933062,"/drivetrain/leftOutputLog",0
2.933068,"/drivetrain/rightOutputLog",0
2.93334,"/intake/pos",0
2.933347,"/intake/output",0
2.933609,"/shooter/rpm",0
2.933675,"/shooter/output",0.1
2.933762,"/shooter/hasBall",true
2.933797,"/shooter/temperature",40
2.934056,"/climber/rightPos",0
2.937883,"/drivetrain/leftPos",0
2.937919,"/drivetrain/leftVelocity",0
2.937942,"/drivetrain/rightPos",0
2.937959,"/drivetrain/rightVelocity",0
2.93799,"/drivetrain/heading",-2.130000114440918
2.938,"/drivetrain/headingVelocity",-0.1220703050494194
2.938006,"/drivetrain/xAcceleration",0
2.938012,"/drivetrain/yAcceleration",0
2.93802,"/drivetrain/leftOutputLog",0
2.938025,"/drivetrain/rightOutputLog",0
2.938414,"/intake/pos",0
2.938422,"/intake/output",0
2.938712,"/shooter/rpm",0
2.938732,"/shooter/output",0.1
2.938768,"/shooter/hasBall",true
2.938796,"/shooter/temperature",40
2.938975,"/climber/rightPos",0
2.942839,"/drivetrain/leftPos",0
2.942863,"/drivetrain/leftVelocity",0
2.942883,"/drivetrain/rightPos",0
2.942901,"/drivetrain/rightVelocity",0
2.942931,"/drivetrain/heading",-2.130000114440918
2.94294,"/drivetrain/headingVelocity",-0.1220703050494194
2.942946,"/drivetrain/xAcceleration",0
2.942952,"/drivetrain/yAcceleration",0
2.94296,"/drivetrain/leftOutputLog",0
2.942966,"/drivetrain/rightOutputLog",0
2.943376,"/intake/pos",0
2.94339,"/intake/output",0
2.943736,"/shooter/rpm",0
2.943763,"/shooter/output",0.1
2.943804,"/shooter/hasBall",true
2.943834,"/shooter/temperature",40
2.944023,"/climber/rightPos",0
2.947481,"/drivetrain/leftPos",0
2.947505,"/drivetrain/leftVelocity",0
2.947527,"/drivetrain/rightPos",0
2.947544,"/drivetrain/rightVelocity",0
2.947575,"/drivetrain/heading",-2.130000114440918
2.947585,"/drivetrain/headingVelocity",-0.1220703050494194
2.947592,"/drivetrain/xAcceleration",0
2.947637,"/drivetrain/yAcceleration",0
2.947649,"/drivetrain/leftOutputLog",0
2.947655,"/drivetrain/rightOutputLog",0
2.948555,"/intake/pos",0
2.948565,"/intake/output",0
2.948865,"/shooter/rpm",0
2.948897,"/shooter/output",0.1
2.948936,"/shooter/hasBall",true
2.948968,"/shooter/temperature",40
2.949239,"/climber/rightPos",0
2.954171,"/drivetrain/leftPos",0
2.954205,"/drivetrain/leftVelocity",0
2.954487,"/drivetrain/rightPos",0
2.95451,"/drivetrain/rightVelocity",0
2.954547,"/drivetrain/heading",-2.130000114440918
2.954556,"/drivetrain/headingVelocity",-0.1220703050494194
2.954563,"/drivetrain/xAcceleration",0
2.95457,"/drivetrain/yAcceleration",0
2.954578,"/drivetrain/leftOutputLog",0
2.954584,"/drivetrain/rightOutputLog",0
2.954893,"/intake/pos",0
2.954901,"/intake/output",0
2.955484,"/shooter/rpm",0
2.955509,"/shooter/output",0.1
2.955551,"/shooter/hasBall",true
2.955579,"/shooter/temperature",40
2.95609,"/climber/rightPos",0
2.961441,"/drivetrain/leftPos",0
2.961466,"/drivetrain/leftVelocity",0
2.961487,"/drivetrain/rightPos",0
2.961502,"/drivetrain/rightVelocity",0
2.961534,"/drivetrain/heading",-2.119999885559082
2.961544,"/drivetrain/headingVelocity",-0.1831054538488388
2.96155,"/drivetrain/xAcceleration",0
2.961556,"/drivetrain/yAcceleration",0
2.961564,"/drivetrain/leftOutputLog",0
2.961569,"/drivetrain/rightOutputLog",0
2.961865,"/intake/pos",0
2.961873,"/intake/output",0
2.96211,"/shooter/rpm",0
2.962136,"/shooter/output",0.1
2.962177,"/shooter/hasBall",true
2.962233,"/shooter/temperature",40
2.962451,"/climber/rightPos",0
2.966464,"/drivetrain/leftPos",0
2.966977,"/drivetrain/leftVelocity",0
2.968691,"/drivetrain/rightPos",0
2.968731,"/drivetrain/rightVelocity",0
2.96878,"/drivetrain/heading",-2.119999885559082
2.96879,"/drivetrain/headingVelocity",-0.1831054538488388
2.968954,"/drivetrain/xAcceleration",0
2.968969,"/drivetrain/yAcceleration",0
2.968981,"/drivetrain/leftOutputLog",0
2.968987,"/drivetrain/rightOutputLog",0
2.969417,"/intake/pos",0
2.969425,"/intake/output",0
2.969677,"/shooter/rpm",0
2.969705,"/shooter/output",0.1
2.969753,"/shooter/hasBall",true
2.969812,"/shooter/temperature",40
2.970027,"/climber/rightPos",0
2.974174,"/drivetrain/leftPos",0
2.974203,"/drivetrain/leftVelocity",0
2.974223,"/drivetrain/rightPos",0
2.974239,"/drivetrain/rightVelocity",0
2.974267,"/drivetrain/heading",-2.119999885559082
2.974275,"/drivetrain/headingVelocity",-0.30517578125
2.974282,"/drivetrain/xAcceleration",0
2.974287,"/drivetrain/yAcceleration",0
2.974295,"/drivetrain/leftOutputLog",0
2.9743,"/drivetrain/rightOutputLog",0
2.974496,"/intake/pos",0
2.974503,"/intake/output",0
2.974728,"/shooter/rpm",0
2.97475,"/shooter/output",0.1
2.974787,"/shooter/hasBall",true
2.974835,"/shooter/temperature",40
2.975074,"/climber/rightPos",0
2.978585,"/drivetrain/leftPos",0
2.978609,"/drivetrain/leftVelocity",0
2.978955,"/drivetrain/rightPos",0
2.978982,"/drivetrain/rightVelocity",0
2.979019,"/drivetrain/heading",-2.119999885559082
2.979028,"/drivetrain/headingVelocity",-0.30517578125
2.979035,"/drivetrain/xAcceleration",0
2.97904,"/drivetrain/yAcceleration",0
2.979048,"/drivetrain/leftOutputLog",0
2.979053,"/drivetrain/rightOutputLog",0
2.979273,"/intake/pos",0
2.97928,"/intake/output",0
2.979624,"/shooter/rpm",0
2.979649,"/shooter/output",0.1
2.979689,"/shooter/hasBall",true
2.979737,"/shooter/temperature",40
2.980005,"/climber/rightPos",0
2.983331,"/drivetrain/leftPos",0
2.983354,"/drivetrain/leftVelocity",0
2.983374,"/drivetrain/rightPos",0
2.98339,"/drivetrain/rightVelocity",0
2.983418,"/drivetrain/heading",-2.119999885559082
2.983427,"/drivetrain/headingVelocity",-0.30517578125
2.983434,"/drivetrain/xAcceleration",0
2.983439,"/drivetrain/yAcceleration",0
2.983447,"/drivetrain/leftOutputLog",0
2.983452,"/drivetrain/rightOutputLog",0
2.983699,"/intake/pos",0
2.983705,"/intake/output",0
2.983956,"/shooter/rpm",0
2.98398,"/shooter/output",0.1
2.984016,"/shooter/hasBall",true
2.984063,"/shooter/temperature",40
2.984286,"/climber/rightPos",0
2.988057,"/drivetrain/leftPos",0
2.988078,"/drivetrain/leftVelocity",0
2.988105,"/drivetrain/rightPos",0
2.988122,"/drivetrain/rightVelocity",0
2.988149,"/drivetrain/heading",-2.109999895095825
2.988157,"/drivetrain/headingVelocity",-0.3662109076976776
2.988163,"/drivetrain/xAcceleration",0
2.98817,"/drivetrain/yAcceleration",0
2.988178,"/drivetrain/leftOutputLog",0
2.988184,"/drivetrain/rightOutputLog",0
2.988496,"/intake/pos",0
2.988503,"/intake/output",0
2.988714,"/shooter/rpm",0
2.988737,"/shooter/output",0.1
2.988819,"/shooter/hasBall",true
2.988868,"/shooter/temperature",40
2.98903,"/climber/rightPos",0
2.996328,"/drivetrain/leftPos",0
2.99635,"/drivetrain/leftVelocity",0
2.996369,"/drivetrain/rightPos",0
2.996384,"/drivetrain/rightVelocity",0
2.996413,"/drivetrain/heading",-2.109999895095825
2.996422,"/drivetrain/headingVelocity",-0.3662109076976776
2.996429,"/drivetrain/xAcceleration",0
2.996435,"/drivetrain/yAcceleration",0
2.996442,"/drivetrain/leftOutputLog",0
2.996448,"/drivetrain/rightOutputLog",0
2.996722,"/intake/pos",0
2.99673,"/intake/output",0
2.997027,"/shooter/rpm",0
2.997051,"/shooter/output",0.1
2.997417,"/shooter/hasBall",true
2.997493,"/shooter/temperature",40
2.997666,"/climber/rightPos",0
3.000978,"/drivetrain/leftPos",0
3.001001,"/drivetrain/leftVelocity",0
3.001019,"/drivetrain/rightPos",0
3.001036,"/drivetrain/rightVelocity",0
3.001061,"/drivetrain/heading",-2.109999895095825
3.00107,"/drivetrain/headingVelocity",-0.3662109076976776
3.001076,"/drivetrain/xAcceleration",0
3.001082,"/drivetrain/yAcceleration",0
3.001089,"/drivetrain/leftOutputLog",0
3.001095,"/drivetrain/rightOutputLog",0
3.001455,"/intake/pos",0
3.001463,"/intake/output",0
3.001706,"/shooter/rpm",0
3.001729,"/shooter/output",0.1
3.001765,"/shooter/hasBall",true
3.001792,"/shooter/temperature",40
3.002066,"/climber/rightPos",0
3.005905,"/drivetrain/leftPos",0
3.005927,"/drivetrain/leftVelocity",0
3.005947,"/drivetrain/rightPos",0
3.005964,"/drivetrain/rightVelocity",0
3.005997,"/drivetrain/heading",-2.109999895095825
3.006006,"/drivetrain/headingVelocity",-0.4882812201976776
3.006013,"/drivetrain/xAcceleration",0
3.006018,"/drivetrain/yAcceleration",0
3.006026,"/drivetrain/leftOutputLog",0
3.006032,"/drivetrain/rightOutputLog",0
3.006235,"/intake/pos",0
3.006243,"/intake/output",0
3.006467,"/shooter/rpm",0
3.006535,"/shooter/output",0.1
3.006575,"/shooter/hasBall",true
3.006601,"/shooter/temperature",40
3.006799,"/climber/rightPos",0
3.010597,"/drivetrain/leftPos",0
3.010631,"/drivetrain/leftVelocity",0
3.010652,"/drivetrain/rightPos",0
3.01067,"/drivetrain/rightVelocity",0
3.010756,"/drivetrain/heading",-2.109999895095825
3.010766,"/drivetrain/headingVelocity",-0.4882812201976776
3.010773,"/drivetrain/xAcceleration",0
3.010778,"/drivetrain/yAcceleration",0
3.010787,"/drivetrain/leftOutputLog",0
3.010793,"/drivetrain/rightOutputLog",0
3.011051,"/intake/pos",0
3.011059,"/intake/output",0
3.011363,"/shooter/rpm",0
3.011391,"/shooter/output",0.1
3.01168,"/shooter/hasBall",true
3.012011,"/shooter/temperature",40
3.01233,"/climber/rightPos",0
3.016975,"/drivetrain/leftPos",0
3.016997,"/drivetrain/leftVelocity",0
3.017015,"/drivetrain/rightPos",0
3.01703,"/drivetrain/rightVelocity",0
3.017058,"/drivetrain/heading",-2.109999895095825
3.017067,"/drivetrain/headingVelocity",-0.4882812201976776
3.017073,"/drivetrain/xAcceleration",0
3.017079,"/drivetrain/yAcceleration",0
3.017086,"/drivetrain/leftOutputLog",0
3.017092,"/drivetrain/rightOutputLog",0
3.017351,"/intake/pos",0
3.017401,"/intake/output",0
3.017761,"/shooter/rpm",0
3.017788,"/shooter/output",0.1
3.01783,"/shooter/hasBall",true
3.01786,"/shooter/temperature",40
3.018435,"/climber/rightPos",0
3.022221,"/drivetrain/leftPos",0
3.022245,"/drivetrain/leftVelocity",0
3.022264,"/drivetrain/rightPos",0
3.022281,"/drivetrain/rightVelocity",0
3.02231,"/drivetrain/heading",-2.0999999046325684
3.02232,"/drivetrain/headingVelocity",-0.3662109076976776
3.022326,"/drivetrain/xAcceleration",0
3.022332,"/drivetrain/yAcceleration",0
3.02234,"/drivetrain/leftOutputLog",0
3.022346,"/drivetrain/rightOutputLog",0
3.022547,"/intake/pos",0
3.022554,"/intake/output",0
3.022824,"/shooter/rpm",0
3.022854,"/shooter/output",0.1
3.022904,"/shooter/hasBall",true
3.023173,"/shooter/temperature",40
3.023419,"/climber/rightPos",0
3.026453,"/drivetrain/leftPos",0
3.026474,"/drivetrain/leftVelocity",0
3.026493,"/drivetrain/rightPos",0
3.026509,"/drivetrain/rightVelocity",0
3.026537,"/drivetrain/heading",-2.0999999046325684
3.026546,"/drivetrain/headingVelocity",-0.3662109076976776
3.026553,"/drivetrain/xAcceleration",0
3.026559,"/drivetrain/yAcceleration",0
3.026566,"/drivetrain/leftOutputLog",0
3.026572,"/drivetrain/rightOutputLog",0
3.026845,"/intake/pos",0
3.026852,"/intake/output",0
3.027067,"/shooter/rpm",0
3.027129,"/shooter/output",0.1
3.027167,"/shooter/hasBall",true
3.027193,"/shooter/temperature",40
3.027403,"/climber/rightPos",0
3.036005,"/drivetrain/leftPos",0
3.03613,"/drivetrain/leftVelocity",0
3.036157,"/drivetrain/rightPos",0
3.036176,"/drivetrain/rightVelocity",0
3.036305,"/drivetrain/heading",-2.0899999141693115
3.036316,"/drivetrain/headingVelocity",-0.4272460639476776
3.036323,"/drivetrain/xAcceleration",0
3.036329,"/drivetrain/yAcceleration",0
3.036337,"/drivetrain/leftOutputLog",0
3.036343,"/drivetrain/rightOutputLog",0
3.036878,"/intake/pos",0
3.036887,"/intake/output",0
3.037342,"/shooter/rpm",0
3.037372,"/shooter/output",0.1
3.037508,"/shooter/hasBall",true
3.037566,"/shooter/temperature",40
3.038032,"/climber/rightPos",0
3.043677,"/drivetrain/leftPos",0
3.0437,"/drivetrain/leftVelocity",0
3.043719,"/drivetrain/rightPos",0
3.043733,"/drivetrain/rightVelocity",0
3.043762,"/drivetrain/heading",-2.0899999141693115
3.04377,"/drivetrain/headingVelocity",-0.4272460639476776
3.043777,"/drivetrain/xAcceleration",0
3.043783,"/drivetrain/yAcceleration",0
3.043791,"/drivetrain/leftOutputLog",0
3.043796,"/drivetrain/rightOutputLog",0
3.044016,"/intake/pos",0
3.044024,"/intake/output",0
3.044238,"/shooter/rpm",0
3.044261,"/shooter/output",0.1
3.044298,"/shooter/hasBall",true
3.044326,"/shooter/temperature",40
3.044492,"/climber/rightPos",0
3.048895,"/drivetrain/leftPos",0
3.048916,"/drivetrain/leftVelocity",0
3.048939,"/drivetrain/rightPos",0
3.048956,"/drivetrain/rightVelocity",0
3.048985,"/drivetrain/heading",-2.0899999141693115
3.048994,"/drivetrain/headingVelocity",-0.2441406100988388
3.049,"/drivetrain/xAcceleration",0
3.049006,"/drivetrain/yAcceleration",0.004000000189989805
3.049014,"/drivetrain/leftOutputLog",0
3.04902,"/drivetrain/rightOutputLog",0
3.049314,"/intake/pos",0
3.049322,"/intake/output",0
3.049597,"/shooter/rpm",0
3.049621,"/shooter/output",0.1
3.049657,"/shooter/hasBall",true
3.049685,"/shooter/temperature",40
3.049856,"/climber/rightPos",0
3.055441,"/drivetrain/leftPos",0
3.055464,"/drivetrain/leftVelocity",0
3.055483,"/drivetrain/rightPos",0
3.0555,"/drivetrain/rightVelocity",0
3.055529,"/drivetrain/heading",-2.0899999141693115
3.055537,"/drivetrain/headingVelocity",-0.2441406100988388
3.055544,"/drivetrain/xAcceleration",0
3.055549,"/drivetrain/yAcceleration",0.004000000189989805
3.055556,"/drivetrain/leftOutputLog",0
3.055562,"/drivetrain/rightOutputLog",0
3.055879,"/intake/pos",0
3.055894,"/intake/output",0
3.056146,"/shooter/rpm",0
3.056172,"/shooter/output",0.1
3.056213,"/shooter/hasBall",true
3.056242,"/shooter/temperature",40
3.056471,"/climber/rightPos",0
3.05977,"/drivetrain/leftPos",0
3.059793,"/drivetrain/leftVelocity",0
3.059812,"/drivetrain/rightPos",0
3.059826,"/drivetrain/rightVelocity",0
3.059853,"/drivetrain/heading",-2.0899999141693115
3.059862,"/drivetrain/headingVelocity",-0.2441406100988388
3.059868,"/drivetrain/xAcceleration",0
3.059874,"/drivetrain/yAcceleration",0.004000000189989805
3.059882,"/drivetrain/leftOutputLog",0
3.059887,"/drivetrain/rightOutputLog",0
3.060132,"/intake/pos",0
3.060139,"/intake/output",0
3.060331,"/shooter/rpm",0
3.060354,"/shooter/output",0.1
3.060387,"/shooter/hasBall",true
3.060425,"/shooter/temperature",40
3.060588,"/climber/rightPos",0
3.063919,"/drivetrain/leftPos",0
3.063943,"/drivetrain/leftVelocity",0
3.063963,"/drivetrain/rightPos",0
3.06398,"/drivetrain/rightVelocity",0
3.064006,"/drivetrain/heading",-2.0799999237060547
3.064014,"/drivetrain/headingVelocity",-0.30517578125
3.064021,"/drivetrain/xAcceleration",0
3.064026,"/drivetrain/yAcceleration",0.003000000026077032
3.064034,"/drivetrain/leftOutputLog",0
3.064039,"/drivetrain/rightOutputLog",0
3.064364,"/intake/pos",0
3.064371,"/intake/output",0
3.064572,"/shooter/rpm",0
3.064596,"/shooter/output",0.1
3.064632,"/shooter/hasBall",true
3.064658,"/shooter/temperature",40
3.064862,"/climber/rightPos",0
3.068034,"/drivetrain/leftPos",0
3.068052,"/drivetrain/leftVelocity",0
3.068076,"/drivetrain/rightPos",0
3.068092,"/drivetrain/rightVelocity",0
3.068118,"/drivetrain/heading",-2.0799999237060547
3.068127,"/drivetrain/headingVelocity",-0.30517578125
3.068132,"/drivetrain/xAcceleration",0
3.068138,"/drivetrain/yAcceleration",0.003000000026077032
3.068145,"/drivetrain/leftOutputLog",0
3.068151,"/drivetrain/rightOutputLog",0
3.068422,"/intake/pos",0
3.068429,"/intake/output",0
3.068658,"/shooter/rpm",0
3.068682,"/shooter/output",0.1
3.068718,"/shooter/hasBall",true
3.068744,"/shooter/temperature",40
3.068975,"/climber/rightPos",0
3.073444,"/drivetrain/leftPos",0
3.073466,"/drivetrain/leftVelocity",0
3.073485,"/drivetrain/rightPos",0
3.073502,"/drivetrain/rightVelocity",0
3.073529,"/drivetrain/heading",-2.0799999237060547
3.073538,"/drivetrain/headingVelocity",-0.30517578125
3.073544,"/drivetrain/xAcceleration",0
3.07355,"/drivetrain/yAcceleration",0.003000000026077032
3.073557,"/drivetrain/leftOutputLog",0
3.073563,"/drivetrain/rightOutputLog",0
3.073832,"/intake/pos",0
3.073839,"/intake/output",0
3.074091,"/shooter/rpm",0
3.074112,"/shooter/output",0.1
3.074149,"/shooter/hasBall",true
3.074174,"/shooter/temperature",40
3.074335,"/climber/rightPos",0
3.078365,"/drivetrain/leftPos",0
3.078388,"/drivetrain/leftVelocity",0
3.078405,"/drivetrain/rightPos",0
3.07842,"/drivetrain/rightVelocity",0
3.078449,"/drivetrain/heading",-2.0799999237060547
3.078458,"/drivetrain/headingVelocity",-0.30517578125
3.078464,"/drivetrain/xAcceleration",0
3.07847,"/drivetrain/yAcceleration",0.003000000026077032
3.078478,"/drivetrain/leftOutputLog",0
3.078483,"/drivetrain/rightOutputLog",0
3.078792,"/intake/pos",0
3.0788,"/intake/output",0
3.079009,"/shooter/rpm",0
3.079028,"/shooter/output",0.1
3.079064,"/shooter/hasBall",true
3.079091,"/shooter/temperature",40
3.079254,"/climber/rightPos",0
3.08317,"/drivetrain/leftPos",0
3.083192,"/drivetrain/leftVelocity",0
3.083212,"/drivetrain/rightPos",0
3.083228,"/drivetrain/rightVelocity",0
3.083255,"/drivetrain/heading",-2.0799999237060547
3.083264,"/drivetrain/headingVelocity",-0.3662109076976776
3.08327,"/drivetrain/xAcceleration",0
3.083276,"/drivetrain/yAcceleration",0
3.083283,"/drivetrain/leftOutputLog",0
3.083289,"/drivetrain/rightOutputLog",0
3.083517,"/intake/pos",0
3.083524,"/intake/output",0
3.083767,"/shooter/rpm",0
3.083792,"/shooter/output",0.1
3.083838,"/shooter/hasBall",true
3.083877,"/shooter/temperature",40
3.084051,"/climber/rightPos",0
3.087428,"/drivetrain/leftPos",0
3.087449,"/drivetrain/leftVelocity",0
3.087468,"/drivetrain/rightPos",0
3.087495,"/drivetrain/rightVelocity",0
3.087524,"/drivetrain/heading",-2.0799999237060547
3.087533,"/drivetrain/headingVelocity",-0.3662109076976776
3.087539,"/drivetrain/xAcceleration",0
3.087545,"/drivetrain/yAcceleration",0
3.087552,"/drivetrain/leftOutputLog",0
3.087558,"/drivetrain/rightOutputLog",0
3.087772,"/intake/pos",0
3.087779,"/intake/output",0
3.087981,"/shooter/rpm",0
3.088005,"/shooter/output",0.1
3.088042,"/shooter/hasBall",true
3.088069,"/shooter/temperature",40
3.088265,"/climber/rightPos",0
3.091455,"/drivetrain/leftPos",0
3.091487,"/drivetrain/leftVelocity",0
3.091507,"/drivetrain/rightPos",0
3.091525,"/drivetrain/rightVelocity",0
3.091562,"/drivetrain/heading",-2.0799999237060547
3.091571,"/drivetrain/headingVelocity",-0.3662109076976776
3.091577,"/drivetrain/xAcceleration",0
3.091583,"/drivetrain/yAcceleration",0
3.091591,"/drivetrain/leftOutputLog",0
3.091597,"/drivetrain/rightOutputLog",0
3.091944,"/intake/pos",0
3.091952,"/intake/output",0
3.092386,"/shooter/rpm",0
3.092412,"/shooter/output",0.1
3.092454,"/shooter/hasBall",true
3.092482,"/shooter/temperature",40
3.092818,"/climber/rightPos",0
3.09616,"/drivetrain/leftPos",0
3.096182,"/drivetrain/leftVelocity",0
3.096201,"/drivetrain/rightPos",0
3.096219,"/drivetrain/rightVelocity",0
3.096247,"/drivetrain/heading",-2.069999933242798
3.096255,"/drivetrain/headingVelocity",-0.4272460639476776
3.096261,"/drivetrain/xAcceleration",0
3.096267,"/drivetrain/yAcceleration",0
3.096274,"/drivetrain/leftOutputLog",0
3.09628,"/drivetrain/rightOutputLog",0
3.09653,"/intake/pos",0
3.096537,"/intake/output",0
3.096803,"/shooter/rpm",0
3.096829,"/shooter/output",0.1
3.096868,"/shooter/hasBall",true
3.096895,"/shooter/temperature",40
3.097068,"/climber/rightPos",0
3.101055,"/drivetrain/leftPos",0
3.101078,"/drivetrain/leftVelocity",0
3.101096,"/drivetrain/rightPos",0
3.101109,"/drivetrain/rightVelocity",0
3.101135,"/drivetrain/heading",-2.069999933242798
3.101144,"/drivetrain/headingVelocity",-0.4272460639476776
3.101151,"/drivetrain/xAcceleration",0
3.101156,"/drivetrain/yAcceleration",0
3.101163,"/drivetrain/leftOutputLog",0
3.101169,"/drivetrain/rightOutputLog",0
3.101371,"/intake/pos",0
3.101378,"/intake/output",0
3.101637,"/shooter/rpm",0
3.101663,"/shooter/output",0.1
3.101704,"/shooter/hasBall",true
3.101732,"/shooter/temperature",40
3.101956,"/climber/rightPos",0
3.105023,"/drivetrain/leftPos",0
3.105045,"/drivetrain/leftVelocity",0
3.105123,"/drivetrain/rightPos",0
3.105152,"/drivetrain/rightVelocity",0
3.105185,"/drivetrain/heading",-2.069999933242798
3.105195,"/drivetrain/headingVelocity",-0.4272460639476776
3.105202,"/drivetrain/xAcceleration",0
3.105207,"/drivetrain/yAcceleration",0
3.105215,"/drivetrain/leftOutputLog",0
3.105221,"/drivetrain/rightOutputLog",0
3.105453,"/intake/pos",0
3.10546,"/intake/output",0
3.105723,"/shooter/rpm",0
3.105748,"/shooter/output",0.1
3.105852,"/shooter/hasBall",true
3.105906,"/shooter/temperature",40
3.106081,"/climber/rightPos",0
3.112055,"/drivetrain/leftPos",0
3.112079,"/drivetrain/leftVelocity",0
3.112111,"/drivetrain/rightPos",0
3.112129,"/drivetrain/rightVelocity",0
3.112165,"/drivetrain/heading",-2.059999942779541
3.112175,"/drivetrain/headingVelocity",-0.4882812201976776
3.112182,"/drivetrain/xAcceleration",0
3.112188,"/drivetrain/yAcceleration",0
3.112197,"/drivetrain/leftOutputLog",0
3.112202,"/drivetrain/rightOutputLog",0
3.112671,"/intake/pos",0
3.112679,"/intake/output",0
3.112893,"/shooter/rpm",0
3.112919,"/shooter/output",0.1
3.112958,"/shooter/hasBall",true
3.112986,"/shooter/temperature",40
3.113214,"/climber/rightPos",0
3.116643,"/drivetrain/leftPos",0
3.116667,"/drivetrain/leftVelocity",0
3.116687,"/drivetrain/rightPos",0
3.116702,"/drivetrain/rightVelocity",0
3.116729,"/drivetrain/heading",-2.059999942779541
3.116737,"/drivetrain/headingVelocity",-0.4882812201976776
3.116743,"/drivetrain/xAcceleration",0
3.116749,"/drivetrain/yAcceleration",0
3.116757,"/drivetrain/leftOutputLog",0
3.116762,"/drivetrain/rightOutputLog",0
3.116975,"/intake/pos",0
3.116982,"/intake/output",0
3.117294,"/shooter/rpm",0
3.117318,"/shooter/output",0.1
3.117356,"/shooter/hasBall",true
3.117384,"/shooter/temperature",40
3.117544,"/climber/rightPos",0
3.121716,"/drivetrain/leftPos",0
3.12174,"/drivetrain/leftVelocity",0
3.121758,"/drivetrain/rightPos",0
3.121776,"/drivetrain/rightVelocity",0
3.121804,"/drivetrain/heading",-2.059999942779541
3.121813,"/drivetrain/headingVelocity",-0.4882812201976776
3.121819,"/drivetrain/xAcceleration",0
3.121824,"/drivetrain/yAcceleration",0
3.121832,"/drivetrain/leftOutputLog",0
3.121837,"/drivetrain/rightOutputLog",0
3.122191,"/intake/pos",0
3.1222,"/intake/output",0
3.122669,"/shooter/rpm",0
3.122696,"/shooter/output",0.1
3.122735,"/shooter/hasBall",true
3.122761,"/shooter/temperature",40
3.122992,"/climber/rightPos",0
3.126723,"/drivetrain/leftPos",0
3.126744,"/drivetrain/leftVelocity",0
3.126764,"/drivetrain/rightPos",0
3.126781,"/drivetrain/rightVelocity",0
3.126809,"/drivetrain/heading",-2.049999952316284
3.126817,"/drivetrain/headingVelocity",-0.54931640625
3.126824,"/drivetrain/xAcceleration",0
3.12683,"/drivetrain/yAcceleration",0
3.126837,"/drivetrain/leftOutputLog",0
3.126843,"/drivetrain/rightOutputLog",0
3.127064,"/intake/pos",0
3.127071,"/intake/output",0
3.127345,"/shooter/rpm",0
3.127368,"/shooter/output",0.1
3.127405,"/shooter/hasBall",true
3.127445,"/shooter/temperature",40
3.127621,"/climber/rightPos",0
3.130857,"/drivetrain/leftPos",0
3.130884,"/drivetrain/leftVelocity",0
3.130903,"/drivetrain/rightPos",0
3.130919,"/drivetrain/rightVelocity",0
3.130946,"/drivetrain/heading",-2.049999952316284
3.130955,"/drivetrain/headingVelocity",-0.54931640625
3.130961,"/drivetrain/xAcceleration",0
3.130966,"/drivetrain/yAcceleration",0
3.130974,"/drivetrain/leftOutputLog",0
3.13098,"/drivetrain/rightOutputLog",0
3.131995,"/intake/pos",0
3.132016,"/intake/output",0
3.132522,"/shooter/rpm",0
3.132545,"/shooter/output",0.1
3.132586,"/shooter/hasBall",true
3.132652,"/shooter/temperature",40
3.132997,"/climber/rightPos",0
3.136196,"/drivetrain/leftPos",0
3.136219,"/drivetrain/leftVelocity",0
3.136239,"/drivetrain/rightPos",0
3.136256,"/drivetrain/rightVelocity",0
3.136282,"/drivetrain/heading",-2.049999952316284
3.136291,"/drivetrain/headingVelocity",-0.54931640625
3.136297,"/drivetrain/xAcceleration",0
3.136303,"/drivetrain/yAcceleration",0
3.137317,"/drivetrain/leftOutputLog",0
3.137339,"/drivetrain/rightOutputLog",0
3.13774,"/intake/pos",0
3.137751,"/intake/output",0
3.13804,"/shooter/rpm",0
3.138067,"/shooter/output",0.1
3.138107,"/shooter/hasBall",true
3.138134,"/shooter/temperature",40
3.138355,"/climber/rightPos",0
3.142493,"/drivetrain/leftPos",0
3.142516,"/drivetrain/leftVelocity",0
3.142533,"/drivetrain/rightPos",0
3.142547,"/drivetrain/rightVelocity",0
3.142573,"/drivetrain/heading",-2.0399999618530273
3.142581,"/drivetrain/headingVelocity",-0.6713866591453552
3.142586,"/drivetrain/xAcceleration",0
3.142591,"/drivetrain/yAcceleration",0
3.142598,"/drivetrain/leftOutputLog",0
3.142603,"/drivetrain/rightOutputLog",0
3.14293,"/intake/pos",0
3.142936,"/intake/output",0
3.143269,"/shooter/rpm",0
3.143292,"/shooter/output",0.1
3.143327,"/shooter/hasBall",true
3.143352,"/shooter/temperature",40
3.143517,"/climber/rightPos",0
3.147625,"/drivetrain/leftPos",0
3.147695,"/drivetrain/leftVelocity",0
3.147722,"/drivetrain/rightPos",0
3.147739,"/drivetrain/rightVelocity",0
3.147774,"/drivetrain/heading",-2.0399999618530273
3.147782,"/drivetrain/headingVelocity",-0.6713866591453552
3.147787,"/drivetrain/xAcceleration",0
3.147792,"/drivetrain/yAcceleration",0
3.147799,"/drivetrain/leftOutputLog",0
3.147804,"/drivetrain/rightOutputLog",0
3.148062,"/intake/pos",0
3.148069,"/intake/output",0
3.148317,"/shooter/rpm",0
3.148346,"/shooter/output",0.1
3.148392,"/shooter/hasBall",true
3.14843,"/shooter/temperature",40
3.148625,"/climber/rightPos",0
3.156653,"/drivetrain/leftPos",0
3.156682,"/drivetrain/leftVelocity",0
3.156733,"/drivetrain/rightPos",0
3.156752,"/drivetrain/rightVelocity",0
3.156781,"/drivetrain/heading",-2.0399999618530273
3.156789,"/drivetrain/headingVelocity",-0.6713866591453552
3.156795,"/drivetrain/xAcceleration",0
3.1568,"/drivetrain/yAcceleration",0
3.156808,"/drivetrain/leftOutputLog",0
3.156813,"/drivetrain/rightOutputLog",0
3.157055,"/intake/pos",0
3.157061,"/intake/output",0
3.157298,"/shooter/rpm",0
3.157319,"/shooter/output",0.1
3.157358,"/shooter/hasBall",true
3.157385,"/shooter/temperature",40
3.1576,"/climber/rightPos",0
3.160907,"/drivetrain/leftPos",0
3.160929,"/drivetrain/leftVelocity",0
3.160946,"/drivetrain/rightPos",0
3.160962,"/drivetrain/rightVelocity",0
3.160989,"/drivetrain/heading",-2.0299999713897705
3.160997,"/drivetrain/headingVelocity",-0.6103515625
3.161003,"/drivetrain/xAcceleration",0
3.161008,"/drivetrain/yAcceleration",0
3.161014,"/drivetrain/leftOutputLog",0
3.161019,"/drivetrain/rightOutputLog",0
3.161232,"/intake/pos",0
3.161238,"/intake/output",0
3.161705,"/shooter/rpm",0
3.16173,"/shooter/output",0.1
3.161767,"/shooter/hasBall",true
3.161794,"/shooter/temperature",40
3.161979,"/climber/rightPos",0
3.165616,"/drivetrain/leftPos",0
3.165635,"/drivetrain/leftVelocity",0
3.165654,"/drivetrain/rightPos",0
3.16567,"/drivetrain/rightVelocity",0
3.165698,"/drivetrain/heading",-2.0299999713897705
3.165705,"/drivetrain/headingVelocity",-0.6103515625
3.165711,"/drivetrain/xAcceleration",0
3.165716,"/drivetrain/yAcceleration",0
3.165723,"/drivetrain/leftOutputLog",0
3.165728,"/drivetrain/rightOutputLog",0
3.166014,"/intake/pos",0
3.166021,"/intake/output",0
3.166329,"/shooter/rpm",0
3.166352,"/shooter/output",0.1
3.166391,"/shooter/hasBall",true
3.166415,"/shooter/temperature",40
3.166587,"/climber/rightPos",0
3.169869,"/drivetrain/leftPos",0
3.169894,"/drivetrain/leftVelocity",0
3.169912,"/drivetrain/rightPos",0
3.169928,"/drivetrain/rightVelocity",0
3.169953,"/drivetrain/heading",-2.0299999713897705
3.169961,"/drivetrain/headingVelocity",-0.6103515625
3.169967,"/drivetrain/xAcceleration",0
3.169972,"/drivetrain/yAcceleration",0
3.169979,"/drivetrain/leftOutputLog",0
3.169984,"/drivetrain/rightOutputLog",0
3.170707,"/intake/pos",0
3.170717,"/intake/output",0
3.171115,"/shooter/rpm",0
3.171143,"/shooter/output",0.1
3.171188,"/shooter/hasBall",true
3.171219,"/shooter/temperature",40
3.171641,"/climber/rightPos",0
3.175444,"/drivetrain/leftPos",0
3.175466,"/drivetrain/leftVelocity",0
3.175484,"/drivetrain/rightPos",0
3.175499,"/drivetrain/rightVelocity",0
3.175525,"/drivetrain/heading",-2.0199999809265137
3.175534,"/drivetrain/headingVelocity",-0.54931640625
3.17554,"/drivetrain/xAcceleration",0
3.175545,"/drivetrain/yAcceleration",0
3.175552,"/drivetrain/leftOutputLog",0
3.175557,"/drivetrain/rightOutputLog",0
3.175772,"/intake/pos",0
3.175779,"/intake/output",0
3.176092,"/shooter/rpm",0
3.176116,"/shooter/output",0.1
3.176154,"/shooter/hasBall",true
3.176181,"/shooter/temperature",40
3.176363,"/climber/rightPos",0
3.179423,"/drivetrain/leftPos",0
3.179445,"/drivetrain/leftVelocity",0
3.179462,"/drivetrain/rightPos",0
3.179475,"/drivetrain/rightVelocity",0
3.179501,"/drivetrain/heading",-2.0199999809265137
3.17951,"/drivetrain/headingVelocity",-0.54931640625
3.179515,"/drivetrain/xAcceleration",0
3.17952,"/drivetrain/yAcceleration",0
3.179577,"/drivetrain/leftOutputLog",0
3.179587,"/drivetrain/rightOutputLog",0
3.179811,"/intake/pos",0
3.179818,"/intake/output",0
3.180024,"/shooter/rpm",0
3.180051,"/shooter/output",0.1
3.180088,"/shooter/hasBall",true
3.180114,"/shooter/temperature",40
3.180307,"/climber/rightPos",0
3.184429,"/drivetrain/leftPos",0
3.184452,"/drivetrain/leftVelocity",0
3.184471,"/drivetrain/rightPos",0
3.184487,"/drivetrain/rightVelocity",0
3.184513,"/drivetrain/heading",-2.0199999809265137
3.184521,"/drivetrain/headingVelocity",-0.54931640625
3.184526,"/drivetrain/xAcceleration",0
3.184531,"/drivetrain/yAcceleration",0
3.184538,"/drivetrain/leftOutputLog",0
3.184543,"/drivetrain/rightOutputLog",0
3.184853,"/intake/pos",0
3.184897,"/intake/output",0
3.185145,"/shooter/rpm",0
3.185164,"/shooter/output",0.1
3.185203,"/shooter/hasBall",true
3.185229,"/shooter/temperature",40
3.185459,"/climber/rightPos",0
3.189007,"/drivetrain/leftPos",0
3.189025,"/drivetrain/leftVelocity",0
3.189048,"/drivetrain/rightPos",0
3.189064,"/drivetrain/rightVelocity",0
3.189089,"/drivetrain/heading",-2.009999990463257
3.189097,"/drivetrain/headingVelocity",-0.4882812201976776
3.189102,"/drivetrain/xAcceleration",0
3.189108,"/drivetrain/yAcceleration",0
3.189114,"/drivetrain/leftOutputLog",0
3.189119,"/drivetrain/rightOutputLog",0
3.189332,"/intake/pos",0
3.189339,"/intake/output",0
3.189531,"/shooter/rpm",0
3.189552,"/shooter/output",0.1
3.189589,"/shooter/hasBall",true
3.189616,"/shooter/temperature",40
3.189793,"/climber/rightPos",0
3.194258,"/drivetrain/leftPos",0
3.194281,"/drivetrain/leftVelocity",0
3.194299,"/drivetrain/rightPos",0
3.194315,"/drivetrain/rightVelocity",0
3.194341,"/drivetrain/heading",-2.009999990463257
3.19435,"/drivetrain/headingVelocity",-0.4882812201976776
3.194356,"/drivetrain/xAcceleration",0
3.194361,"/drivetrain/yAcceleration",0
3.194368,"/drivetrain/leftOutputLog",0
3.194373,"/drivetrain/rightOutputLog",0
3.194589,"/intake/pos",0
3.194595,"/intake/output",0
3.194838,"/shooter/rpm",0
3.194859,"/shooter/output",0.1
3.194895,"/shooter/hasBall",true
3.19492,"/shooter/temperature",40
3.195116,"/climber/rightPos",0
3.198345,"/drivetrain/leftPos",0
3.198366,"/drivetrain/leftVelocity",0
3.198383,"/drivetrain/rightPos",0
3.198396,"/drivetrain/rightVelocity",0
3.198421,"/drivetrain/heading",-2.009999990463257
3.198429,"/drivetrain/headingVelocity",-0.4882812201976776
3.198435,"/drivetrain/xAcceleration",0
3.19844,"/drivetrain/yAcceleration",0
3.198446,"/drivetrain/leftOutputLog",0
3.19845,"/drivetrain/rightOutputLog",0
3.198713,"/intake/pos",0
3.198721,"/intake/output",0
3.199059,"/shooter/rpm",0
3.199083,"/shooter/output",0.1
3.199186,"/shooter/hasBall",true
3.199369,"/shooter/temperature",40
3.19969,"/climber/rightPos",0
3.204336,"/drivetrain/leftPos",0
3.204359,"/drivetrain/leftVelocity",0
3.204375,"/drivetrain/rightPos",0
3.204391,"/drivetrain/rightVelocity",0
3.204418,"/drivetrain/heading",-2.009999990463257
3.204426,"/drivetrain/headingVelocity",-0.4882812201976776
3.204432,"/drivetrain/xAcceleration",0
3.204437,"/drivetrain/yAcceleration",0
3.204445,"/drivetrain/leftOutputLog",0
3.204449,"/drivetrain/rightOutputLog",0
3.204737,"/intake/pos",0
3.204747,"/intake/output",0
3.20498,"/shooter/rpm",0
3.205001,"/shooter/output",0.1
3.205038,"/shooter/hasBall",true
3.205085,"/shooter/temperature",40
3.205321,"/climber/rightPos",0
3.211032,"/drivetrain/leftPos",0
3.21105,"/drivetrain/leftVelocity",0
3.211147,"/drivetrain/rightPos",0
3.211168,"/drivetrain/rightVelocity",0
3.211198,"/drivetrain/heading",-2.009999990463257
3.211207,"/drivetrain/headingVelocity",-0.4882812201976776
3.211213,"/drivetrain/xAcceleration",0
3.211218,"/drivetrain/yAcceleration",0
3.211225,"/drivetrain/leftOutputLog",0
3.21123,"/drivetrain/rightOutputLog",0
3.211465,"/intake/pos",0
3.211472,"/intake/output",0
3.211891,"/shooter/rpm",0
3.211916,"/shooter/output",0.1
3.211954,"/shooter/hasBall",true
3.212055,"/shooter/temperature",40
3.21224,"/climber/rightPos",0
3.218005,"/drivetrain/leftPos",0
3.218036,"/drivetrain/leftVelocity",0
3.218061,"/drivetrain/rightPos",0
3.21808,"/drivetrain/rightVelocity",0
3.218207,"/drivetrain/heading",-2
3.218218,"/drivetrain/headingVelocity",-0.4882812201976776
3.218224,"/drivetrain/xAcceleration",0
3.218229,"/drivetrain/yAcceleration",-0.003000000026077032
3.218238,"/drivetrain/leftOutputLog",0
3.218243,"/drivetrain/rightOutputLog",0
3.218499,"/intake/pos",0
3.218507,"/intake/output",0
3.218721,"/shooter/rpm",0
3.218743,"/shooter/output",0.1
3.218778,"/shooter/hasBall",true
3.218821,"/shooter/temperature",40
3.218989,"/climber/rightPos",0
3.224488,"/drivetrain/leftPos",0
3.224516,"/drivetrain/leftVelocity",0
3.224535,"/drivetrain/rightPos",0
3.224548,"/drivetrain/rightVelocity",0
3.224584,"/drivetrain/heading",-2
3.224592,"/drivetrain/headingVelocity",-0.4882812201976776
3.224598,"/drivetrain/xAcceleration",0
3.224603,"/drivetrain/yAcceleration",-0.003000000026077032
3.22461,"/drivetrain/leftOutputLog",0
3.224615,"/drivetrain/rightOutputLog",0
3.224817,"/intake/pos",0
3.224823,"/intake/output",0
3.225056,"/shooter/rpm",0
3.225078,"/shooter/output",0.1
3.225115,"/shooter/hasBall",true
3.225164,"/shooter/temperature",40
3.225404,"/climber/rightPos",0
3.228477,"/drivetrain/leftPos",0
3.228495,"/drivetrain/leftVelocity",0
3.22852,"/drivetrain/rightPos",0
3.228547,"/drivetrain/rightVelocity",0
3.228574,"/drivetrain/heading",-2
3.228582,"/drivetrain/headingVelocity",-0.4882812201976776
3.228588,"/drivetrain/xAcceleration",0
3.228592,"/drivetrain/yAcceleration",-0.003000000026077032
3.228599,"/drivetrain/leftOutputLog",0
3.228604,"/drivetrain/rightOutputLog",0
3.228823,"/intake/pos",0
3.22883,"/intake/output",0
3.229026,"/shooter/rpm",0
3.229047,"/shooter/output",0.1
3.229083,"/shooter/hasBall",true
3.229124,"/shooter/temperature",40
3.229292,"/climber/rightPos",0
3.234603,"/drivetrain/leftPos",0
3.234625,"/drivetrain/leftVelocity",0
3.234644,"/drivetrain/rightPos",0
3.234659,"/drivetrain/rightVelocity",0
3.234686,"/drivetrain/heading",-1.9900000095367432
3.234694,"/drivetrain/headingVelocity",-0.4882812201976776
3.234699,"/drivetrain/xAcceleration",0
3.234704,"/drivetrain/yAcceleration",0
3.234711,"/drivetrain/leftOutputLog",0
3.234716,"/drivetrain/rightOutputLog",0
3.234948,"/intake/pos",0
3.234954,"/intake/output",0
3.235201,"/shooter/rpm",0
3.235224,"/shooter/output",0.1
3.235263,"/shooter/hasBall",true
3.235291,"/shooter/temperature",40
3.235501,"/climber/rightPos",0
3.238538,"/drivetrain/leftPos",0
3.238565,"/drivetrain/leftVelocity",0
3.238583,"/drivetrain/rightPos",0
3.238597,"/drivetrain/rightVelocity",0
3.238625,"/drivetrain/heading",-1.9900000095367432
3.238634,"/drivetrain/headingVelocity",-0.4882812201976776
3.238639,"/drivetrain/xAcceleration",0
3.238644,"/drivetrain/yAcceleration",0
3.238651,"/drivetrain/leftOutputLog",0
3.238656,"/drivetrain/rightOutputLog",0
3.238948,"/intake/pos",0
3.238956,"/intake/output",0
3.239197,"/shooter/rpm",0
3.239218,"/shooter/output",0.1
3.239254,"/shooter/hasBall",true
3.23928,"/shooter/temperature",40
3.239437,"/climber/rightPos",0
3.242502,"/drivetrain/leftPos",0
3.242526,"/drivetrain/leftVelocity",0
3.242544,"/drivetrain/rightPos",0
3.24256,"/drivetrain/rightVelocity",0
3.242594,"/drivetrain/heading",-1.9900000095367432
3.242602,"/drivetrain/headingVelocity",-0.4882812201976776
3.242609,"/drivetrain/xAcceleration",0
3.242614,"/drivetrain/yAcceleration",0
3.242766,"/drivetrain/leftOutputLog",0
3.242776,"/drivetrain/rightOutputLog",0
3.243006,"/intake/pos",0
3.243012,"/intake/output",0
3.243251,"/shooter/rpm",0
3.243276,"/shooter/output",0.1
3.243314,"/shooter/hasBall",true
3.24334,"/shooter/temperature",40
3.243543,"/climber/rightPos",0
3.247199,"/drivetrain/leftPos",0
3.247219,"/drivetrain/leftVelocity",0
3.247238,"/drivetrain/rightPos",0
3.247254,"/drivetrain/rightVelocity",0
3.24728,"/drivetrain/heading",-1.9900000095367432
3.247288,"/drivetrain/headingVelocity",-0.4882812201976776
3.247293,"/drivetrain/xAcceleration",0
3.247298,"/drivetrain/yAcceleration",0
3.247305,"/drivetrain/leftOutputLog",0
3.24731,"/drivetrain/rightOutputLog",0
3.247524,"/intake/pos",0
3.24753,"/intake/output",0
3.247767,"/shooter/rpm",0
3.247789,"/shooter/output",0.1
3.247823,"/shooter/hasBall",true
3.24785,"/shooter/temperature",40
3.248086,"/climber/rightPos",0
3.252139,"/drivetrain/leftPos",0
3.252165,"/drivetrain/leftVelocity",0
3.252183,"/drivetrain/rightPos",0
3.252198,"/drivetrain/rightVelocity",0
3.252224,"/drivetrain/heading",-1.9900000095367432
3.252232,"/drivetrain/headingVelocity",-0.4882812201976776
3.252238,"/drivetrain/xAcceleration",0
3.252243,"/drivetrain/yAcceleration",0
3.25225,"/drivetrain/leftOutputLog",0
3.252255,"/drivetrain/rightOutputLog",0
3.252493,"/intake/pos",0
3.252557,"/intake/output",0
3.252739,"/shooter/rpm",0
3.252762,"/shooter/output",0.1
3.2528,"/shooter/hasBall",true
3.252845,"/shooter/temperature",40
3.253014,"/climber/rightPos",0
3.256797,"/drivetrain/leftPos",0
3.25682,"/drivetrain/leftVelocity",0
3.256844,"/drivetrain/rightPos",0
3.256862,"/drivetrain/rightVelocity",0
3.256898,"/drivetrain/heading",-1.9900000095367432
3.256908,"/drivetrain/headingVelocity",-0.4882812201976776
3.256915,"/drivetrain/xAcceleration",0
3.25692,"/drivetrain/yAcceleration",0
3.256928,"/drivetrain/leftOutputLog",0
3.256934,"/drivetrain/rightOutputLog",0
3.257229,"/intake/pos",0
3.257235,"/intake/output",0
3.257449,"/shooter/rpm",0
3.257474,"/shooter/output",0.1
3.257512,"/shooter/hasBall",true
3.257537,"/shooter/temperature",40
3.257759,"/climber/rightPos",0
3.261754,"/drivetrain/leftPos",0
3.261777,"/drivetrain/leftVelocity",0
3.261794,"/drivetrain/rightPos",0
3.261808,"/drivetrain/rightVelocity",0
3.261835,"/drivetrain/heading",-1.9900000095367432
3.261843,"/drivetrain/headingVelocity",-0.4882812201976776
3.261849,"/drivetrain/xAcceleration",0
3.261854,"/drivetrain/yAcceleration",0
3.261861,"/drivetrain/leftOutputLog",0
3.261866,"/drivetrain/rightOutputLog",0
3.262197,"/intake/pos",0
3.262204,"/intake/output",0
3.262424,"/shooter/rpm",0
3.262446,"/shooter/output",0.1
3.262483,"/shooter/hasBall",true
3.262511,"/shooter/temperature",40
3.262684,"/climber/rightPos",0
3.266164,"/drivetrain/leftPos",0
3.266185,"/drivetrain/leftVelocity",0
3.266204,"/drivetrain/rightPos",0
3.26622,"/drivetrain/rightVelocity",0
3.266248,"/drivetrain/heading",-1.9900000095367432
3.266255,"/drivetrain/headingVelocity",-0.4882812201976776
3.266261,"/drivetrain/xAcceleration",0
3.266266,"/drivetrain/yAcceleration",0
3.266272,"/drivetrain/leftOutputLog",0
3.266277,"/drivetrain/rightOutputLog",0
3.266498,"/intake/pos",0
3.266505,"/intake/output",0
3.266738,"/shooter/rpm",0
3.266758,"/shooter/output",0.1
3.266794,"/shooter/hasBall",true
3.266819,"/shooter/temperature",40
3.266976,"/climber/rightPos",0
3.269908,"/drivetrain/leftPos",0
3.26994,"/drivetrain/leftVelocity",0
3.269959,"/drivetrain/rightPos",0
3.269976,"/drivetrain/rightVelocity",0
3.270009,"/drivetrain/heading",-1.9900000095367432
3.270018,"/drivetrain/headingVelocity",-0.4882812201976776
3.270025,"/drivetrain/xAcceleration",0
3.27003,"/drivetrain/yAcceleration",0
3.270038,"/drivetrain/leftOutputLog",0
3.270043,"/drivetrain/rightOutputLog",0
3.271022,"/intake/pos",0
3.271033,"/intake/output",0
3.271289,"/shooter/rpm",0
3.271314,"/shooter/output",0.1
3.271354,"/shooter/hasBall",true
3.271381,"/shooter/temperature",40
3.271624,"/climber/rightPos",0
3.275489,"/drivetrain/leftPos",0
3.275509,"/drivetrain/leftVelocity",0
3.275526,"/drivetrain/rightPos",0
3.275541,"/drivetrain/rightVelocity",0
3.275566,"/drivetrain/heading",-1.9900000095367432
3.275574,"/drivetrain/headingVelocity",-0.4882812201976776
3.27558,"/drivetrain/xAcceleration",0
3.275585,"/drivetrain/yAcceleration",0
3.275592,"/drivetrain/leftOutputLog",0
3.275597,"/drivetrain/rightOutputLog",0
3.276116,"/intake/pos",0
3.276125,"/intake/output",0
3.276456,"/shooter/rpm",0
3.276526,"/shooter/output",0.1
3.276566,"/shooter/hasBall",true
3.276607,"/shooter/temperature",40
3.276782,"/climber/rightPos",0
3.279703,"/drivetrain/leftPos",0
3.279723,"/drivetrain/leftVelocity",0
3.279741,"/drivetrain/rightPos",0
3.279754,"/drivetrain/rightVelocity",0
3.279779,"/drivetrain/heading",-1.9900000095367432
3.279787,"/drivetrain/headingVelocity",-0.4882812201976776
3.279792,"/drivetrain/xAcceleration",0
3.279797,"/drivetrain/yAcceleration",0
3.279804,"/drivetrain/leftOutputLog",0
3.279808,"/drivetrain/rightOutputLog",0
3.280149,"/intake/pos",0
3.280156,"/intake/output",0
3.280351,"/shooter/rpm",0
3.280371,"/shooter/output",0.1
3.280406,"/shooter/hasBall",true
3.280431,"/shooter/temperature",40
3.280587,"/climber/rightPos",0
3.283704,"/drivetrain/leftPos",0
3.283725,"/drivetrain/leftVelocity",0
3.283745,"/drivetrain/rightPos",0
3.28376,"/drivetrain/rightVelocity",0
3.283785,"/drivetrain/heading",-1.9900000095367432
3.283793,"/drivetrain/headingVelocity",-0.4882812201976776
3.283799,"/drivetrain/xAcceleration",0
3.283804,"/drivetrain/yAcceleration",0
3.28381,"/drivetrain/leftOutputLog",0
3.283815,"/drivetrain/rightOutputLog",0
3.284072,"/intake/pos",0
3.284078,"/intake/output",0
3.284339,"/shooter/rpm",0
3.284419,"/shooter/output",0.1
3.28446,"/shooter/hasBall",true
3.284488,"/shooter/temperature",40
3.284645,"/climber/rightPos",0
3.288035,"/drivetrain/leftPos",0
3.288053,"/drivetrain/leftVelocity",0
3.288075,"/drivetrain/rightPos",0
3.288091,"/drivetrain/rightVelocity",0
3.288117,"/drivetrain/heading",-1.9900000095367432
3.288124,"/drivetrain/headingVelocity",-0.4882812201976776
3.28813,"/drivetrain/xAcceleration",0
3.288135,"/drivetrain/yAcceleration",0
3.288141,"/drivetrain/leftOutputLog",0
3.288146,"/drivetrain/rightOutputLog",0
3.288342,"/intake/pos",0
3.288349,"/intake/output",0
3.288561,"/shooter/rpm",0
3.288623,"/shooter/output",0.1
3.288662,"/shooter/hasBall",true
3.288688,"/shooter/temperature",40
3.289217,"/climber/rightPos",0
3.293735,"/drivetrain/leftPos",0
3.293756,"/drivetrain/leftVelocity",0
3.293773,"/drivetrain/rightPos",0
3.293788,"/drivetrain/rightVelocity",0
3.293814,"/drivetrain/heading",-1.9900000095367432
3.293822,"/drivetrain/headingVelocity",-0.4882812201976776
3.293828,"/drivetrain/xAcceleration",0
3.293833,"/drivetrain/yAcceleration",0
3.29384,"/drivetrain/leftOutputLog",0
3.293845,"/drivetrain/rightOutputLog",0
3.294052,"/intake/pos",0
3.294058,"/intake/output",0
3.294296,"/shooter/rpm",0
3.294316,"/shooter/output",0.1
3.294353,"/shooter/hasBall",true
3.294379,"/shooter/temperature",40
3.294551,"/climber/rightPos",0
3.300321,"/drivetrain/leftPos",0
3.300344,"/drivetrain/leftVelocity",0
3.300361,"/drivetrain/rightPos",0
3.300374,"/drivetrain/rightVelocity",0
3.300402,"/drivetrain/heading",-1.9900000095367432
3.300411,"/drivetrain/headingVelocity",-0.4882812201976776
3.300417,"/drivetrain/xAcceleration",0
3.300422,"/drivetrain/yAcceleration",0
3.300429,"/drivetrain/leftOutputLog",0
3.300434,"/drivetrain/rightOutputLog",0
3.300697,"/intake/pos",0
3.300704,"/intake/output",0
3.300948,"/shooter/rpm",0
3.30097,"/shooter/output",0.1
3.301007,"/shooter/hasBall",true
3.301049,"/shooter/temperature",40
3.301244,"/climber/rightPos",0
3.304172,"/drivetrain/leftPos",0
3.304193,"/drivetrain/leftVelocity",0
3.30421,"/drivetrain/rightPos",0
3.304225,"/drivetrain/rightVelocity",0
3.304249,"/drivetrain/heading",-1.9900000095367432
3.304257,"/drivetrain/headingVelocity",-0.4882812201976776
3.304263,"/drivetrain/xAcceleration",0
3.304268,"/drivetrain/yAcceleration",0
3.304274,"/drivetrain/leftOutputLog",0
3.304407,"/drivetrain/rightOutputLog",0
3.304741,"/intake/pos",0
3.304747,"/intake/output",0
3.30528,"/shooter/rpm",0
3.305298,"/shooter/output",0.1
3.30534,"/shooter/hasBall",true
3.305368,"/shooter/temperature",40
3.305602,"/climber/rightPos",0
3.309097,"/drivetrain/leftPos",0
3.309116,"/drivetrain/leftVelocity",0
3.309139,"/drivetrain/rightPos",0
3.309156,"/drivetrain/rightVelocity",0
3.30918,"/drivetrain/heading",-1.940000057220459
3.309188,"/drivetrain/headingVelocity",-0.54931640625
3.309194,"/drivetrain/xAcceleration",0
3.309199,"/drivetrain/yAcceleration",0
3.309206,"/drivetrain/leftOutputLog",0
3.309211,"/drivetrain/rightOutputLog",0
3.309415,"/intake/pos",0
3.309422,"/intake/output",0
3.309814,"/shooter/rpm",0
3.309948,"/shooter/output",0.1
3.310002,"/shooter/hasBall",true
3.310118,"/shooter/temperature",40
3.310386,"/climber/rightPos",0
3.314594,"/drivetrain/leftPos",0
3.314615,"/drivetrain/leftVelocity",0
3.314632,"/drivetrain/rightPos",0
3.314647,"/drivetrain/rightVelocity",0
3.314674,"/drivetrain/heading",-1.940000057220459
3.314682,"/drivetrain/headingVelocity",-0.54931640625
3.314687,"/drivetrain/xAcceleration",0
3.314692,"/drivetrain/yAcceleration",0
3.314699,"/drivetrain/leftOutputLog",0
3.314704,"/drivetrain/rightOutputLog",0
3.314953,"/intake/pos",0
3.314959,"/intake/output",0
3.315145,"/shooter/rpm",0
3.315166,"/shooter/output",0.1
3.315203,"/shooter/hasBall",true
3.315231,"/shooter/temperature",40
3.315408,"/climber/rightPos",0
3.329511,"/drivetrain/leftPos",0
3.32953,"/drivetrain/leftVelocity",0
3.329547,"/drivetrain/rightPos",0
3.329561,"/drivetrain/rightVelocity",0
3.329587,"/drivetrain/heading",-1.940000057220459
3.329595,"/drivetrain/headingVelocity",-0.54931640625
3.329601,"/drivetrain/xAcceleration",0
3.329606,"/drivetrain/yAcceleration",0.004000000189989805
3.329614,"/drivetrain/leftOutputLog",0
3.329619,"/drivetrain/rightOutputLog",0
3.329936,"/intake/pos",0
3.329944,"/intake/output",0
3.330231,"/shooter/rpm",0
3.33026,"/shooter/output",0.1
3.330302,"/shooter/hasBall",true
3.330343,"/shooter/temperature",40
3.331047,"/climber/rightPos",0
3.349457,"/drivetrain/leftPos",0
3.349475,"/drivetrain/leftVelocity",0
3.34949,"/drivetrain/rightPos",0
3.349503,"/drivetrain/rightVelocity",0
3.349526,"/drivetrain/heading",-1.9299999475479126
3.349534,"/drivetrain/headingVelocity",-0.30517578125
3.34954,"/drivetrain/xAcceleration",0
3.349545,"/drivetrain/yAcceleration",0.004000000189989805
3.349552,"/drivetrain/leftOutputLog",0
3.349557,"/drivetrain/rightOutputLog",0
3.349833,"/intake/pos",0
3.349841,"/intake/output",0
3.350126,"/shooter/rpm",0
3.350143,"/shooter/output",0.1
3.350184,"/shooter/hasBall",true
3.350222,"/shooter/temperature",40
3.350924,"/climber/rightPos",0
3.369422,"/drivetrain/leftPos",0
3.369439,"/drivetrain/leftVelocity",0
3.369454,"/drivetrain/rightPos",0
3.369467,"/drivetrain/rightVelocity",0
3.369491,"/drivetrain/heading",-1.9199999570846558
3.369499,"/drivetrain/headingVelocity",-0.30517578125
3.369505,"/drivetrain/xAcceleration",0
3.36951,"/drivetrain/yAcceleration",0
3.369516,"/drivetrain/leftOutputLog",0
3.369521,"/drivetrain/rightOutputLog",0
3.369738,"/intake/pos",0
3.369745,"/intake/output",0
3.370287,"/shooter/rpm",0
3.370316,"/shooter/output",0.1
3.370367,"/shooter/hasBall",true
3.370411,"/shooter/temperature",40
3.371084,"/climber/rightPos",0
3.389425,"/drivetrain/leftPos",0
3.389444,"/drivetrain/leftVelocity",0
3.38946,"/drivetrain/rightPos",0
3.389472,"/drivetrain/rightVelocity",0
3.389497,"/drivetrain/heading",-1.909999966621399
3.389505,"/drivetrain/headingVelocity",-0.30517578125
3.38951,"/drivetrain/xAcceleration",-0.003000000026077032
3.389515,"/drivetrain/yAcceleration",0.004000000189989805
3.389522,"/drivetrain/leftOutputLog",0
3.389527,"/drivetrain/rightOutputLog",0
3.389735,"/intake/pos",0
3.389741,"/intake/output",0
3.389989,"/shooter/rpm",0
3.390018,"/shooter/output",0.1
3.390936,"/shooter/hasBall",true
3.391004,"/shooter/temperature",40
3.391459,"/climber/rightPos",0
3.409476,"/drivetrain/leftPos",0
3.409496,"/drivetrain/leftVelocity",0
3.409512,"/drivetrain/rightPos",0
3.409525,"/drivetrain/rightVelocity",0
3.409551,"/drivetrain/heading",-1.909999966621399
3.409559,"/drivetrain/headingVelocity",-0.1831054538488388
3.409565,"/drivetrain/xAcceleration",0.004999999888241291
3.40957,"/drivetrain/yAcceleration",0
3.409577,"/drivetrain/leftOutputLog",0
3.409582,"/drivetrain/rightOutputLog",0
3.409977,"/intake/pos",0
3.409985,"/intake/output",0
3.41032,"/shooter/rpm",0
3.410349,"/shooter/output",0.1
3.410394,"/shooter/hasBall",true
3.410422,"/shooter/temperature",40
3.411503,"/climber/rightPos",0
3.429637,"/drivetrain/leftPos",0
3.429656,"/drivetrain/leftVelocity",0
3.429673,"/drivetrain/rightPos",0
3.429686,"/drivetrain/rightVelocity",0
3.429711,"/drivetrain/heading",-1.909999966621399
3.429719,"/drivetrain/headingVelocity",-0.0610351525247097
3.429725,"/drivetrain/xAcceleration",0.003000000026077032
3.429729,"/drivetrain/yAcceleration",-0.003000000026077032
3.429737,"/drivetrain/leftOutputLog",0
3.429742,"/drivetrain/rightOutputLog",0
3.430119,"/intake/pos",0
3.430126,"/intake/output",0
3.430782,"/shooter/rpm",0
3.431001,"/shooter/output",0.1
3.431055,"/shooter/hasBall",true
3.431084,"/shooter/temperature",40
3.431561,"/climber/rightPos",0
3.449484,"/drivetrain/leftPos",0
3.44959,"/drivetrain/leftVelocity",0
3.449613,"/drivetrain/rightPos",0
3.449626,"/drivetrain/rightVelocity",0
3.449662,"/drivetrain/heading",-1.909999966621399
3.449671,"/drivetrain/headingVelocity",-0.1220703050494194
3.449677,"/drivetrain/xAcceleration",0
3.449682,"/drivetrain/yAcceleration",-0.006000000052154064
3.449689,"/drivetrain/leftOutputLog",0
3.449693,"/drivetrain/rightOutputLog",0
3.449978,"/intake/pos",0
3.449986,"/intake/output",0
3.450221,"/shooter/rpm",0
3.450284,"/shooter/output",0.1
3.450329,"/shooter/hasBall",true
3.450369,"/shooter/temperature",40
3.450746,"/climber/rightPos",0
3.469973,"/drivetrain/leftPos",0
3.469992,"/drivetrain/leftVelocity",0
3.47009,"/drivetrain/rightPos",0
3.470105,"/drivetrain/rightVelocity",0
3.470135,"/drivetrain/heading",-1.899999976158142
3.470144,"/drivetrain/headingVelocity",-0.2441406100988388
3.470149,"/drivetrain/xAcceleration",0.006000000052154064
3.470155,"/drivetrain/yAcceleration",0
3.470162,"/drivetrain/leftOutputLog",0
3.470167,"/drivetrain/rightOutputLog",0
3.470367,"/intake/pos",0
3.470374,"/intake/output",0
3.470878,"/shooter/rpm",0
3.470903,"/shooter/output",0.1
3.470949,"/shooter/hasBall",true
3.471043,"/shooter/temperature",40
3.471298,"/climber/rightPos",0
3.489424,"/drivetrain/leftPos",0
3.489442,"/drivetrain/leftVelocity",0
3.489459,"/drivetrain/rightPos",0
3.489472,"/drivetrain/rightVelocity",0
3.489498,"/drivetrain/heading",-1.8899999856948853
3.489506,"/drivetrain/headingVelocity",-0.1220703050494194
3.489512,"/drivetrain/xAcceleration",-0.00800000037997961
3.489517,"/drivetrain/yAcceleration",0.004999999888241291
3.489523,"/drivetrain/leftOutputLog",0
3.489529,"/drivetrain/rightOutputLog",0
3.489921,"/intake/pos",0
3.489928,"/intake/output",0
3.491244,"/shooter/rpm",0
3.491453,"/shooter/output",0.1
3.491518,"/shooter/hasBall",true
3.491572,"/shooter/temperature",40
3.491783,"/climber/rightPos",0
3.509511,"/drivetrain/leftPos",0
3.509529,"/drivetrain/leftVelocity",0
3.509545,"/drivetrain/rightPos",0
3.509558,"/drivetrain/rightVelocity",0
3.509585,"/drivetrain/heading",-1.8899999856948853
3.509592,"/drivetrain/headingVelocity",0
3.509598,"/drivetrain/xAcceleration",0
3.509603,"/drivetrain/yAcceleration",0
3.50961,"/drivetrain/leftOutputLog",0
3.509614,"/drivetrain/rightOutputLog",0
3.509981,"/intake/pos",0
3.509988,"/intake/output",0
3.510281,"/shooter/rpm",0
3.510312,"/shooter/output",0.1
3.510358,"/shooter/hasBall",true
3.510668,"/shooter/temperature",40
3.511242,"/climber/rightPos",0
3.530394,"/drivetrain/leftPos",0
3.530414,"/drivetrain/leftVelocity",0
3.530431,"/drivetrain/rightPos",0
3.530444,"/drivetrain/rightVelocity",0
3.530475,"/drivetrain/heading",-1.8899999856948853
3.530483,"/drivetrain/headingVelocity",0.1831054538488388
3.530489,"/drivetrain/xAcceleration",0
3.530494,"/drivetrain/yAcceleration",0
3.530501,"/drivetrain/leftOutputLog",0
3.530506,"/drivetrain/rightOutputLog",0
3.530961,"/intake/pos",0
3.530971,"/intake/output",0
3.531361,"/shooter/rpm",0
3.531383,"/shooter/output",0.1
3.531423,"/shooter/hasBall",true
3.531595,"/shooter/temperature",40
3.532051,"/climber/rightPos",0
3.549696,"/drivetrain/leftPos",0
3.549713,"/drivetrain/leftVelocity",0
3.54973,"/drivetrain/rightPos",0
3.549742,"/drivetrain/rightVelocity",0
3.549768,"/drivetrain/heading",-1.909999966621399
3.549777,"/drivetrain/headingVelocity",0.4882812201976776
3.549783,"/drivetrain/xAcceleration",0
3.549788,"/drivetrain/yAcceleration",0
3.549795,"/drivetrain/leftOutputLog",0
3.5498,"/drivetrain/rightOutputLog",0
3.550072,"/intake/pos",0
3.550079,"/intake/output",0
3.550278,"/shooter/rpm",0
3.5503,"/shooter/output",0.1
3.550336,"/shooter/hasBall",true
3.550379,"/shooter/temperature",40
3.55054,"/climber/rightPos",0
3.569459,"/drivetrain/leftPos",0
3.569479,"/drivetrain/leftVelocity",0
3.569495,"/drivetrain/rightPos",0
3.569508,"/drivetrain/rightVelocity",0
3.569535,"/drivetrain/heading",-1.9199999570846558
3.569543,"/drivetrain/headingVelocity",0.54931640625
3.569548,"/drivetrain/xAcceleration",0
3.569554,"/drivetrain/yAcceleration",0
3.56956,"/drivetrain/leftOutputLog",0
3.569565,"/drivetrain/rightOutputLog",0
3.570382,"/intake/pos",0
3.570391,"/intake/output",0
3.570817,"/shooter/rpm",0
3.570851,"/shooter/output",0.1
3.570896,"/shooter/hasBall",true
3.57094,"/shooter/temperature",40
3.571424,"/climber/rightPos",0
3.589923,"/drivetrain/leftPos",0
3.589945,"/drivetrain/leftVelocity",0
3.589961,"/drivetrain/rightPos",0
3.589974,"/drivetrain/rightVelocity",0
3.590013,"/drivetrain/heading",-1.9299999475479126
3.590022,"/drivetrain/headingVelocity",0.6713866591453552
3.590028,"/drivetrain/xAcceleration",0
3.590033,"/drivetrain/yAcceleration",0
3.59004,"/drivetrain/leftOutputLog",0
3.590045,"/drivetrain/rightOutputLog",0
3.590405,"/intake/pos",0
3.590411,"/intake/output",0
3.591146,"/shooter/rpm",0
3.591168,"/shooter/output",0.1
3.591219,"/shooter/hasBall",true
3.591263,"/shooter/temperature",40
3.591459,"/climber/rightPos",0
3.609419,"/drivetrain/leftPos",0
3.609438,"/drivetrain/leftVelocity",0
3.609454,"/drivetrain/rightPos",0
3.609467,"/drivetrain/rightVelocity",0
3.60949,"/drivetrain/heading",-1.9500000476837158
3.609499,"/drivetrain/headingVelocity",0.9155272841453552
3.609504,"/drivetrain/xAcceleration",0
3.609509,"/drivetrain/yAcceleration",0
3.609516,"/drivetrain/leftOutputLog",0
3.609521,"/drivetrain/rightOutputLog",0
3.609717,"/intake/pos",0
3.609723,"/intake/output",0
3.609933,"/shooter/rpm",0
3.609998,"/shooter/output",0.1
3.610037,"/shooter/hasBall",true
3.610065,"/shooter/temperature",40
3.610364,"/climber/rightPos",0
3.629518,"/drivetrain/leftPos",0
3.629536,"/drivetrain/leftVelocity",0
3.629553,"/drivetrain/rightPos",0
3.629566,"/drivetrain/rightVelocity",0
3.629591,"/drivetrain/heading",-1.9700000286102295
3.629598,"/drivetrain/headingVelocity",0.9765624403953552
3.629604,"/drivetrain/xAcceleration",0
3.629609,"/drivetrain/yAcceleration",0
3.629616,"/drivetrain/leftOutputLog",0
3.629621,"/drivetrain/rightOutputLog",0
3.629841,"/intake/pos",0
3.629847,"/intake/output",0
3.630071,"/shooter/rpm",0
3.630136,"/shooter/output",0.1
3.630176,"/shooter/hasBall",true
3.630209,"/shooter/temperature",40
3.630384,"/climber/rightPos",0
3.650353,"/drivetrain/leftPos",0
3.650377,"/drivetrain/leftVelocity",0
3.650394,"/drivetrain/rightPos",0
3.650407,"/drivetrain/rightVelocity",0
3.650626,"/drivetrain/heading",-1.9800000190734863
3.650638,"/drivetrain/headingVelocity",0.9765624403953552
3.650645,"/drivetrain/xAcceleration",0
3.65065,"/drivetrain/yAcceleration",0
3.652356,"/drivetrain/leftOutputLog",0
3.652366,"/drivetrain/rightOutputLog",0
3.652794,"/intake/pos",0
3.6528,"/intake/output",0
3.65321,"/shooter/rpm",0
3.653244,"/shooter/output",0.1
3.653287,"/shooter/hasBall",true
3.653315,"/shooter/temperature",40
3.653557,"/climber/rightPos",0
3.669478,"/drivetrain/leftPos",0
3.669495,"/drivetrain/leftVelocity",0
3.669509,"/drivetrain/rightPos",0
3.669644,"/drivetrain/rightVelocity",0
3.669987,"/drivetrain/heading",-2.009999990463257
3.670003,"/drivetrain/headingVelocity",0.8544921278953552
3.67001,"/drivetrain/xAcceleration",0.003000000026077032
3.670014,"/drivetrain/yAcceleration",0
3.670021,"/drivetrain/leftOutputLog",0
3.670026,"/drivetrain/rightOutputLog",0
3.670635,"/intake/pos",0
3.670642,"/intake/output",0
3.67087,"/shooter/rpm",0
3.6709,"/shooter/output",0.1
3.670941,"/shooter/hasBall",true
3.670968,"/shooter/temperature",40
3.671155,"/climber/rightPos",0
3.689402,"/drivetrain/leftPos",0
3.689548,"/drivetrain/leftVelocity",0
3.689574,"/drivetrain/rightPos",0
3.689588,"/drivetrain/rightVelocity",0
3.689756,"/drivetrain/heading",-2.0199999809265137
3.68982,"/drivetrain/headingVelocity",0.7934569716453552
3.689831,"/drivetrain/xAcceleration",0.004999999888241291
3.689836,"/drivetrain/yAcceleration",0
3.689842,"/drivetrain/leftOutputLog",0
3.689847,"/drivetrain/rightOutputLog",0
3.690346,"/intake/pos",0
3.690353,"/intake/output",0
3.690708,"/shooter/rpm",0
3.690795,"/shooter/output",0.1
3.690843,"/shooter/hasBall",true
3.690956,"/shooter/temperature",40
3.691652,"/climber/rightPos",0
3.709434,"/drivetrain/leftPos",0
3.709451,"/drivetrain/leftVelocity",0
3.709465,"/drivetrain/rightPos",0
3.709477,"/drivetrain/rightVelocity",0
3.709502,"/drivetrain/heading",-2.0299999713897705
3.70951,"/drivetrain/headingVelocity",0.6713866591453552
3.709516,"/drivetrain/xAcceleration",0
3.709521,"/drivetrain/yAcceleration",0.004999999888241291
3.709527,"/drivetrain/leftOutputLog",0
3.709531,"/drivetrain/rightOutputLog",0
3.709778,"/intake/pos",0
3.709784,"/intake/output",0
3.710169,"/shooter/rpm",0
3.7102,"/shooter/output",0.1
3.710365,"/shooter/hasBall",true
3.710423,"/shooter/temperature",40
3.711778,"/climber/rightPos",0
3.729515,"/drivetrain/leftPos",0
3.729532,"/drivetrain/leftVelocity",0
3.729549,"/drivetrain/rightPos",0
3.729561,"/drivetrain/rightVelocity",0
3.729583,"/drivetrain/heading",-2.049999952316284
3.729591,"/drivetrain/headingVelocity",0.4882812201976776
3.729596,"/drivetrain/xAcceleration",0
3.729601,"/drivetrain/yAcceleration",0.003000000026077032
3.729608,"/drivetrain/leftOutputLog",0
3.729612,"/drivetrain/rightOutputLog",0
3.729861,"/intake/pos",0
3.729868,"/intake/output",0
3.730062,"/shooter/rpm",0
3.730085,"/shooter/output",0.1
3.730121,"/shooter/hasBall",true
3.730166,"/shooter/temperature",40
3.73107,"/climber/rightPos",0
3.74968,"/drivetrain/leftPos",0
3.749697,"/drivetrain/leftVelocity",0
3.749712,"/drivetrain/rightPos",0
3.749724,"/drivetrain/rightVelocity",0
3.749749,"/drivetrain/heading",-2.049999952316284
3.749757,"/drivetrain/headingVelocity",0.3662109076976776
3.749763,"/drivetrain/xAcceleration",0
3.749768,"/drivetrain/yAcceleration",0.003000000026077032
3.749773,"/drivetrain/leftOutputLog",0
3.749778,"/drivetrain/rightOutputLog",0
3.750003,"/intake/pos",0
3.750009,"/intake/output",0
3.750227,"/shooter/rpm",0
3.750256,"/shooter/output",0.1
3.75054,"/shooter/hasBall",true
3.750612,"/shooter/temperature",40
3.751125,"/climber/rightPos",0
3.769661,"/drivetrain/leftPos",0
3.769679,"/drivetrain/leftVelocity",0
3.769694,"/drivetrain/rightPos",0
3.769707,"/drivetrain/rightVelocity",0
3.769734,"/drivetrain/heading",-2.059999942779541
3.769742,"/drivetrain/headingVelocity",0.1831054538488388
3.769748,"/drivetrain/xAcceleration",0
3.769753,"/drivetrain/yAcceleration",0.003000000026077032
3.769759,"/drivetrain/leftOutputLog",0
3.769876,"/drivetrain/rightOutputLog",0
3.77018,"/intake/pos",0
3.770186,"/intake/output",0
3.771417,"/shooter/rpm",0
3.771441,"/shooter/output",0.1
3.771501,"/shooter/hasBall",true
3.771553,"/shooter/temperature",40
3.771814,"/climber/rightPos",0
3.78956,"/drivetrain/leftPos",0
3.789577,"/drivetrain/leftVelocity",0
3.789593,"/drivetrain/rightPos",0
3.789605,"/drivetrain/rightVelocity",0
3.789627,"/drivetrain/heading",-2.059999942779541
3.789635,"/drivetrain/headingVelocity",0
3.789641,"/drivetrain/xAcceleration",0
3.789645,"/drivetrain/yAcceleration",0
3.789651,"/drivetrain/leftOutputLog",0
3.789656,"/drivetrain/rightOutputLog",0
3.78988,"/intake/pos",0
3.789885,"/intake/output",0
3.790106,"/shooter/rpm",0
3.79013,"/shooter/output",0.1
3.790175,"/shooter/hasBall",true
3.790209,"/shooter/temperature",40
3.790377,"/climber/rightPos",0
3.809758,"/drivetrain/leftPos",0
3.809776,"/drivetrain/leftVelocity",0
3.80979,"/drivetrain/rightPos",0
3.809802,"/drivetrain/rightVelocity",0
3.809827,"/drivetrain/heading",-2.059999942779541
3.809835,"/drivetrain/headingVelocity",-0.1831054538488388
3.809841,"/drivetrain/xAcceleration",0
3.809846,"/drivetrain/yAcceleration",0
3.809852,"/drivetrain/leftOutputLog",0
3.809856,"/drivetrain/rightOutputLog",0
3.810261,"/intake/pos",0
3.81027,"/intake/output",0
3.810564,"/shooter/rpm",0
3.810594,"/shooter/output",0.1
3.810638,"/shooter/hasBall",true
3.810679,"/shooter/temperature",40
3.811137,"/climber/rightPos",0
3.829547,"/drivetrain/leftPos",0
3.829564,"/drivetrain/leftVelocity",0
3.829707,"/drivetrain/rightPos",0
3.829723,"/drivetrain/rightVelocity",0
3.829758,"/drivetrain/heading",-2.059999942779541
3.829767,"/drivetrain/headingVelocity",-0.1831054538488388
3.829774,"/drivetrain/xAcceleration",0
3.82978,"/drivetrain/yAcceleration",0
3.829786,"/drivetrain/leftOutputLog",0
3.82979,"/drivetrain/rightOutputLog",0
3.830025,"/intake/pos",0
3.83003,"/intake/output",0
3.830234,"/shooter/rpm",0
3.830258,"/shooter/output",0.1
3.830319,"/shooter/hasBall",true
3.830353,"/shooter/temperature",40
3.830573,"/climber/rightPos",0
3.850644,"/drivetrain/leftPos",0
3.850662,"/drivetrain/leftVelocity",0
3.850678,"/drivetrain/rightPos",0
3.85069,"/drivetrain/rightVelocity",0
3.850717,"/drivetrain/heading",-2.059999942779541
3.850726,"/drivetrain/headingVelocity",-0.1831054538488388
3.850732,"/drivetrain/xAcceleration",0
3.850738,"/drivetrain/yAcceleration",0
3.850743,"/drivetrain/leftOutputLog",0
3.850748,"/drivetrain/rightOutputLog",0
3.851003,"/intake/pos",0
3.851009,"/intake/output",0
3.851212,"/shooter/rpm",0
3.851234,"/shooter/output",0.1
3.851271,"/shooter/hasBall",true
3.851303,"/shooter/temperature",40
3.851474,"/climber/rightPos",0
3.869412,"/drivetrain/leftPos",0
3.869429,"/drivetrain/leftVelocity",0
3.869444,"/drivetrain/rightPos",0
3.869456,"/drivetrain/rightVelocity",0
3.869482,"/drivetrain/heading",-2.0299999713897705
3.869489,"/drivetrain/headingVelocity",-0.1220703050494194
3.869495,"/drivetrain/xAcceleration",0
3.8695,"/drivetrain/yAcceleration",-0.004999999888241291
3.869506,"/drivetrain/leftOutputLog",0
3.86951,"/drivetrain/rightOutputLog",0
3.869776,"/intake/pos",0
3.869782,"/intake/output",0
3.870108,"/shooter/rpm",0
3.870137,"/shooter/output",0.1
3.870183,"/shooter/hasBall",true
3.870215,"/shooter/temperature",40
3.871192,"/climber/rightPos",0
3.889502,"/drivetrain/leftPos",0
3.889519,"/drivetrain/leftVelocity",0
3.889534,"/drivetrain/rightPos",0
3.889546,"/drivetrain/rightVelocity",0
3.889573,"/drivetrain/heading",-2.0299999713897705
3.889581,"/drivetrain/headingVelocity",-0.1220703050494194
3.889587,"/drivetrain/xAcceleration",0
3.889592,"/drivetrain/yAcceleration",-0.004000000189989805
3.889598,"/drivetrain/leftOutputLog",0
3.889602,"/drivetrain/rightOutputLog",0
3.889925,"/intake/pos",0
3.889932,"/intake/output",0
3.890473,"/shooter/rpm",0
3.890624,"/shooter/output",0.1
3.890782,"/shooter/hasBall",true
3.890828,"/shooter/temperature",40
3.891144,"/climber/rightPos",0
3.909466,"/drivetrain/leftPos",0
3.909483,"/drivetrain/leftVelocity",0
3.90974,"/drivetrain/rightPos",0
3.909756,"/drivetrain/rightVelocity",0
3.90978,"/drivetrain/heading",-2.0299999713897705
3.909788,"/drivetrain/headingVelocity",0.0610351525247097
3.909794,"/drivetrain/xAcceleration",0
3.909799,"/drivetrain/yAcceleration",-0.003000000026077032
3.909805,"/drivetrain/leftOutputLog",0
3.909809,"/drivetrain/rightOutputLog",0
3.910236,"/intake/pos",0
3.910242,"/intake/output",0
3.91044,"/shooter/rpm",0
3.910463,"/shooter/output",0.1
3.9105,"/shooter/hasBall",true
3.910544,"/shooter/temperature",40
3.910694,"/climber/rightPos",0
3.929455,"/drivetrain/leftPos",0
3.929472,"/drivetrain/leftVelocity",0
3.929487,"/drivetrain/rightPos",0
3.929498,"/drivetrain/rightVelocity",0
3.929523,"/drivetrain/heading",-2.0299999713897705
3.929531,"/drivetrain/headingVelocity",0.0610351525247097
3.929536,"/drivetrain/xAcceleration",0
3.929541,"/drivetrain/yAcceleration",0
3.929547,"/drivetrain/leftOutputLog",0
3.929551,"/drivetrain/rightOutputLog",0
3.929883,"/intake/pos",0
3.92989,"/intake/output",0
3.930588,"/shooter/rpm",0
3.93062,"/shooter/output",0.1
3.930662,"/shooter/hasBall",true
3.930738,"/shooter/temperature",40
3.931134,"/climber/rightPos",0
3.950781,"/drivetrain/leftPos",0
3.950799,"/drivetrain/leftVelocity",0
3.950816,"/drivetrain/rightPos",0
3.950828,"/drivetrain/rightVelocity",0
3.950855,"/drivetrain/heading",-2.0299999713897705
3.950863,"/drivetrain/headingVelocity",0.0610351525247097
3.950869,"/drivetrain/xAcceleration",0.003000000026077032
3.950874,"/drivetrain/yAcceleration",0
3.95088,"/drivetrain/leftOutputLog",0
3.950884,"/drivetrain/rightOutputLog",0
3.951102,"/intake/pos",0
3.951108,"/intake/output",0
3.951416,"/shooter/rpm",0
3.95144,"/shooter/output",0.1
3.951578,"/shooter/hasBall",true
3.951831,"/shooter/temperature",40
3.952212,"/climber/rightPos",0
3.96949,"/drivetrain/leftPos",0
3.969507,"/drivetrain/leftVelocity",0
3.969522,"/drivetrain/rightPos",0
3.969534,"/drivetrain/rightVelocity",0
3.969557,"/drivetrain/heading",-2.0399999618530273
3.969565,"/drivetrain/headingVelocity",0
3.96957,"/drivetrain/xAcceleration",0
3.969575,"/drivetrain/yAcceleration",0.007000000216066837
3.969581,"/drivetrain/leftOutputLog",0
3.969585,"/drivetrain/rightOutputLog",0
3.969937,"/intake/pos",0
3.969944,"/intake/output",0
3.970438,"/shooter/rpm",0
3.970464,"/shooter/output",0.1
3.970512,"/shooter/hasBall",true
3.970568,"/shooter/temperature",40
3.970942,"/climber/rightPos",0
3.990019,"/drivetrain/leftPos",0
3.990039,"/drivetrain/leftVelocity",0
3.990057,"/drivetrain/rightPos",0
3.99007,"/drivetrain/rightVelocity",0
3.990099,"/drivetrain/heading",-2.0399999618530273
3.990107,"/drivetrain/headingVelocity",0
3.990114,"/drivetrain/xAcceleration",-0.004000000189989805
3.990119,"/drivetrain/yAcceleration",0
3.990125,"/drivetrain/leftOutputLog",0
3.99013,"/drivetrain/rightOutputLog",0
3.990629,"/intake/pos",0
3.990634,"/intake/output",0
3.990918,"/shooter/rpm",0
3.990943,"/shooter/output",0.1
3.990983,"/shooter/hasBall",true
3.99103,"/shooter/temperature",40
3.991186,"/climber/rightPos",0
4.009443,"/drivetrain/leftPos",0
4.009461,"/drivetrain/leftVelocity",0
4.009475,"/drivetrain/rightPos",0
4.009487,"/drivetrain/rightVelocity",0
4.009513,"/drivetrain/heading",-2.0399999618530273
4.009521,"/drivetrain/headingVelocity",0
4.009527,"/drivetrain/xAcceleration",-0.003000000026077032
4.009532,"/drivetrain/yAcceleration",0.004000000189989805
4.009537,"/drivetrain/leftOutputLog",0
4.009542,"/drivetrain/rightOutputLog",0
4.009754,"/intake/pos",0
4.009759,"/intake/output",0
4.00999,"/shooter/rpm",0
4.010055,"/shooter/output",0.1
4.010094,"/shooter/hasBall",true
4.010135,"/shooter/temperature",40
4.010304,"/climber/rightPos",0
4.029662,"/drivetrain/leftPos",0
4.029687,"/drivetrain/leftVelocity",0
4.029705,"/drivetrain/rightPos",0
4.029725,"/drivetrain/rightVelocity",0
4.029758,"/drivetrain/heading",-2.0399999618530273
4.029766,"/drivetrain/headingVelocity",0.1220703050494194
4.029772,"/drivetrain/xAcceleration",0
4.029778,"/drivetrain/yAcceleration",0
4.029784,"/drivetrain/leftOutputLog",0
4.029788,"/drivetrain/rightOutputLog",0
4.030017,"/intake/pos",0
4.030022,"/intake/output",0
4.030288,"/shooter/rpm",0
4.030312,"/shooter/output",0.1
4.030351,"/shooter/hasBall",true
4.030389,"/shooter/temperature",40
4.030558,"/climber/rightPos",0
4.049659,"/drivetrain/leftPos",0
4.049677,"/drivetrain/leftVelocity",0
4.049693,"/drivetrain/rightPos",0
4.049705,"/drivetrain/rightVelocity",0
4.04973,"/drivetrain/heading",-2.049999952316284
4.049738,"/drivetrain/headingVelocity",0.1220703050494194
4.049744,"/drivetrain/xAcceleration",0
4.049748,"/drivetrain/yAcceleration",0
4.049754,"/drivetrain/leftOutputLog",0
4.049758,"/drivetrain/rightOutputLog",0
4.049983,"/intake/pos",0
4.049989,"/intake/output",0
4.050415,"/shooter/rpm",0
4.050448,"/shooter/output",0.1
4.050547,"/shooter/hasBall",true
4.050592,"/shooter/temperature",40
4.051041,"/climber/rightPos",0
4.069553,"/drivetrain/leftPos",0
4.069571,"/drivetrain/leftVelocity",0
4.069585,"/drivetrain/rightPos",0
4.069597,"/drivetrain/rightVelocity",0
4.069622,"/drivetrain/heading",-2.049999952316284
4.06963,"/drivetrain/headingVelocity",0.1220703050494194
4.069635,"/drivetrain/xAcceleration",0
4.06964,"/drivetrain/yAcceleration",0
4.069646,"/drivetrain/leftOutputLog",0
4.06965,"/drivetrain/rightOutputLog",0
4.069857,"/intake/pos",0
4.069863,"/intake/output",0
4.07006,"/shooter/rpm",0
4.070082,"/shooter/output",0.1
4.070119,"/shooter/hasBall",true
4.070155,"/shooter/temperature",40
4.070315,"/climber/rightPos",0
4.089663,"/drivetrain/leftPos",0
4.089681,"/drivetrain/leftVelocity",0
4.089697,"/drivetrain/rightPos",0
4.089709,"/drivetrain/rightVelocity",0
4.089733,"/drivetrain/heading",-2.049999952316284
4.089741,"/drivetrain/headingVelocity",0
4.089746,"/drivetrain/xAcceleration",0
4.089751,"/drivetrain/yAcceleration",0.007000000216066837
4.089758,"/drivetrain/leftOutputLog",0
4.089762,"/drivetrain/rightOutputLog",0
4.090004,"/intake/pos",0
4.09001,"/intake/output",0
4.090294,"/shooter/rpm",0
4.090319,"/shooter/output",0.1
4.09036,"/shooter/hasBall",true
4.090399,"/shooter/temperature",40
4.090991,"/climber/rightPos",0
4.109623,"/drivetrain/leftPos",0
4.10964,"/drivetrain/leftVelocity",0
4.109655,"/drivetrain/rightPos",0
4.109667,"/drivetrain/rightVelocity",0
4.109692,"/drivetrain/heading",-2.049999952316284
4.1097,"/drivetrain/headingVelocity",-0.1220703050494194
4.109706,"/drivetrain/xAcceleration",0
4.10971,"/drivetrain/yAcceleration",0.003000000026077032
4.109716,"/drivetrain/leftOutputLog",0
4.10972,"/drivetrain/rightOutputLog",0
4.109926,"/intake/pos",0
4.109931,"/intake/output",0
4.110154,"/shooter/rpm",0
4.110174,"/shooter/output",0.1
4.110211,"/shooter/hasBall",true
4.110243,"/shooter/temperature",40
4.110489,"/climber/rightPos",0
4.129768,"/drivetrain/leftPos",0
4.129787,"/drivetrain/leftVelocity",0
4.129802,"/drivetrain/rightPos",0
4.129815,"/drivetrain/rightVelocity",0
4.129843,"/drivetrain/heading",-2.049999952316284
4.129853,"/drivetrain/headingVelocity",-0.1220703050494194
4.129859,"/drivetrain/xAcceleration",0
4.129864,"/drivetrain/yAcceleration",0
4.129871,"/drivetrain/leftOutputLog",0
4.129875,"/drivetrain/rightOutputLog",0
4.13014,"/intake/pos",0
4.130146,"/intake/output",0
4.130403,"/shooter/rpm",0
4.130436,"/shooter/output",0.1
4.130485,"/shooter/hasBall",true
4.130517,"/shooter/temperature",40
4.130727,"/climber/rightPos",0
4.150443,"/drivetrain/leftPos",0
4.150461,"/drivetrain/leftVelocity",0
4.150478,"/drivetrain/rightPos",0
4.15049,"/drivetrain/rightVelocity",0
4.150518,"/drivetrain/heading",-2.049999952316284
4.150527,"/drivetrain/headingVelocity",0
4.150533,"/drivetrain/xAcceleration",0
4.150538,"/drivetrain/yAcceleration",0
4.150544,"/drivetrain/leftOutputLog",0
4.150549,"/drivetrain/rightOutputLog",0
4.150816,"/intake/pos",0
4.150822,"/intake/output",0
4.151045,"/shooter/rpm",0
4.15107,"/shooter/output",0.1
4.151111,"/shooter/hasBall",true
4.151139,"/shooter/temperature",40
4.151719,"/climber/rightPos",0
4.171731,"/drivetrain/leftPos",0
4.171765,"/drivetrain/leftVelocity",0
4.171786,"/drivetrain/rightPos",0
4.17191,"/drivetrain/rightVelocity",0
4.171947,"/drivetrain/heading",-2.049999952316284
4.171956,"/drivetrain/headingVelocity",0.0610351525247097
4.171961,"/drivetrain/xAcceleration",0
4.171967,"/drivetrain/yAcceleration",-0.003000000026077032
4.171973,"/drivetrain/leftOutputLog",0
4.171978,"/drivetrain/rightOutputLog",0
4.172437,"/intake/pos",0
4.172444,"/intake/output",0
4.173268,"/shooter/rpm",0
4.173303,"/shooter/output",0.1
4.173418,"/shooter/hasBall",true
4.173569,"/shooter/temperature",40
4.173967,"/climber/rightPos",0
4.189671,"/drivetrain/leftPos",0
4.189687,"/drivetrain/leftVelocity",0
4.189702,"/drivetrain/rightPos",0
4.189714,"/drivetrain/rightVelocity",0
4.18974,"/drivetrain/heading",-2.049999952316284
4.189748,"/drivetrain/headingVelocity",0
4.189753,"/drivetrain/xAcceleration",0
4.189759,"/drivetrain/yAcceleration",0
4.189764,"/drivetrain/leftOutputLog",0
4.189769,"/drivetrain/rightOutputLog",0
4.190413,"/intake/pos",0
4.190425,"/intake/output",0
4.1913,"/shooter/rpm",0
4.191332,"/shooter/output",0.1
4.191385,"/shooter/hasBall",true
4.191445,"/shooter/temperature",40
4.191655,"/climber/rightPos",0
4.209523,"/drivetrain/leftPos",0
4.20954,"/drivetrain/leftVelocity",0
4.209557,"/drivetrain/rightPos",0
4.209569,"/drivetrain/rightVelocity",0
4.209594,"/drivetrain/heading",-2.049999952316284
4.209602,"/drivetrain/headingVelocity",0.0610351525247097
4.209608,"/drivetrain/xAcceleration",0
4.209613,"/drivetrain/yAcceleration",0
4.209619,"/drivetrain/leftOutputLog",0
4.209623,"/drivetrain/rightOutputLog",0
4.20987,"/intake/pos",0
4.209876,"/intake/output",0
4.210073,"/shooter/rpm",0
4.210096,"/shooter/output",0.1
4.210182,"/shooter/hasBall",true
4.210231,"/shooter/temperature",40
4.210921,"/climber/rightPos",0
4.229678,"/drivetrain/leftPos",0
4.229694,"/drivetrain/leftVelocity",0
4.22971,"/drivetrain/rightPos",0
4.229721,"/drivetrain/rightVelocity",0
4.229747,"/drivetrain/heading",-2.049999952316284
4.229755,"/drivetrain/headingVelocity",0
4.229761,"/drivetrain/xAcceleration",0
4.229766,"/drivetrain/yAcceleration",0
4.229772,"/drivetrain/leftOutputLog",0
4.229777,"/drivetrain/rightOutputLog",0
4.230049,"/intake/pos",0
4.230055,"/intake/output",0
4.230936,"/shooter/rpm",0
4.230967,"/shooter/output",0.1
4.231631,"/shooter/hasBall",true
4.231798,"/shooter/temperature",40
4.232095,"/climber/rightPos",0
4.250227,"/drivetrain/leftPos",0
4.250245,"/drivetrain/leftVelocity",0
4.25026,"/drivetrain/rightPos",0
4.250272,"/drivetrain/rightVelocity",0
4.250296,"/drivetrain/heading",-2.049999952316284
4.250305,"/drivetrain/headingVelocity",-0.0610351525247097
4.250311,"/drivetrain/xAcceleration",0
4.250315,"/drivetrain/yAcceleration",0
4.250321,"/drivetrain/leftOutputLog",0
4.250326,"/drivetrain/rightOutputLog",0
4.251192,"/intake/pos",0
4.251203,"/intake/output",0
4.251541,"/shooter/rpm",0
4.251572,"/shooter/output",0.1
4.251618,"/shooter/hasBall",true
4.251669,"/shooter/temperature",40
4.25229,"/climber/rightPos",0
4.269461,"/drivetrain/leftPos",0
4.269479,"/drivetrain/leftVelocity",0
4.269495,"/drivetrain/rightPos",0
4.269507,"/drivetrain/rightVelocity",0
4.269532,"/drivetrain/heading",-2.049999952316284
4.269539,"/drivetrain/headingVelocity",-0.1220703050494194
4.269545,"/drivetrain/xAcceleration",0
4.26955,"/drivetrain/yAcceleration",0.003000000026077032
4.269556,"/drivetrain/leftOutputLog",0
4.26956,"/drivetrain/rightOutputLog",0
4.269782,"/intake/pos",0
4.269788,"/intake/output",0
4.269979,"/shooter/rpm",0
4.270005,"/shooter/output",0.1
4.270067,"/shooter/hasBall",true
4.270118,"/shooter/temperature",40
4.270305,"/climber/rightPos",0
4.289706,"/drivetrain/leftPos",0
4.289724,"/drivetrain/leftVelocity",0
4.28974,"/drivetrain/rightPos",0
4.289752,"/drivetrain/rightVelocity",0
4.289779,"/drivetrain/heading",-2.0399999618530273
4.289787,"/drivetrain/headingVelocity",-0.1831054538488388
4.289793,"/drivetrain/xAcceleration",0
4.289799,"/drivetrain/yAcceleration",0
4.289805,"/drivetrain/leftOutputLog",0
4.289809,"/drivetrain/rightOutputLog",0
4.290165,"/intake/pos",0
4.290171,"/intake/output",0
4.290437,"/shooter/rpm",0
4.290463,"/shooter/output",0.1
4.290501,"/shooter/hasBall",true
4.290547,"/shooter/temperature",40
4.290969,"/climber/rightPos",0
4.309482,"/drivetrain/leftPos",0
4.309499,"/drivetrain/leftVelocity",0
4.309514,"/drivetrain/rightPos",0
4.309526,"/drivetrain/rightVelocity",0
4.309551,"/drivetrain/heading",-2.0399999618530273
4.309559,"/drivetrain/headingVelocity",-0.1220703050494194
4.309565,"/drivetrain/xAcceleration",0
4.30957,"/drivetrain/yAcceleration",0
4.309576,"/drivetrain/leftOutputLog",0
4.30958,"/drivetrain/rightOutputLog",0
4.309796,"/intake/pos",0
4.309801,"/intake/output",0
4.310215,"/shooter/rpm",0
4.310243,"/shooter/output",0.1
4.310614,"/shooter/hasBall",true
4.310672,"/shooter/temperature",40
4.311448,"/climber/rightPos",0
4.330052,"/drivetrain/leftPos",0
4.330073,"/drivetrain/leftVelocity",0
4.330091,"/drivetrain/rightPos",0
4.330103,"/drivetrain/rightVelocity",0
4.330135,"/drivetrain/heading",-2.0399999618530273
4.330143,"/drivetrain/headingVelocity",-0.0610351525247097
4.330149,"/drivetrain/xAcceleration",0
4.330154,"/drivetrain/yAcceleration",-0.003000000026077032
4.33016,"/drivetrain/leftOutputLog",0
4.330165,"/drivetrain/rightOutputLog",0
4.330569,"/intake/pos",0
4.330575,"/intake/output",0
4.331035,"/shooter/rpm",0
4.331062,"/shooter/output",0.1
4.331105,"/shooter/hasBall",true
4.331139,"/shooter/temperature",40
4.331332,"/climber/rightPos",0
4.349448,"/drivetrain/leftPos",0
4.349465,"/drivetrain/leftVelocity",0
4.34948,"/drivetrain/rightPos",0
4.349492,"/drivetrain/rightVelocity",0
4.349518,"/drivetrain/heading",-2.0299999713897705
4.349526,"/drivetrain/headingVelocity",-0.1220703050494194
4.349531,"/drivetrain/xAcceleration",0
4.349536,"/drivetrain/yAcceleration",-0.003000000026077032
4.349542,"/drivetrain/leftOutputLog",0
4.349547,"/drivetrain/rightOutputLog",0
4.351075,"/intake/pos",0
4.351083,"/intake/output",0
4.351577,"/shooter/rpm",0
4.3516,"/shooter/output",0.1
4.351645,"/shooter/hasBall",true
4.351672,"/shooter/temperature",40
4.351878,"/climber/rightPos",0
4.369532,"/drivetrain/leftPos",0
4.369549,"/drivetrain/leftVelocity",0
4.369564,"/drivetrain/rightPos",0
4.369576,"/drivetrain/rightVelocity",0
4.369603,"/drivetrain/heading",-2.0299999713897705
4.369611,"/drivetrain/headingVelocity",-0.1831054538488388
4.369617,"/drivetrain/xAcceleration",0
4.369623,"/drivetrain/yAcceleration",0
4.369629,"/drivetrain/leftOutputLog",0
4.369633,"/drivetrain/rightOutputLog",0
4.369903,"/intake/pos",0
4.369909,"/intake/output",0
4.370098,"/shooter/rpm",0
4.370121,"/shooter/output",0.1
4.370158,"/shooter/hasBall",true
4.370184,"/shooter/temperature",40
4.370374,"/climber/rightPos",0
4.389672,"/drivetrain/leftPos",0
4.38969,"/drivetrain/leftVelocity",0
4.389707,"/drivetrain/rightPos",0
4.389719,"/drivetrain/rightVelocity",0
4.389743,"/drivetrain/heading",-2.0199999809265137
4.389751,"/drivetrain/headingVelocity",-0.2441406100988388
4.389757,"/drivetrain/xAcceleration",0
4.389763,"/drivetrain/yAcceleration",0
4.38977,"/drivetrain/leftOutputLog",0
4.389774,"/drivetrain/rightOutputLog",0
4.390063,"/intake/pos",0
4.390069,"/intake/output",0
4.390333,"/shooter/rpm",0
4.390358,"/shooter/output",0.1
4.390407,"/shooter/hasBall",true
4.390781,"/shooter/temperature",40
4.391091,"/climber/rightPos",0
4.409442,"/drivetrain/leftPos",0
4.409459,"/drivetrain/leftVelocity",0
4.409473,"/drivetrain/rightPos",0
4.409485,"/drivetrain/rightVelocity",0
4.40951,"/drivetrain/heading",-2.0199999809265137
4.409518,"/drivetrain/headingVelocity",-0.2441406100988388
4.409524,"/drivetrain/xAcceleration",0
4.409528,"/drivetrain/yAcceleration",0.003000000026077032
4.409534,"/drivetrain/leftOutputLog",0
4.409539,"/drivetrain/rightOutputLog",0
4.409751,"/intake/pos",0
4.409757,"/intake/output",0
4.41001,"/shooter/rpm",0
4.410034,"/shooter/output",0.1
4.410074,"/shooter/hasBall",true
4.41012,"/shooter/temperature",40
4.410318,"/climber/rightPos",0
4.429455,"/drivetrain/leftPos",0
4.429472,"/drivetrain/leftVelocity",0
4.429486,"/drivetrain/rightPos",0
4.429498,"/drivetrain/rightVelocity",0
4.429523,"/drivetrain/heading",-2.0199999809265137
4.429531,"/drivetrain/headingVelocity",-0.1831054538488388
4.429537,"/drivetrain/xAcceleration",0
4.429542,"/drivetrain/yAcceleration",0.003000000026077032
4.429548,"/drivetrain/leftOutputLog",0
4.429553,"/drivetrain/rightOutputLog",0
4.430365,"/intake/pos",0
4.430371,"/intake/output",0
4.430585,"/shooter/rpm",0
4.430612,"/shooter/output",0.1
4.430649,"/shooter/hasBall",true
4.430693,"/shooter/temperature",40
4.430926,"/climber/rightPos",0
4.449414,"/drivetrain/leftPos",0
4.449432,"/drivetrain/leftVelocity",0
4.449447,"/drivetrain/rightPos",0
4.449459,"/drivetrain/rightVelocity",0
4.449484,"/drivetrain/heading",-2.009999990463257
4.449492,"/drivetrain/headingVelocity",-0.1831054538488388
4.449498,"/drivetrain/xAcceleration",0
4.449503,"/drivetrain/yAcceleration",0.004000000189989805
4.449509,"/drivetrain/leftOutputLog",0
4.449513,"/drivetrain/rightOutputLog",0
4.449965,"/intake/pos",0
4.449971,"/intake/output",0
4.450303,"/shooter/rpm",0
4.45032,"/shooter/output",0.1
4.450506,"/shooter/hasBall",true
4.450562,"/shooter/temperature",40
4.450828,"/climber/rightPos",0
4.469413,"/drivetrain/leftPos",0
4.46943,"/drivetrain/leftVelocity",0
4.469445,"/drivetrain/rightPos",0
4.469457,"/drivetrain/rightVelocity",0
4.469482,"/drivetrain/heading",-2.009999990463257
4.46949,"/drivetrain/headingVelocity",-0.0610351525247097
4.469495,"/drivetrain/xAcceleration",0
4.4695,"/drivetrain/yAcceleration",0
4.469506,"/drivetrain/leftOutputLog",0
4.46951,"/drivetrain/rightOutputLog",0
4.469789,"/intake/pos",0
4.469795,"/intake/output",0
4.470016,"/shooter/rpm",0
4.470077,"/shooter/output",0.1
4.470116,"/shooter/hasBall",true
4.47016,"/shooter/temperature",40
4.470339,"/climber/rightPos",0
4.489513,"/drivetrain/leftPos",0
4.489529,"/drivetrain/leftVelocity",0
4.489544,"/drivetrain/rightPos",0
4.489556,"/drivetrain/rightVelocity",0
4.48958,"/drivetrain/heading",-2
4.489588,"/drivetrain/headingVelocity",-0.1831054538488388
4.489594,"/drivetrain/xAcceleration",0
4.489599,"/drivetrain/yAcceleration",0
4.489605,"/drivetrain/leftOutputLog",0
4.489609,"/drivetrain/rightOutputLog",0
4.489851,"/intake/pos",0
4.489856,"/intake/output",0
4.490085,"/shooter/rpm",0
4.490107,"/shooter/output",0.1
4.490142,"/shooter/hasBall",true
4.490179,"/shooter/temperature",40
4.490471,"/climber/rightPos",0
4.509494,"/drivetrain/leftPos",0
4.509512,"/drivetrain/leftVelocity",0
4.509528,"/drivetrain/rightPos",0
4.50954,"/drivetrain/rightVelocity",0
4.509565,"/drivetrain/heading",-2
4.509573,"/drivetrain/headingVelocity",-0.30517578125
4.509578,"/drivetrain/xAcceleration",0
4.509583,"/drivetrain/yAcceleration",0
4.509589,"/drivetrain/leftOutputLog",0
4.509593,"/drivetrain/rightOutputLog",0
4.509783,"/intake/pos",0
4.509789,"/intake/output",0
4.509977,"/shooter/rpm",0
4.51005,"/shooter/output",0.1
4.510093,"/shooter/hasBall",true
4.510135,"/shooter/temperature",40
4.510407,"/climber/rightPos",0
4.529559,"/drivetrain/leftPos",0
4.529579,"/drivetrain/leftVelocity",0
4.529595,"/drivetrain/rightPos",0
4.529607,"/drivetrain/rightVelocity",0
4.529633,"/drivetrain/heading",-1.9800000190734863
4.529641,"/drivetrain/headingVelocity",-0.54931640625
4.529647,"/drivetrain/xAcceleration",0
4.529652,"/drivetrain/yAcceleration",0.004000000189989805
4.529657,"/drivetrain/leftOutputLog",0
4.529662,"/drivetrain/rightOutputLog",0
4.529919,"/intake/pos",0
4.529926,"/intake/output",0
4.530171,"/shooter/rpm",0
4.530768,"/shooter/output",0.1
4.530858,"/shooter/hasBall",true
4.530903,"/shooter/temperature",40
4.531092,"/climber/rightPos",0
4.549454,"/drivetrain/leftPos",0
4.549471,"/drivetrain/leftVelocity",0
4.549489,"/drivetrain/rightPos",0
4.549509,"/drivetrain/rightVelocity",0
4.549536,"/drivetrain/heading",-1.9800000190734863
4.549544,"/drivetrain/headingVelocity",-0.4882812201976776
4.54955,"/drivetrain/xAcceleration",-0.003000000026077032
4.549555,"/drivetrain/yAcceleration",0
4.549561,"/drivetrain/leftOutputLog",0
4.549565,"/drivetrain/rightOutputLog",0
4.549862,"/intake/pos",0
4.549867,"/intake/output",0
4.550261,"/shooter/rpm",0
4.550287,"/shooter/output",0.1
4.550326,"/shooter/hasBall",true
4.550351,"/shooter/temperature",40
4.550692,"/climber/rightPos",0
4.569402,"/drivetrain/leftPos",0
4.569419,"/drivetrain/leftVelocity",0
4.569434,"/drivetrain/rightPos",0
4.569445,"/drivetrain/rightVelocity",0
4.56947,"/drivetrain/heading",-1.9700000286102295
4.569478,"/drivetrain/headingVelocity",-0.4882812201976776
4.569484,"/drivetrain/xAcceleration",0
4.569489,"/drivetrain/yAcceleration",0
4.569495,"/drivetrain/leftOutputLog",0
4.569499,"/drivetrain/rightOutputLog",0
4.569954,"/intake/pos",0
4.569959,"/intake/output",0
4.570307,"/shooter/rpm",0
4.570569,"/shooter/output",0.1
4.570624,"/shooter/hasBall",true
4.570669,"/shooter/temperature",40
4.571215,"/climber/rightPos",0
4.589586,"/drivetrain/leftPos",0
4.589603,"/drivetrain/leftVelocity",0
4.58962,"/drivetrain/rightPos",0
4.589632,"/drivetrain/rightVelocity",0
4.589658,"/drivetrain/heading",-1.9600000381469727
4.589665,"/drivetrain/headingVelocity",-0.30517578125
4.589671,"/drivetrain/xAcceleration",0.003000000026077032
4.589676,"/drivetrain/yAcceleration",0
4.589682,"/drivetrain/leftOutputLog",0
4.589686,"/drivetrain/rightOutputLog",0
4.589884,"/intake/pos",0
4.589889,"/intake/output",0
4.590166,"/shooter/rpm",0
4.59019,"/shooter/output",0.1
4.590346,"/shooter/hasBall",true
4.590399,"/shooter/temperature",40
4.590911,"/climber/rightPos",0
4.609564,"/drivetrain/leftPos",0
4.609585,"/drivetrain/leftVelocity",0
4.609601,"/drivetrain/rightPos",0
4.609614,"/drivetrain/rightVelocity",0
4.609644,"/drivetrain/heading",-1.9500000476837158
4.609653,"/drivetrain/headingVelocity",-0.2441406100988388
4.609659,"/drivetrain/xAcceleration",0
4.609664,"/drivetrain/yAcceleration",0
4.60967,"/drivetrain/leftOutputLog",0
4.609675,"/drivetrain/rightOutputLog",0
4.610296,"/intake/pos",0
4.610302,"/intake/output",0
4.610653,"/shooter/rpm",0
4.610708,"/shooter/output",0.1
4.610793,"/shooter/hasBall",true
4.610825,"/shooter/temperature",40
4.61104,"/climber/rightPos",0
4.629698,"/drivetrain/leftPos",0
4.629715,"/drivetrain/leftVelocity",0
4.62973,"/drivetrain/rightPos",0
4.629742,"/drivetrain/rightVelocity",0
4.629766,"/drivetrain/heading",-1.9500000476837158
4.629774,"/drivetrain/headingVelocity",-0.2441406100988388
4.62978,"/drivetrain/xAcceleration",0
4.629784,"/drivetrain/yAcceleration",0
4.629791,"/drivetrain/leftOutputLog",0
4.629795,"/drivetrain/rightOutputLog",0
4.630172,"/intake/pos",0
4.630178,"/intake/output",0
4.630455,"/shooter/rpm",0
4.630523,"/shooter/output",0.1
4.630565,"/shooter/hasBall",true
4.63059,"/shooter/temperature",40
4.630966,"/climber/rightPos",0
4.64948,"/drivetrain/leftPos",0
4.649498,"/drivetrain/leftVelocity",0
4.649513,"/drivetrain/rightPos",0
4.649526,"/drivetrain/rightVelocity",0
4.649553,"/drivetrain/heading",-1.940000057220459
4.649561,"/drivetrain/headingVelocity",-0.1831054538488388
4.649567,"/drivetrain/xAcceleration",0
4.649572,"/drivetrain/yAcceleration",0
4.649578,"/drivetrain/leftOutputLog",0
4.649582,"/drivetrain/rightOutputLog",0
4.649859,"/intake/pos",0
4.649865,"/intake/output",0
4.650334,"/shooter/rpm",0
4.650365,"/shooter/output",0.1
4.65042,"/shooter/hasBall",true
4.650459,"/shooter/temperature",40
4.650643,"/climber/rightPos",0
4.669464,"/drivetrain/leftPos",0
4.669482,"/drivetrain/leftVelocity",0
4.669497,"/drivetrain/rightPos",0
4.66951,"/drivetrain/rightVelocity",0
4.669535,"/drivetrain/heading",-1.940000057220459
4.669543,"/drivetrain/headingVelocity",-0.1220703050494194
4.669549,"/drivetrain/xAcceleration",0
4.669554,"/drivetrain/yAcceleration",0
4.66956,"/drivetrain/leftOutputLog",0
4.669564,"/drivetrain/rightOutputLog",0
4.669771,"/intake/pos",0
4.669777,"/intake/output",0
4.67005,"/shooter/rpm",0
4.670074,"/shooter/output",0.1
4.670112,"/shooter/hasBall",true
4.670156,"/shooter/temperature",40
4.670435,"/climber/rightPos",0
4.689555,"/drivetrain/leftPos",0
4.689572,"/drivetrain/leftVelocity",0
4.689587,"/drivetrain/rightPos",0
4.689599,"/drivetrain/rightVelocity",0
4.689625,"/drivetrain/heading",-1.940000057220459
4.689633,"/drivetrain/headingVelocity",-0.1220703050494194
4.689763,"/drivetrain/xAcceleration",0
4.68977,"/drivetrain/yAcceleration",0
4.689777,"/drivetrain/leftOutputLog",0
4.689781,"/drivetrain/rightOutputLog",0
4.690487,"/intake/pos",0
4.690494,"/intake/output",0
4.691034,"/shooter/rpm",0
4.691066,"/shooter/output",0.1
4.691111,"/shooter/hasBall",true
4.691157,"/shooter/temperature",40
4.691445,"/climber/rightPos",0
4.709461,"/drivetrain/leftPos",0
4.709571,"/drivetrain/leftVelocity",0
4.709632,"/drivetrain/rightPos",0
4.709648,"/drivetrain/rightVelocity",0
4.709679,"/drivetrain/heading",-1.9299999475479126
4.709686,"/drivetrain/headingVelocity",0
4.709692,"/drivetrain/xAcceleration",0.003000000026077032
4.709697,"/drivetrain/yAcceleration",0
4.709704,"/drivetrain/leftOutputLog",0
4.709708,"/drivetrain/rightOutputLog",0
4.710001,"/intake/pos",0
4.710007,"/intake/output",0
4.710238,"/shooter/rpm",0
4.710261,"/shooter/output",0.1
4.71034,"/shooter/hasBall",true
4.710385,"/shooter/temperature",40
4.710599,"/climber/rightPos",0
4.729449,"/drivetrain/leftPos",0
4.729466,"/drivetrain/leftVelocity",0
4.729482,"/drivetrain/rightPos",0
4.729494,"/drivetrain/rightVelocity",0
4.729518,"/drivetrain/heading",-1.9299999475479126
4.729526,"/drivetrain/headingVelocity",0
4.729532,"/drivetrain/xAcceleration",0
4.729537,"/drivetrain/yAcceleration",0
4.729543,"/drivetrain/leftOutputLog",0
4.729547,"/drivetrain/rightOutputLog",0
4.729743,"/intake/pos",0
4.729749,"/intake/output",0
4.730026,"/shooter/rpm",0
4.73005,"/shooter/output",0.1
4.73009,"/shooter/hasBall",true
4.730133,"/shooter/temperature",40
4.730291,"/climber/rightPos",0
4.749418,"/drivetrain/leftPos",0
4.749435,"/drivetrain/leftVelocity",0
4.749451,"/drivetrain/rightPos",0
4.749494,"/drivetrain/rightVelocity",0
4.749523,"/drivetrain/heading",-1.9299999475479126
4.749531,"/drivetrain/headingVelocity",0
4.749537,"/drivetrain/xAcceleration",-0.004000000189989805
4.749542,"/drivetrain/yAcceleration",0
4.749548,"/drivetrain/leftOutputLog",0
4.749552,"/drivetrain/rightOutputLog",0
4.749768,"/intake/pos",0
4.749774,"/intake/output",0
4.750142,"/shooter/rpm",0
4.750175,"/shooter/output",0.1
4.750225,"/shooter/hasBall",true
4.750269,"/shooter/temperature",40
4.751172,"/climber/rightPos",0
4.769414,"/drivetrain/leftPos",0
4.76943,"/drivetrain/leftVelocity",0
4.769446,"/drivetrain/rightPos",0
4.769458,"/drivetrain/rightVelocity",0
4.769483,"/drivetrain/heading",-1.9299999475479126
4.76949,"/drivetrain/headingVelocity",0.0610351525247097
4.769496,"/drivetrain/xAcceleration",0.003000000026077032
4.769501,"/drivetrain/yAcceleration",-0.003000000026077032
4.769507,"/drivetrain/leftOutputLog",0
4.769511,"/drivetrain/rightOutputLog",0
4.769713,"/intake/pos",0
4.769718,"/intake/output",0
4.769975,"/shooter/rpm",0
4.769997,"/shooter/output",0.1
4.770035,"/shooter/hasBall",true
4.770073,"/shooter/temperature",40
4.770234,"/climber/rightPos",0
4.790191,"/drivetrain/leftPos",0
4.790209,"/drivetrain/leftVelocity",0
4.790321,"/drivetrain/rightPos",0
4.790339,"/drivetrain/rightVelocity",0
4.790372,"/drivetrain/heading",-1.940000057220459
4.790381,"/drivetrain/headingVelocity",0.1831054538488388
4.790387,"/drivetrain/xAcceleration",0
4.790392,"/drivetrain/yAcceleration",-0.004000000189989805
4.790398,"/drivetrain/leftOutputLog",0
4.790403,"/drivetrain/rightOutputLog",0
4.790965,"/intake/pos",0
4.790971,"/intake/output",0
4.791182,"/shooter/rpm",0
4.791204,"/shooter/output",0.1
4.791241,"/shooter/hasBall",true
4.791279,"/shooter/temperature",40
4.79143,"/climber/rightPos",0
4.809414,"/drivetrain/leftPos",0
4.809432,"/drivetrain/leftVelocity",0
4.809449,"/drivetrain/rightPos",0
4.80946,"/drivetrain/rightVelocity",0
4.809485,"/drivetrain/heading",-1.940000057220459
4.809493,"/drivetrain/headingVelocity",0
4.809499,"/drivetrain/xAcceleration",0.008999999612569809
4.809504,"/drivetrain/yAcceleration",-0.00800000037997961
4.80951,"/drivetrain/leftOutputLog",0
4.809514,"/drivetrain/rightOutputLog",0
4.809762,"/intake/pos",0
4.809768,"/intake/output",0
4.810415,"/shooter/rpm",0
4.81054,"/shooter/output",0.1
4.810595,"/shooter/hasBall",true
4.810626,"/shooter/temperature",40
4.811336,"/climber/rightPos",0
4.829447,"/drivetrain/leftPos",0
4.829464,"/drivetrain/leftVelocity",0
4.829479,"/drivetrain/rightPos",0
4.829492,"/drivetrain/rightVelocity",0
4.829516,"/drivetrain/heading",-1.9299999475479126
4.829524,"/drivetrain/headingVelocity",-0.2441406100988388
4.82953,"/drivetrain/xAcceleration",0
4.829535,"/drivetrain/yAcceleration",0.003000000026077032
4.829541,"/drivetrain/leftOutputLog",0
4.829545,"/drivetrain/rightOutputLog",0
4.829747,"/intake/pos",0
4.829752,"/intake/output",0
4.829973,"/shooter/rpm",0
4.830036,"/shooter/output",0.1
4.830075,"/shooter/hasBall",true
4.830108,"/shooter/temperature",40
4.830274,"/climber/rightPos",0
4.849591,"/drivetrain/leftPos",0
4.849634,"/drivetrain/leftVelocity",0
4.849652,"/drivetrain/rightPos",0
4.849665,"/drivetrain/rightVelocity",0
4.849701,"/drivetrain/heading",-1.9299999475479126
4.84971,"/drivetrain/headingVelocity",0.0610351525247097
4.849717,"/drivetrain/xAcceleration",0
4.849722,"/drivetrain/yAcceleration",0.007000000216066837
4.849793,"/drivetrain/leftOutputLog",0
4.849799,"/drivetrain/rightOutputLog",0
4.850007,"/intake/pos",0
4.850012,"/intake/output",0
4.850236,"/shooter/rpm",0
4.850956,"/shooter/output",0.1
4.851202,"/shooter/hasBall",true
4.851233,"/shooter/temperature",40
4.851452,"/climber/rightPos",0
4.869848,"/drivetrain/leftPos",0
4.869867,"/drivetrain/leftVelocity",0
4.869884,"/drivetrain/rightPos",0
4.869896,"/drivetrain/rightVelocity",0
4.869923,"/drivetrain/heading",-1.940000057220459
4.869932,"/drivetrain/headingVelocity",0.7934569716453552
4.869938,"/drivetrain/xAcceleration",-0.006000000052154064
4.869942,"/drivetrain/yAcceleration",0
4.869949,"/drivetrain/leftOutputLog",0
4.869953,"/drivetrain/rightOutputLog",0
4.870163,"/intake/pos",0
4.870169,"/intake/output",0
4.87076,"/shooter/rpm",0
4.870814,"/shooter/output",0.1
4.870864,"/shooter/hasBall",true
4.870895,"/shooter/temperature",40
4.8713,"/climber/rightPos",0
4.889554,"/drivetrain/leftPos",0
4.889572,"/drivetrain/leftVelocity",0
4.889588,"/drivetrain/rightPos",0
4.8896,"/drivetrain/rightVelocity",0
4.889628,"/drivetrain/heading",-1.9800000190734863
4.889637,"/drivetrain/headingVelocity",1.3427733182907104
4.889643,"/drivetrain/xAcceleration",0
4.889648,"/drivetrain/yAcceleration",-0.00800000037997961
4.889654,"/drivetrain/leftOutputLog",0
4.889658,"/drivetrain/rightOutputLog",0
4.890322,"/intake/pos",0
4.890328,"/intake/output",0
4.890516,"/shooter/rpm",0
4.890586,"/shooter/output",0.1
4.890738,"/shooter/hasBall",true
4.890794,"/shooter/temperature",40
4.891203,"/climber/rightPos",0
4.909464,"/drivetrain/leftPos",0
4.909482,"/drivetrain/leftVelocity",0
4.909498,"/drivetrain/rightPos",0
4.909511,"/drivetrain/rightVelocity",0
4.909536,"/drivetrain/heading",-2
4.909544,"/drivetrain/headingVelocity",1.220703125
4.90955,"/drivetrain/xAcceleration",0.004999999888241291
4.909555,"/drivetrain/yAcceleration",-0.008999999612569809
4.909561,"/drivetrain/leftOutputLog",0
4.909565,"/drivetrain/rightOutputLog",0
4.909777,"/intake/pos",0
4.909782,"/intake/output",0
4.910004,"/shooter/rpm",0
4.910066,"/shooter/output",0.1
4.910105,"/shooter/hasBall",true
4.910147,"/shooter/temperature",40
4.910427,"/climber/rightPos",0
4.929577,"/drivetrain/leftPos",0
4.929595,"/drivetrain/leftVelocity",0
4.929611,"/drivetrain/rightPos",0
4.929623,"/drivetrain/rightVelocity",0
4.929649,"/drivetrain/heading",-2.0199999809265137
4.929658,"/drivetrain/headingVelocity",1.0986328125
4.929663,"/drivetrain/xAcceleration",0.003000000026077032
4.929668,"/drivetrain/yAcceleration",-0.007000000216066837
4.929674,"/drivetrain/leftOutputLog",0
4.929679,"/drivetrain/rightOutputLog",0
4.92988,"/intake/pos",0
4.929885,"/intake/output",0
4.930164,"/shooter/rpm",0
4.930187,"/shooter/output",0.1
4.930226,"/shooter/hasBall",true
4.930273,"/shooter/temperature",40
4.93063,"/climber/rightPos",0
4.949427,"/drivetrain/leftPos",0
4.949443,"/drivetrain/leftVelocity",0
4.949459,"/drivetrain/rightPos",0
4.94947,"/drivetrain/rightVelocity",0
4.949496,"/drivetrain/heading",-2.049999952316284
4.949504,"/drivetrain/headingVelocity",0.3662109076976776
4.949511,"/drivetrain/xAcceleration",-0.004000000189989805
4.949516,"/drivetrain/yAcceleration",0.010999999940395355
4.949521,"/drivetrain/leftOutputLog",0
4.949525,"/drivetrain/rightOutputLog",0
4.949814,"/intake/pos",0
4.94982,"/intake/output",0
4.950044,"/shooter/rpm",0
4.950105,"/shooter/output",0.1
4.950143,"/shooter/hasBall",true
4.950186,"/shooter/temperature",40
4.950362,"/climber/rightPos",0
4.969461,"/drivetrain/leftPos",0
4.969478,"/drivetrain/leftVelocity",0
4.969492,"/drivetrain/rightPos",0
4.969504,"/drivetrain/rightVelocity",0
4.969656,"/drivetrain/heading",-2.049999952316284
4.969667,"/drivetrain/headingVelocity",0.1220703050494194
4.969673,"/drivetrain/xAcceleration",-0.004000000189989805
4.969678,"/drivetrain/yAcceleration",0.009999999776482582
4.969685,"/drivetrain/leftOutputLog",0
4.96969,"/drivetrain/rightOutputLog",0
4.970129,"/intake/pos",0
4.970136,"/intake/output",0
4.97061,"/shooter/rpm",0
4.970638,"/shooter/output",0.1
4.970681,"/shooter/hasBall",true
4.970862,"/shooter/temperature",40
4.971256,"/climber/rightPos",0
4.989448,"/drivetrain/leftPos",0
4.989466,"/drivetrain/leftVelocity",0
4.989603,"/drivetrain/rightPos",0
4.98962,"/drivetrain/rightVelocity",0
4.989654,"/drivetrain/heading",-2.049999952316284
4.989663,"/drivetrain/headingVelocity",0
4.989669,"/drivetrain/xAcceleration",-0.006000000052154064
4.989675,"/drivetrain/yAcceleration",0.012000000104308128
4.989681,"/drivetrain/leftOutputLog",0
4.989686,"/drivetrain/rightOutputLog",0
4.990345,"/intake/pos",0
4.990352,"/intake/output",0
4.991021,"/shooter/rpm",0
4.991049,"/shooter/output",0.1
4.991713,"/shooter/hasBall",true
4.991779,"/shooter/temperature",40
4.991971,"/climber/rightPos",0
5.009458,"/drivetrain/leftPos",0
5.009476,"/drivetrain/leftVelocity",0
5.009492,"/drivetrain/rightPos",0
5.009504,"/drivetrain/rightVelocity",0
5.00953,"/drivetrain/heading",-2.049999952316284
5.009537,"/drivetrain/headingVelocity",0
5.009543,"/drivetrain/xAcceleration",0.004999999888241291
5.009548,"/drivetrain/yAcceleration",0
5.009554,"/drivetrain/leftOutputLog",0
5.009558,"/drivetrain/rightOutputLog",0
5.009829,"/intake/pos",0
5.009835,"/intake/output",0
5.010045,"/shooter/rpm",0
5.01021,"/shooter/output",0.1
5.010261,"/shooter/hasBall",true
5.010294,"/shooter/temperature",40
5.010655,"/climber/rightPos",0
5.029424,"/drivetrain/leftPos",0
5.02944,"/drivetrain/leftVelocity",0
5.029456,"/drivetrain/rightPos",0
5.029469,"/drivetrain/rightVelocity",0
5.029494,"/drivetrain/heading",-2.049999952316284
5.029501,"/drivetrain/headingVelocity",0.1220703050494194
5.029507,"/drivetrain/xAcceleration",0
5.029512,"/drivetrain/yAcceleration",-0.006000000052154064
5.029518,"/drivetrain/leftOutputLog",0
5.029522,"/drivetrain/rightOutputLog",0
5.029787,"/intake/pos",0
5.029792,"/intake/output",0
5.030016,"/shooter/rpm",0
5.030079,"/shooter/output",0.1
5.030118,"/shooter/hasBall",true
5.030156,"/shooter/temperature",40
5.030486,"/climber/rightPos",0
5.049471,"/drivetrain/leftPos",0
5.04963,"/drivetrain/leftVelocity",0
5.050101,"/drivetrain/rightPos",0
5.050125,"/drivetrain/rightVelocity",0
5.050753,"/drivetrain/heading",-2.059999942779541
5.050765,"/drivetrain/headingVelocity",0.1831054538488388
5.050772,"/drivetrain/xAcceleration",0.004000000189989805
5.050777,"/drivetrain/yAcceleration",0
5.050785,"/drivetrain/leftOutputLog",0
5.05079,"/drivetrain/rightOutputLog",0
5.051519,"/intake/pos",0
5.051526,"/intake/output",0
5.05206,"/shooter/rpm",0
5.05208,"/shooter/output",0.1
5.052177,"/shooter/hasBall",true
5.052219,"/shooter/temperature",40
5.052839,"/climber/rightPos",0
5.069422,"/drivetrain/leftPos",0
5.069439,"/drivetrain/leftVelocity",0
5.069454,"/drivetrain/rightPos",0
5.069467,"/drivetrain/rightVelocity",0
5.069491,"/drivetrain/heading",-2.059999942779541
5.069499,"/drivetrain/headingVelocity",0
5.069505,"/drivetrain/xAcceleration",0.003000000026077032
5.06951,"/drivetrain/yAcceleration",0
5.069516,"/drivetrain/leftOutputLog",0
5.06952,"/drivetrain/rightOutputLog",0
5.070573,"/intake/pos",0
5.070582,"/intake/output",0
5.0712,"/shooter/rpm",0
5.071219,"/shooter/output",0.1
5.07126,"/shooter/hasBall",true
5.071286,"/shooter/temperature",40
5.071518,"/climber/rightPos",0
5.089571,"/drivetrain/leftPos",0
5.089589,"/drivetrain/leftVelocity",0
5.089604,"/drivetrain/rightPos",0
5.08974,"/drivetrain/rightVelocity",0
5.089776,"/drivetrain/heading",-2.059999942779541
5.089785,"/drivetrain/headingVelocity",-0.1831054538488388
5.089792,"/drivetrain/xAcceleration",0
5.089797,"/drivetrain/yAcceleration",0
5.089804,"/drivetrain/leftOutputLog",0
5.089809,"/drivetrain/rightOutputLog",0
5.090537,"/intake/pos",0
5.090619,"/intake/output",0
5.090844,"/shooter/rpm",0
5.090976,"/shooter/output",0.1
5.091078,"/shooter/hasBall",true
5.091178,"/shooter/temperature",40
5.091555,"/climber/rightPos",0
5.109527,"/drivetrain/leftPos",0
5.109545,"/drivetrain/leftVelocity",0
5.109562,"/drivetrain/rightPos",0
5.109575,"/drivetrain/rightVelocity",0
5.109657,"/drivetrain/heading",-2.049999952316284
5.109666,"/drivetrain/headingVelocity",-0.30517578125
5.109672,"/drivetrain/xAcceleration",-0.004999999888241291
5.109677,"/drivetrain/yAcceleration",0.008999999612569809
5.109683,"/drivetrain/leftOutputLog",0
5.109687,"/drivetrain/rightOutputLog",0
5.110022,"/intake/pos",0
5.110028,"/intake/output",0
5.110259,"/shooter/rpm",0
5.110282,"/shooter/output",0.1
5.11032,"/shooter/hasBall",true
5.11037,"/shooter/temperature",40
5.110548,"/climber/rightPos",0
5.129565,"/drivetrain/leftPos",0
5.129582,"/drivetrain/leftVelocity",0
5.129595,"/drivetrain/rightPos",0
5.129607,"/drivetrain/rightVelocity",0
5.129632,"/drivetrain/heading",-2.0399999618530273
5.129641,"/drivetrain/headingVelocity",-0.1831054538488388
5.129647,"/drivetrain/xAcceleration",0
5.129651,"/drivetrain/yAcceleration",0.003000000026077032
5.129657,"/drivetrain/leftOutputLog",0
5.129661,"/drivetrain/rightOutputLog",0
5.130097,"/intake/pos",0
5.130105,"/intake/output",0
5.130591,"/shooter/rpm",0
5.130622,"/shooter/output",0.1
5.130688,"/shooter/hasBall",true
5.130739,"/shooter/temperature",40
5.130944,"/climber/rightPos",0
5.1495,"/drivetrain/leftPos",0
5.149519,"/drivetrain/leftVelocity",0
5.149536,"/drivetrain/rightPos",0
5.149555,"/drivetrain/rightVelocity",0
5.149584,"/drivetrain/heading",-2.0399999618530273
5.149593,"/drivetrain/headingVelocity",-0.0610351525247097
5.149599,"/drivetrain/xAcceleration",0.007000000216066837
5.149604,"/drivetrain/yAcceleration",0
5.14961,"/drivetrain/leftOutputLog",0
5.149614,"/drivetrain/rightOutputLog",0
5.149902,"/intake/pos",0
5.149908,"/intake/output",0
5.150165,"/shooter/rpm",0
5.150307,"/shooter/output",0.1
5.15037,"/shooter/hasBall",true
5.150411,"/shooter/temperature",40
5.150819,"/climber/rightPos",0
5.170197,"/drivetrain/leftPos",0
5.17022,"/drivetrain/leftVelocity",0
5.170238,"/drivetrain/rightPos",0
5.170251,"/drivetrain/rightVelocity",0
5.170282,"/drivetrain/heading",-2.0399999618530273
5.170292,"/drivetrain/headingVelocity",0
5.170298,"/drivetrain/xAcceleration",0
5.170303,"/drivetrain/yAcceleration",-0.004000000189989805
5.170482,"/drivetrain/leftOutputLog",0
5.170487,"/drivetrain/rightOutputLog",0
5.170994,"/intake/pos",0
5.171001,"/intake/output",0
5.171302,"/shooter/rpm",0
5.171324,"/shooter/output",0.1
5.171364,"/shooter/hasBall",true
5.171406,"/shooter/temperature",40
5.171599,"/climber/rightPos",0
5.189465,"/drivetrain/leftPos",0
5.189482,"/drivetrain/leftVelocity",0
5.189498,"/drivetrain/rightPos",0
5.18951,"/drivetrain/rightVelocity",0
5.189535,"/drivetrain/heading",-2.049999952316284
5.189543,"/drivetrain/headingVelocity",0.0610351525247097
5.189548,"/drivetrain/xAcceleration",-0.003000000026077032
5.189553,"/drivetrain/yAcceleration",-0.007000000216066837
5.189559,"/drivetrain/leftOutputLog",0
5.189563,"/drivetrain/rightOutputLog",0
5.189947,"/intake/pos",0
5.189954,"/intake/output",0
5.190352,"/shooter/rpm",0
5.190654,"/shooter/output",0.1
5.190707,"/shooter/hasBall",true
5.190761,"/shooter/temperature",40
5.191259,"/climber/rightPos",0
5.209592,"/drivetrain/leftPos",0
5.20961,"/drivetrain/leftVelocity",0
5.209625,"/drivetrain/rightPos",0
5.209638,"/drivetrain/rightVelocity",0
5.209663,"/drivetrain/heading",-2.049999952316284
5.209671,"/drivetrain/headingVelocity",0
5.209677,"/drivetrain/xAcceleration",0
5.209681,"/drivetrain/yAcceleration",0
5.209687,"/drivetrain/leftOutputLog",0
5.209691,"/drivetrain/rightOutputLog",0
5.209906,"/intake/pos",0
5.209912,"/intake/output",0
5.210162,"/shooter/rpm",0
5.210185,"/shooter/output",0.1
5.210224,"/shooter/hasBall",true
5.210264,"/shooter/temperature",40
5.210479,"/climber/rightPos",0
5.22943,"/drivetrain/leftPos",0
5.229448,"/drivetrain/leftVelocity",0
5.229464,"/drivetrain/rightPos",0
5.229476,"/drivetrain/rightVelocity",0
5.229501,"/drivetrain/heading",-2.049999952316284
5.229509,"/drivetrain/headingVelocity",0
5.229515,"/drivetrain/xAcceleration",0
5.22952,"/drivetrain/yAcceleration",0.004999999888241291
5.229525,"/drivetrain/leftOutputLog",0
5.22953,"/drivetrain/rightOutputLog",0
5.229772,"/intake/pos",0
5.229778,"/intake/output",0
5.230275,"/shooter/rpm",0
5.230296,"/shooter/output",0.1
5.230339,"/shooter/hasBall",true
5.230378,"/shooter/temperature",40
5.230621,"/climber/rightPos",0
5.249471,"/drivetrain/leftPos",0
5.249488,"/drivetrain/leftVelocity",0
5.249503,"/drivetrain/rightPos",0
5.249515,"/drivetrain/rightVelocity",0
5.249538,"/drivetrain/heading",-2.049999952316284
5.249546,"/drivetrain/headingVelocity",0.0610351525247097
5.249551,"/drivetrain/xAcceleration",0
5.249556,"/drivetrain/yAcceleration",-0.007000000216066837
5.249562,"/drivetrain/leftOutputLog",0
5.249567,"/drivetrain/rightOutputLog",0
5.249834,"/intake/pos",0
5.24984,"/intake/output",0
5.250083,"/shooter/rpm",0
5.250153,"/shooter/output",0.1
5.250444,"/shooter/hasBall",true
5.250509,"/shooter/temperature",40
5.250808,"/climber/rightPos",0
5.269491,"/drivetrain/leftPos",0
5.269509,"/drivetrain/leftVelocity",0
5.269525,"/drivetrain/rightPos",0
5.269537,"/drivetrain/rightVelocity",0
5.269562,"/drivetrain/heading",-2.049999952316284
5.26957,"/drivetrain/headingVelocity",0.1220703050494194
5.269575,"/drivetrain/xAcceleration",0
5.26958,"/drivetrain/yAcceleration",0
5.269586,"/drivetrain/leftOutputLog",0
5.269705,"/drivetrain/rightOutputLog",0
5.27054,"/intake/pos",0
5.270549,"/intake/output",0
5.271047,"/shooter/rpm",0
5.271067,"/shooter/output",0.1
5.271107,"/shooter/hasBall",true
5.271146,"/shooter/temperature",40
5.271329,"/climber/rightPos",0
5.291318,"/drivetrain/leftPos",0
5.291336,"/drivetrain/leftVelocity",0
5.291353,"/drivetrain/rightPos",0
5.291365,"/drivetrain/rightVelocity",0
5.291392,"/drivetrain/heading",-2.049999952316284
5.2914,"/drivetrain/headingVelocity",0.1220703050494194
5.291405,"/drivetrain/xAcceleration",0.003000000026077032
5.291411,"/drivetrain/yAcceleration",-0.008999999612569809
5.291417,"/drivetrain/leftOutputLog",0
5.291421,"/drivetrain/rightOutputLog",0
5.291683,"/intake/pos",0
5.291689,"/intake/output",0
5.291907,"/shooter/rpm",0
5.29193,"/shooter/output",0.1
5.292028,"/shooter/hasBall",true
5.292136,"/shooter/temperature",40
5.292551,"/climber/rightPos",0
5.31059,"/drivetrain/leftPos",0
5.310876,"/drivetrain/leftVelocity",0
5.310908,"/drivetrain/rightPos",0
5.310922,"/drivetrain/rightVelocity",0
5.310958,"/drivetrain/heading",-2.049999952316284
5.310967,"/drivetrain/headingVelocity",-0.0610351525247097
5.310972,"/drivetrain/xAcceleration",0
5.310978,"/drivetrain/yAcceleration",0.003000000026077032
5.310984,"/drivetrain/leftOutputLog",0
5.310988,"/drivetrain/rightOutputLog",0
5.311268,"/intake/pos",0
5.311274,"/intake/output",0
5.311487,"/shooter/rpm",0
5.311509,"/shooter/output",0.1
5.311545,"/shooter/hasBall",true
5.311573,"/shooter/temperature",40
5.311717,"/climber/rightPos",0
5.329542,"/drivetrain/leftPos",0
5.329559,"/drivetrain/leftVelocity",0
5.329574,"/drivetrain/rightPos",0
5.329586,"/drivetrain/rightVelocity",0
5.329611,"/drivetrain/heading",-2.049999952316284
5.329619,"/drivetrain/headingVelocity",-0.1831054538488388
5.329625,"/drivetrain/xAcceleration",0
5.32963,"/drivetrain/yAcceleration",0.004999999888241291
5.329636,"/drivetrain/leftOutputLog",0
5.32964,"/drivetrain/rightOutputLog",0
5.329982,"/intake/pos",0
5.329989,"/intake/output",0
5.330743,"/shooter/rpm",0
5.330779,"/shooter/output",0.1
5.330832,"/shooter/hasBall",true
5.330859,"/shooter/temperature",40
5.331226,"/climber/rightPos",0
5.350091,"/drivetrain/leftPos",0
5.35011,"/drivetrain/leftVelocity",0
5.350125,"/drivetrain/rightPos",0
5.350138,"/drivetrain/rightVelocity",0
5.350165,"/drivetrain/heading",-2.049999952316284
5.350174,"/drivetrain/headingVelocity",-0.1831054538488388
5.35018,"/drivetrain/xAcceleration",0
5.350184,"/drivetrain/yAcceleration",0
5.350191,"/drivetrain/leftOutputLog",0
5.350195,"/drivetrain/rightOutputLog",0
5.350464,"/intake/pos",0
5.350469,"/intake/output",0
5.350719,"/shooter/rpm",0
5.350789,"/shooter/output",0.1
5.350829,"/shooter/hasBall",true
5.350876,"/shooter/temperature",40
5.351037,"/climber/rightPos",0
5.369399,"/drivetrain/leftPos",0
5.369416,"/drivetrain/leftVelocity",0
5.369431,"/drivetrain/rightPos",0
5.369443,"/drivetrain/rightVelocity",0
5.369467,"/drivetrain/heading",-2.0399999618530273
5.369474,"/drivetrain/headingVelocity",-0.1831054538488388
5.36948,"/drivetrain/xAcceleration",0.012000000104308128
5.369485,"/drivetrain/yAcceleration",0
5.369491,"/drivetrain/leftOutputLog",0
5.369495,"/drivetrain/rightOutputLog",0
5.369816,"/intake/pos",0
5.369822,"/intake/output",0
5.370199,"/shooter/rpm",0
5.370229,"/shooter/output",0.1
5.370508,"/shooter/hasBall",true
5.370634,"/shooter/temperature",40
5.371445,"/climber/rightPos",0
5.389801,"/drivetrain/leftPos",0
5.389834,"/drivetrain/leftVelocity",0
5.389853,"/drivetrain/rightPos",0
5.389866,"/drivetrain/rightVelocity",0
5.389901,"/drivetrain/heading",-2.0399999618530273
5.38991,"/drivetrain/headingVelocity",-0.0610351525247097
5.389916,"/drivetrain/xAcceleration",0
5.389921,"/drivetrain/yAcceleration",0
5.389929,"/drivetrain/leftOutputLog",0
5.389933,"/drivetrain/rightOutputLog",0
5.390652,"/intake/pos",0
5.390661,"/intake/output",0
5.391414,"/shooter/rpm",0
5.391478,"/shooter/output",0.1
5.391521,"/shooter/hasBall",true
5.391568,"/shooter/temperature",40
5.39174,"/climber/rightPos",0
5.409622,"/drivetrain/leftPos",0
5.409641,"/drivetrain/leftVelocity",0
5.409657,"/drivetrain/rightPos",0
5.409669,"/drivetrain/rightVelocity",0
5.409747,"/drivetrain/heading",-2.0299999713897705
5.409756,"/drivetrain/headingVelocity",-0.1220703050494194
5.409762,"/drivetrain/xAcceleration",0
5.409767,"/drivetrain/yAcceleration",-0.009999999776482582
5.409773,"/drivetrain/leftOutputLog",0
5.409778,"/drivetrain/rightOutputLog",0
5.41134,"/intake/pos",0
5.411346,"/intake/output",0
5.411602,"/shooter/rpm",0
5.411625,"/shooter/output",0.1
5.411663,"/shooter/hasBall",true
5.411706,"/shooter/temperature",40
5.411883,"/climber/rightPos",0
5.429575,"/drivetrain/leftPos",0
5.429592,"/drivetrain/leftVelocity",0
5.429609,"/drivetrain/rightPos",0
5.429621,"/drivetrain/rightVelocity",0
5.429645,"/drivetrain/heading",-2.0299999713897705
5.429652,"/drivetrain/headingVelocity",0
5.429658,"/drivetrain/xAcceleration",0
5.429662,"/drivetrain/yAcceleration",-0.004999999888241291
5.429668,"/drivetrain/leftOutputLog",0
5.429672,"/drivetrain/rightOutputLog",0
5.430034,"/intake/pos",0
5.430041,"/intake/output",0
5.430302,"/shooter/rpm",0
5.430328,"/shooter/output",0.1
5.430368,"/shooter/hasBall",true
5.430415,"/shooter/temperature",40
5.430631,"/climber/rightPos",0
5.449454,"/drivetrain/leftPos",0
5.44947,"/drivetrain/leftVelocity",0
5.449484,"/drivetrain/rightPos",0
5.449496,"/drivetrain/rightVelocity",0
5.449521,"/drivetrain/heading",-2.0299999713897705
5.449529,"/drivetrain/headingVelocity",0
5.449534,"/drivetrain/xAcceleration",0
5.449539,"/drivetrain/yAcceleration",0
5.449545,"/drivetrain/leftOutputLog",0
5.44955,"/drivetrain/rightOutputLog",0
5.45003,"/intake/pos",0
5.450036,"/intake/output",0
5.451107,"/shooter/rpm",0
5.451125,"/shooter/output",0.1
5.451175,"/shooter/hasBall",true
5.451225,"/shooter/temperature",40
5.451666,"/climber/rightPos",0
5.469458,"/drivetrain/leftPos",0
5.469532,"/drivetrain/leftVelocity",0
5.46955,"/drivetrain/rightPos",0
5.469562,"/drivetrain/rightVelocity",0
5.469593,"/drivetrain/heading",-2.0299999713897705
5.469602,"/drivetrain/headingVelocity",0
5.469608,"/drivetrain/xAcceleration",0
5.469613,"/drivetrain/yAcceleration",0
5.46962,"/drivetrain/leftOutputLog",0
5.469624,"/drivetrain/rightOutputLog",0
5.470037,"/intake/pos",0
5.470045,"/intake/output",0
5.470468,"/shooter/rpm",0
5.470557,"/shooter/output",0.1
5.470615,"/shooter/hasBall",true
5.470641,"/shooter/temperature",40
5.470978,"/climber/rightPos",0
5.489776,"/drivetrain/leftPos",0
5.489796,"/drivetrain/leftVelocity",0
5.489813,"/drivetrain/rightPos",0
5.489825,"/drivetrain/rightVelocity",0
5.489858,"/drivetrain/heading",-2.0299999713897705
5.489867,"/drivetrain/headingVelocity",0
5.489873,"/drivetrain/xAcceleration",0
5.489928,"/drivetrain/yAcceleration",0
5.489936,"/drivetrain/leftOutputLog",0
5.48994,"/drivetrain/rightOutputLog",0
5.49034,"/intake/pos",0
5.490346,"/intake/output",0
5.490762,"/shooter/rpm",0
5.490807,"/shooter/output",0.1
5.490853,"/shooter/hasBall",true
5.490893,"/shooter/temperature",40
5.491165,"/climber/rightPos",0
5.509471,"/drivetrain/leftPos",0
5.509488,"/drivetrain/leftVelocity",0
5.509503,"/drivetrain/rightPos",0
5.509516,"/drivetrain/rightVelocity",0
5.509541,"/drivetrain/heading",-2.0299999713897705
5.509549,"/drivetrain/headingVelocity",0
5.509555,"/drivetrain/xAcceleration",0
5.50956,"/drivetrain/yAcceleration",0
5.509566,"/drivetrain/leftOutputLog",0
5.50957,"/drivetrain/rightOutputLog",0
5.509838,"/intake/pos",0
5.509844,"/intake/output",0
5.510072,"/shooter/rpm",0
5.510245,"/shooter/output",0.1
5.510307,"/shooter/hasBall",true
5.510336,"/shooter/temperature",40
5.510729,"/climber/rightPos",0
5.529525,"/drivetrain/leftPos",0
5.529543,"/drivetrain/leftVelocity",0
5.52956,"/drivetrain/rightPos",0
5.529573,"/drivetrain/rightVelocity",0
5.529601,"/drivetrain/heading",-2.0399999618530273
5.529609,"/drivetrain/headingVelocity",0.0610351525247097
5.529615,"/drivetrain/xAcceleration",0
5.52962,"/drivetrain/yAcceleration",0
5.529626,"/drivetrain/leftOutputLog",0
5.529631,"/drivetrain/rightOutputLog",0
5.52996,"/intake/pos",0
5.529967,"/intake/output",0
5.530227,"/shooter/rpm",0
5.530249,"/shooter/output",0.1
5.530286,"/shooter/hasBall",true
5.530324,"/shooter/temperature",40
5.530543,"/climber/rightPos",0
5.549421,"/drivetrain/leftPos",0
5.549438,"/drivetrain/leftVelocity",0
5.549453,"/drivetrain/rightPos",0
5.549465,"/drivetrain/rightVelocity",0
5.549491,"/drivetrain/heading",-2.0399999618530273
5.549499,"/drivetrain/headingVelocity",0.0610351525247097
5.549505,"/drivetrain/xAcceleration",0
5.549509,"/drivetrain/yAcceleration",0
5.549515,"/drivetrain/leftOutputLog",0
5.549519,"/drivetrain/rightOutputLog",0
5.549924,"/intake/pos",0
5.549931,"/intake/output",0
5.550718,"/shooter/rpm",0
5.55075,"/shooter/output",0.1
5.550797,"/shooter/hasBall",true
5.551013,"/shooter/temperature",40
5.551608,"/climber/rightPos",0
5.569377,"/drivetrain/leftPos",0
5.569394,"/drivetrain/leftVelocity",0
5.56941,"/drivetrain/rightPos",0
5.569422,"/drivetrain/rightVelocity",0
5.569447,"/drivetrain/heading",-2.0399999618530273
5.569455,"/drivetrain/headingVelocity",0.0610351525247097
5.56946,"/drivetrain/xAcceleration",0
5.569465,"/drivetrain/yAcceleration",0
5.569471,"/drivetrain/leftOutputLog",0
5.569476,"/drivetrain/rightOutputLog",0
5.570097,"/intake/pos",0
5.570106,"/intake/output",0
5.570984,"/shooter/rpm",0
5.571009,"/shooter/output",0.1
5.571055,"/shooter/hasBall",true
5.571083,"/shooter/temperature",40
5.571288,"/climber/rightPos",0
5.589806,"/drivetrain/leftPos",0
5.589826,"/drivetrain/leftVelocity",0
5.589843,"/drivetrain/rightPos",0
5.589856,"/drivetrain/rightVelocity",0
5.589886,"/drivetrain/heading",-2.0399999618530273
5.589947,"/drivetrain/headingVelocity",0
5.589954,"/drivetrain/xAcceleration",0
5.58996,"/drivetrain/yAcceleration",0
5.589967,"/drivetrain/leftOutputLog",0
5.589972,"/drivetrain/rightOutputLog",0
5.590692,"/intake/pos",0
5.5907,"/intake/output",0
5.591714,"/shooter/rpm",0
5.591777,"/shooter/output",0.1
5.591821,"/shooter/hasBall",true
5.591847,"/shooter/temperature",40
5.592316,"/climber/rightPos",0
5.60945,"/drivetrain/leftPos",0
5.609468,"/drivetrain/leftVelocity",0
5.609484,"/drivetrain/rightPos",0
5.609495,"/drivetrain/rightVelocity",0
5.60952,"/drivetrain/heading",-2.0399999618530273
5.609528,"/drivetrain/headingVelocity",0
5.609534,"/drivetrain/xAcceleration",0
5.609539,"/drivetrain/yAcceleration",-0.003000000026077032
5.609544,"/drivetrain/leftOutputLog",0
5.609549,"/drivetrain/rightOutputLog",0
5.609746,"/intake/pos",0
5.609752,"/intake/output",0
5.610127,"/shooter/rpm",0
5.610156,"/shooter/output",0.1
5.610205,"/shooter/hasBall",true
5.610317,"/shooter/temperature",40
5.610607,"/climber/rightPos",0
5.62951,"/drivetrain/leftPos",0
5.629527,"/drivetrain/leftVelocity",0
5.629541,"/drivetrain/rightPos",0
5.629554,"/drivetrain/rightVelocity",0
5.629578,"/drivetrain/heading",-2.0399999618530273
5.629586,"/drivetrain/headingVelocity",0
5.629591,"/drivetrain/xAcceleration",0
5.629596,"/drivetrain/yAcceleration",0
5.629602,"/drivetrain/leftOutputLog",0
5.629606,"/drivetrain/rightOutputLog",0
5.629798,"/intake/pos",0
5.629804,"/intake/output",0
5.630041,"/shooter/rpm",0
5.630063,"/shooter/output",0.1
5.630099,"/shooter/hasBall",true
5.630142,"/shooter/temperature",40
5.630301,"/climber/rightPos",0
5.649651,"/drivetrain/leftPos",0
5.649668,"/drivetrain/leftVelocity",0
5.649685,"/drivetrain/rightPos",0
5.649696,"/drivetrain/rightVelocity",0
5.649723,"/drivetrain/heading",-2.0399999618530273
5.649731,"/drivetrain/headingVelocity",0.0610351525247097
5.649737,"/drivetrain/xAcceleration",0
5.649742,"/drivetrain/yAcceleration",0
5.649748,"/drivetrain/leftOutputLog",0
5.649752,"/drivetrain/rightOutputLog",0
5.650079,"/intake/pos",0
5.650084,"/intake/output",0
5.650674,"/shooter/rpm",0
5.650933,"/shooter/output",0.1
5.650989,"/shooter/hasBall",true
5.651308,"/shooter/temperature",40
5.651776,"/climber/rightPos",0
5.670282,"/drivetrain/leftPos",0
5.670323,"/drivetrain/leftVelocity",0
5.670341,"/drivetrain/rightPos",0
5.670354,"/drivetrain/rightVelocity",0
5.670403,"/drivetrain/heading",-2.049999952316284
5.670412,"/drivetrain/headingVelocity",0.0610351525247097
5.670419,"/drivetrain/xAcceleration",0
5.670424,"/drivetrain/yAcceleration",0
5.67043,"/drivetrain/leftOutputLog",0
5.670435,"/drivetrain/rightOutputLog",0
5.671276,"/intake/pos",0
5.671283,"/intake/output",0
5.671528,"/shooter/rpm",0
5.671545,"/shooter/output",0.1
5.671583,"/shooter/hasBall",true
5.671629,"/shooter/temperature",40
5.671821,"/climber/rightPos",0
5.68943,"/drivetrain/leftPos",0
5.689446,"/drivetrain/leftVelocity",0
5.689461,"/drivetrain/rightPos",0
5.689472,"/drivetrain/rightVelocity",0
5.689498,"/drivetrain/heading",-2.049999952316284
5.689507,"/drivetrain/headingVelocity",0.0610351525247097
5.689512,"/drivetrain/xAcceleration",0
5.689517,"/drivetrain/yAcceleration",0
5.689523,"/drivetrain/leftOutputLog",0
5.689527,"/drivetrain/rightOutputLog",0
5.690004,"/intake/pos",0
5.690012,"/intake/output",0
5.690452,"/shooter/rpm",0
5.690482,"/shooter/output",0.1
5.690524,"/shooter/hasBall",true
5.690576,"/shooter/temperature",40
5.690838,"/climber/rightPos",0
5.709471,"/drivetrain/leftPos",0
5.709487,"/drivetrain/leftVelocity",0
5.709502,"/drivetrain/rightPos",0
5.709515,"/drivetrain/rightVelocity",0
5.70954,"/drivetrain/heading",-2.049999952316284
5.709548,"/drivetrain/headingVelocity",0.0610351525247097
5.709553,"/drivetrain/xAcceleration",0
5.709558,"/drivetrain/yAcceleration",0
5.709564,"/drivetrain/leftOutputLog",0
5.709569,"/drivetrain/rightOutputLog",0
5.710479,"/intake/pos",0
5.710486,"/intake/output",0
5.711495,"/shooter/rpm",0
5.711513,"/shooter/output",0.1
5.711601,"/shooter/hasBall",true
5.711652,"/shooter/temperature",40
5.711926,"/climber/rightPos",0
5.729711,"/drivetrain/leftPos",0
5.729728,"/drivetrain/leftVelocity",0
5.729743,"/drivetrain/rightPos",0
5.729754,"/drivetrain/rightVelocity",0
5.729778,"/drivetrain/heading",-2.059999942779541
5.729786,"/drivetrain/headingVelocity",0.1220703050494194
5.729792,"/drivetrain/xAcceleration",0.003000000026077032
5.729797,"/drivetrain/yAcceleration",0
5.729802,"/drivetrain/leftOutputLog",0
5.729806,"/drivetrain/rightOutputLog",0
5.730545,"/intake/pos",0
5.730555,"/intake/output",0
5.730985,"/shooter/rpm",0
5.731021,"/shooter/output",0.1
5.731192,"/shooter/hasBall",true
5.731248,"/shooter/temperature",40
5.731742,"/climber/rightPos",0
5.749724,"/drivetrain/leftPos",0
5.749744,"/drivetrain/leftVelocity",0
5.749761,"/drivetrain/rightPos",0
5.74996,"/drivetrain/rightVelocity",0
5.750207,"/drivetrain/heading",-2.059999942779541
5.750217,"/drivetrain/headingVelocity",0.0610351525247097
5.750438,"/drivetrain/xAcceleration",0
5.750444,"/drivetrain/yAcceleration",0
5.750452,"/drivetrain/leftOutputLog",0
5.750457,"/drivetrain/rightOutputLog",0
5.751792,"/intake/pos",0
5.751799,"/intake/output",0
5.752147,"/shooter/rpm",0
5.752173,"/shooter/output",0.1
5.752218,"/shooter/hasBall",true
5.752482,"/shooter/temperature",40
5.752682,"/climber/rightPos",0
5.770901,"/drivetrain/leftPos",0
5.770919,"/drivetrain/leftVelocity",0
5.770934,"/drivetrain/rightPos",0
5.770946,"/drivetrain/rightVelocity",0
5.770976,"/drivetrain/heading",-2.059999942779541
5.770985,"/drivetrain/headingVelocity",0.0610351525247097
5.770991,"/drivetrain/xAcceleration",0
5.770996,"/drivetrain/yAcceleration",0
5.771002,"/drivetrain/leftOutputLog",0
5.771006,"/drivetrain/rightOutputLog",0
5.771244,"/intake/pos",0
5.77125,"/intake/output",0
5.771592,"/shooter/rpm",0
5.771618,"/shooter/output",0.1
5.771659,"/shooter/hasBall",true
5.771814,"/shooter/temperature",40
5.772131,"/climber/rightPos",0
5.789458,"/drivetrain/leftPos",0
5.789474,"/drivetrain/leftVelocity",0
5.789491,"/drivetrain/rightPos",0
5.789504,"/drivetrain/rightVelocity",0
5.789528,"/drivetrain/heading",-2.059999942779541
5.789536,"/drivetrain/headingVelocity",0
5.789542,"/drivetrain/xAcceleration",0
5.789547,"/drivetrain/yAcceleration",0
5.789553,"/drivetrain/leftOutputLog",0
5.789557,"/drivetrain/rightOutputLog",0
5.789941,"/intake/pos",0
5.789947,"/intake/output",0
5.790438,"/shooter/rpm",0
5.790467,"/shooter/output",0.1
5.790623,"/shooter/hasBall",true
5.790659,"/shooter/temperature",40
5.791248,"/climber/rightPos",0
5.80949,"/drivetrain/leftPos",0
5.809507,"/drivetrain/leftVelocity",0
5.809522,"/drivetrain/rightPos",0
5.809534,"/drivetrain/rightVelocity",0
5.809559,"/drivetrain/heading",-2.059999942779541
5.809568,"/drivetrain/headingVelocity",0
5.809574,"/drivetrain/xAcceleration",0
5.809579,"/drivetrain/yAcceleration",0
5.809585,"/drivetrain/leftOutputLog",0
5.809589,"/drivetrain/rightOutputLog",0
5.809802,"/intake/pos",0
5.809808,"/intake/output",0
5.810076,"/shooter/rpm",0
5.810102,"/shooter/output",0.1
5.810139,"/shooter/hasBall",true
5.810165,"/shooter/temperature",40
5.810443,"/climber/rightPos",0
5.829816,"/drivetrain/leftPos",0
5.829836,"/drivetrain/leftVelocity",0
5.829853,"/drivetrain/rightPos",0
5.829865,"/drivetrain/rightVelocity",0
5.829895,"/drivetrain/heading",-2.059999942779541
5.829905,"/drivetrain/headingVelocity",0
5.829911,"/drivetrain/xAcceleration",0
5.829917,"/drivetrain/yAcceleration",0
5.829925,"/drivetrain/leftOutputLog",0
5.829929,"/drivetrain/rightOutputLog",0
5.830222,"/intake/pos",0
5.830228,"/intake/output",0
5.830477,"/shooter/rpm",0
5.830506,"/shooter/output",0.1
5.830552,"/shooter/hasBall",true
5.8306,"/shooter/temperature",40
5.830812,"/climber/rightPos",0
5.849502,"/drivetrain/leftPos",0
5.84952,"/drivetrain/leftVelocity",0
5.849534,"/drivetrain/rightPos",0
5.849559,"/drivetrain/rightVelocity",0
5.849586,"/drivetrain/heading",-2.069999933242798
5.849594,"/drivetrain/headingVelocity",0.0610351525247097
5.8496,"/drivetrain/xAcceleration",0
5.849605,"/drivetrain/yAcceleration",0
5.849611,"/drivetrain/leftOutputLog",0
5.849615,"/drivetrain/rightOutputLog",0
5.850176,"/intake/pos",0
5.850183,"/intake/output",0
5.850649,"/shooter/rpm",0
5.850679,"/shooter/output",0.1
5.850721,"/shooter/hasBall",true
5.850767,"/shooter/temperature",40
5.851289,"/climber/rightPos",0
5.869499,"/drivetrain/leftPos",0
5.869518,"/drivetrain/leftVelocity",0
5.869532,"/drivetrain/rightPos",0
5.869544,"/drivetrain/rightVelocity",0
5.869569,"/drivetrain/heading",-2.069999933242798
5.869577,"/drivetrain/headingVelocity",0
5.869583,"/drivetrain/xAcceleration",0
5.869588,"/drivetrain/yAcceleration",0
5.869593,"/drivetrain/leftOutputLog",0
5.869597,"/drivetrain/rightOutputLog",0
5.869801,"/intake/pos",0
5.869807,"/intake/output",0
5.870579,"/shooter/rpm",0
5.870613,"/shooter/output",0.1
5.870667,"/shooter/hasBall",true
5.870709,"/shooter/temperature",40
5.871134,"/climber/rightPos",0
5.889786,"/drivetrain/leftPos",0
5.889806,"/drivetrain/leftVelocity",0
5.889824,"/drivetrain/rightPos",0
5.889836,"/drivetrain/rightVelocity",0
5.889873,"/drivetrain/heading",-2.069999933242798
5.889883,"/drivetrain/headingVelocity",0
5.88989,"/drivetrain/xAcceleration",0
5.889895,"/drivetrain/yAcceleration",0
5.889901,"/drivetrain/leftOutputLog",0
5.889956,"/drivetrain/rightOutputLog",0
5.890424,"/intake/pos",0
5.890431,"/intake/output",0
5.891309,"/shooter/rpm",0
5.891327,"/shooter/output",0.1
5.89137,"/shooter/hasBall",true
5.891415,"/shooter/temperature",40
5.891923,"/climber/rightPos",0
5.909411,"/drivetrain/leftPos",0
5.909427,"/drivetrain/leftVelocity",0
5.909442,"/drivetrain/rightPos",0
5.909454,"/drivetrain/rightVelocity",0
5.909479,"/drivetrain/heading",-2.059999942779541
5.909486,"/drivetrain/headingVelocity",0
5.909492,"/drivetrain/xAcceleration",0
5.909497,"/drivetrain/yAcceleration",0
5.909503,"/drivetrain/leftOutputLog",0
5.909507,"/drivetrain/rightOutputLog",0
5.909893,"/intake/pos",0
5.909898,"/intake/output",0
5.910253,"/shooter/rpm",0
5.910285,"/shooter/output",0.1
5.910379,"/shooter/hasBall",true
5.910439,"/shooter/temperature",40
5.910632,"/climber/rightPos",0
5.929793,"/drivetrain/leftPos",0
5.929812,"/drivetrain/leftVelocity",0
5.929829,"/drivetrain/rightPos",0
5.929841,"/drivetrain/rightVelocity",0
5.92987,"/drivetrain/heading",-2.059999942779541
5.929879,"/drivetrain/headingVelocity",0
5.929886,"/drivetrain/xAcceleration",0
5.929891,"/drivetrain/yAcceleration",0
5.9301,"/drivetrain/leftOutputLog",0
5.930105,"/drivetrain/rightOutputLog",0
5.930322,"/intake/pos",0
5.930328,"/intake/output",0
5.930566,"/shooter/rpm",0
5.930589,"/shooter/output",0.1
5.930624,"/shooter/hasBall",true
5.930661,"/shooter/temperature",40
5.930816,"/climber/rightPos",0
5.949426,"/drivetrain/leftPos",0
5.949443,"/drivetrain/leftVelocity",0
5.949458,"/drivetrain/rightPos",0
5.94947,"/drivetrain/rightVelocity",0
5.949494,"/drivetrain/heading",-2.059999942779541
5.949502,"/drivetrain/headingVelocity",0
5.949508,"/drivetrain/xAcceleration",0
5.949512,"/drivetrain/yAcceleration",0
5.949518,"/drivetrain/leftOutputLog",0
5.949523,"/drivetrain/rightOutputLog",0
5.949897,"/intake/pos",0
5.949903,"/intake/output",0
5.950332,"/shooter/rpm",0
5.95036,"/shooter/output",0.1
5.95041,"/shooter/hasBall",true
5.950446,"/shooter/temperature",40
5.950766,"/climber/rightPos",0
5.969598,"/drivetrain/leftPos",0
5.969617,"/drivetrain/leftVelocity",0
5.96969,"/drivetrain/rightPos",0
5.969705,"/drivetrain/rightVelocity",0
5.969855,"/drivetrain/heading",-2.059999942779541
5.969865,"/drivetrain/headingVelocity",0
5.969871,"/drivetrain/xAcceleration",0.003000000026077032
5.969876,"/drivetrain/yAcceleration",0
5.969883,"/drivetrain/leftOutputLog",0
5.969887,"/drivetrain/rightOutputLog",0
5.970252,"/intake/pos",0
5.970258,"/intake/output",0
5.970788,"/shooter/rpm",0
5.971238,"/shooter/output",0.1
5.971291,"/shooter/hasBall",true
5.971334,"/shooter/temperature",40
5.971604,"/climber/rightPos",0
5.989585,"/drivetrain/leftPos",0
5.989603,"/drivetrain/leftVelocity",0
5.989618,"/drivetrain/rightPos",0
5.98963,"/drivetrain/rightVelocity",0
5.989655,"/drivetrain/heading",-2.059999942779541
5.989663,"/drivetrain/headingVelocity",0
5.989669,"/drivetrain/xAcceleration",0.003000000026077032
5.989674,"/drivetrain/yAcceleration",0
5.989798,"/drivetrain/leftOutputLog",0
5.989804,"/drivetrain/rightOutputLog",0
5.990266,"/intake/pos",0
5.990273,"/intake/output",0
5.990859,"/shooter/rpm",0
5.990888,"/shooter/output",0.1
5.990933,"/shooter/hasBall",true
5.990978,"/shooter/temperature",40
5.991183,"/climber/rightPos",0
6.009512,"/drivetrain/leftPos",0
6.009529,"/drivetrain/leftVelocity",0
6.009544,"/drivetrain/rightPos",0
6.009555,"/drivetrain/rightVelocity",0
6.009579,"/drivetrain/heading",-2.059999942779541
6.009587,"/drivetrain/headingVelocity",0
6.009593,"/drivetrain/xAcceleration",0.003000000026077032
6.009597,"/drivetrain/yAcceleration",0
6.009603,"/drivetrain/leftOutputLog",0
6.009607,"/drivetrain/rightOutputLog",0
6.009804,"/intake/pos",0
6.00981,"/intake/output",0
6.010294,"/shooter/rpm",0
6.010406,"/shooter/output",0.1
6.010456,"/shooter/hasBall",true
6.010486,"/shooter/temperature",40
6.010908,"/climber/rightPos",0
6.029714,"/drivetrain/leftPos",0
6.029731,"/drivetrain/leftVelocity",0
6.029747,"/drivetrain/rightPos",0
6.029759,"/drivetrain/rightVelocity",0
6.029785,"/drivetrain/heading",-2.059999942779541
6.029793,"/drivetrain/headingVelocity",0
6.029798,"/drivetrain/xAcceleration",0.003000000026077032
6.029804,"/drivetrain/yAcceleration",0
6.02981,"/drivetrain/leftOutputLog",0
6.029814,"/drivetrain/rightOutputLog",0
6.030021,"/intake/pos",0
6.030026,"/intake/output",0
6.030243,"/shooter/rpm",0
6.030316,"/shooter/output",0.1
6.030355,"/shooter/hasBall",true
6.030388,"/shooter/temperature",40
6.030609,"/climber/rightPos",0
6.049458,"/drivetrain/leftPos",0
6.049477,"/drivetrain/leftVelocity",0
6.049494,"/drivetrain/rightPos",0
6.049507,"/drivetrain/rightVelocity",0
6.049535,"/drivetrain/heading",-2.059999942779541
6.049543,"/drivetrain/headingVelocity",0
6.049549,"/drivetrain/xAcceleration",0
6.049554,"/drivetrain/yAcceleration",0
6.049561,"/drivetrain/leftOutputLog",0
6.049565,"/drivetrain/rightOutputLog",0
6.049847,"/intake/pos",0
6.049853,"/intake/output",0
6.050333,"/shooter/rpm",0
6.050363,"/shooter/output",0.1
6.050407,"/shooter/hasBall",true
6.050435,"/shooter/temperature",40
6.051117,"/climber/rightPos",0
6.069508,"/drivetrain/leftPos",0
6.069526,"/drivetrain/leftVelocity",0
6.069542,"/drivetrain/rightPos",0
6.069554,"/drivetrain/rightVelocity",0
6.069578,"/drivetrain/heading",-2.059999942779541
6.069587,"/drivetrain/headingVelocity",0
6.069592,"/drivetrain/xAcceleration",0
6.069597,"/drivetrain/yAcceleration",0
6.069603,"/drivetrain/leftOutputLog",0
6.069607,"/drivetrain/rightOutputLog",0
6.069949,"/intake/pos",0
6.069956,"/intake/output",0
6.070164,"/shooter/rpm",0
6.070187,"/shooter/output",0.1
6.070222,"/shooter/hasBall",true
6.070252,"/shooter/temperature",40
6.070759,"/climber/rightPos",0
6.089454,"/drivetrain/leftPos",0
6.089471,"/drivetrain/leftVelocity",0
6.089487,"/drivetrain/rightPos",0
6.089499,"/drivetrain/rightVelocity",0
6.089524,"/drivetrain/heading",-2.059999942779541
6.089533,"/drivetrain/headingVelocity",0.1220703050494194
6.089538,"/drivetrain/xAcceleration",0
6.089543,"/drivetrain/yAcceleration",0
6.089549,"/drivetrain/leftOutputLog",0
6.089554,"/drivetrain/rightOutputLog",0
6.090195,"/intake/pos",0
6.090207,"/intake/output",0
6.090723,"/shooter/rpm",0
6.090754,"/shooter/output",0.1
6.090805,"/shooter/hasBall",true
6.09086,"/shooter/temperature",40
6.091217,"/climber/rightPos",0
6.109777,"/drivetrain/leftPos",0
6.109795,"/drivetrain/leftVelocity",0
6.10981,"/drivetrain/rightPos",0
6.109822,"/drivetrain/rightVelocity",0
6.109852,"/drivetrain/heading",-2.059999942779541
6.10986,"/drivetrain/headingVelocity",0.1831054538488388
6.109866,"/drivetrain/xAcceleration",0
6.109872,"/drivetrain/yAcceleration",0
6.109877,"/drivetrain/leftOutputLog",0
6.109882,"/drivetrain/rightOutputLog",0
6.110111,"/intake/pos",0
6.110117,"/intake/output",0
6.110708,"/shooter/rpm",0
6.110734,"/shooter/output",0.1
6.110779,"/shooter/hasBall",true
6.110827,"/shooter/temperature",40
6.111239,"/climber/rightPos",0
6.129397,"/drivetrain/leftPos",0
6.129413,"/drivetrain/leftVelocity",0
6.129429,"/drivetrain/rightPos",0
6.129441,"/drivetrain/rightVelocity",0
6.129465,"/drivetrain/heading",-2.069999933242798
6.129473,"/drivetrain/headingVelocity",0.2441406100988388
6.129478,"/drivetrain/xAcceleration",0
6.129483,"/drivetrain/yAcceleration",0
6.129489,"/drivetrain/leftOutputLog",0
6.129493,"/drivetrain/rightOutputLog",0
6.12978,"/intake/pos",0
6.129787,"/intake/output",0
6.129996,"/shooter/rpm",0
6.130018,"/shooter/output",0.1
6.130063,"/shooter/hasBall",true
6.130101,"/shooter/temperature",40
6.130282,"/climber/rightPos",0
6.149458,"/drivetrain/leftPos",0
6.149476,"/drivetrain/leftVelocity",0
6.14949,"/drivetrain/rightPos",0
6.149503,"/drivetrain/rightVelocity",0
6.14953,"/drivetrain/heading",-2.0799999237060547
6.149539,"/drivetrain/headingVelocity",0.1831054538488388
6.149544,"/drivetrain/xAcceleration",0
6.149549,"/drivetrain/yAcceleration",0
6.149556,"/drivetrain/leftOutputLog",0
6.14956,"/drivetrain/rightOutputLog",0
6.149813,"/intake/pos",0
6.149819,"/intake/output",0
6.150076,"/shooter/rpm",0
6.150286,"/shooter/output",0.1
6.150351,"/shooter/hasBall",true
6.150484,"/shooter/temperature",40
6.150692,"/climber/rightPos",0
6.169839,"/drivetrain/leftPos",0
6.169903,"/drivetrain/leftVelocity",0
6.169924,"/drivetrain/rightPos",0
6.169936,"/drivetrain/rightVelocity",0
6.169976,"/drivetrain/heading",-2.0799999237060547
6.169986,"/drivetrain/headingVelocity",0.1220703050494194
6.170129,"/drivetrain/xAcceleration",0
6.170164,"/drivetrain/yAcceleration",0
6.170174,"/drivetrain/leftOutputLog",0
6.170179,"/drivetrain/rightOutputLog",0
6.170428,"/intake/pos",0
6.170433,"/intake/output",0
6.170648,"/shooter/rpm",0
6.170674,"/shooter/output",0.1
6.170711,"/shooter/hasBall",true
6.170757,"/shooter/temperature",40
6.170927,"/climber/rightPos",0
6.189526,"/drivetrain/leftPos",0
6.189543,"/drivetrain/leftVelocity",0
6.189558,"/drivetrain/rightPos",0
6.18957,"/drivetrain/rightVelocity",0
6.189598,"/drivetrain/heading",-2.0799999237060547
6.189607,"/drivetrain/headingVelocity",0.1220703050494194
6.189612,"/drivetrain/xAcceleration",0
6.189617,"/drivetrain/yAcceleration",0
6.189623,"/drivetrain/leftOutputLog",0
6.189627,"/drivetrain/rightOutputLog",0
6.190299,"/intake/pos",0
6.190306,"/intake/output",0
6.191058,"/shooter/rpm",0
6.191083,"/shooter/output",0.1
6.191136,"/shooter/hasBall",true
6.191182,"/shooter/temperature",40
6.191494,"/climber/rightPos",0
6.209456,"/drivetrain/leftPos",0
6.209475,"/drivetrain/leftVelocity",0
6.209491,"/drivetrain/rightPos",0
6.209502,"/drivetrain/rightVelocity",0
6.209528,"/drivetrain/heading",-2.0799999237060547
6.209536,"/drivetrain/headingVelocity",0
6.209542,"/drivetrain/xAcceleration",0
6.209547,"/drivetrain/yAcceleration",0
6.209553,"/drivetrain/leftOutputLog",0
6.209557,"/drivetrain/rightOutputLog",0
6.209775,"/intake/pos",0
6.20978,"/intake/output",0
6.209979,"/shooter/rpm",0
6.210397,"/shooter/output",0.1
6.210702,"/shooter/hasBall",true
6.211107,"/shooter/temperature",40
6.211327,"/climber/rightPos",0
6.229417,"/drivetrain/leftPos",0
6.229435,"/drivetrain/leftVelocity",0
6.22945,"/drivetrain/rightPos",0
6.229462,"/drivetrain/rightVelocity",0
6.229487,"/drivetrain/heading",-2.0799999237060547
6.229495,"/drivetrain/headingVelocity",0
6.229501,"/drivetrain/xAcceleration",0
6.229506,"/drivetrain/yAcceleration",0
6.229512,"/drivetrain/leftOutputLog",0
6.229516,"/drivetrain/rightOutputLog",0
6.229735,"/intake/pos",0
6.229741,"/intake/output",0
6.229978,"/shooter/rpm",0
6.230001,"/shooter/output",0.1
6.230037,"/shooter/hasBall",true
6.230063,"/shooter/temperature",40
6.230294,"/climber/rightPos",0
6.249691,"/drivetrain/leftPos",0
6.24971,"/drivetrain/leftVelocity",0
6.249728,"/drivetrain/rightPos",0
6.24974,"/drivetrain/rightVelocity",0
6.249768,"/drivetrain/heading",-2.0799999237060547
6.249776,"/drivetrain/headingVelocity",0
6.249782,"/drivetrain/xAcceleration",0
6.249787,"/drivetrain/yAcceleration",0
6.249794,"/drivetrain/leftOutputLog",0
6.249798,"/drivetrain/rightOutputLog",0
6.250102,"/intake/pos",0
6.250108,"/intake/output",0
6.250631,"/shooter/rpm",0
6.251538,"/shooter/output",0.1
6.251596,"/shooter/hasBall",true
6.251636,"/shooter/temperature",40
6.251852,"/climber/rightPos",0
6.269478,"/drivetrain/leftPos",0
6.269496,"/drivetrain/leftVelocity",0
6.269511,"/drivetrain/rightPos",0
6.269522,"/drivetrain/rightVelocity",0
6.269547,"/drivetrain/heading",-2.0799999237060547
6.269555,"/drivetrain/headingVelocity",-0.1220703050494194
6.26956,"/drivetrain/xAcceleration",0
6.269565,"/drivetrain/yAcceleration",0.004000000189989805
6.269572,"/drivetrain/leftOutputLog",0
6.269576,"/drivetrain/rightOutputLog",0
6.269768,"/intake/pos",0
6.269774,"/intake/output",0
6.26997,"/shooter/rpm",0
6.269992,"/shooter/output",0.1
6.270036,"/shooter/hasBall",true
6.270063,"/shooter/temperature",40
6.270363,"/climber/rightPos",0
6.289543,"/drivetrain/leftPos",0
6.289559,"/drivetrain/leftVelocity",0
6.289574,"/drivetrain/rightPos",0
6.289587,"/drivetrain/rightVelocity",0
6.289611,"/drivetrain/heading",-2.0799999237060547
6.289619,"/drivetrain/headingVelocity",-0.0610351525247097
6.289625,"/drivetrain/xAcceleration",0
6.28963,"/drivetrain/yAcceleration",0
6.289636,"/drivetrain/leftOutputLog",0
6.28964,"/drivetrain/rightOutputLog",0
6.289845,"/intake/pos",0
6.289851,"/intake/output",0
6.290217,"/shooter/rpm",0
6.290482,"/shooter/output",0.1
6.290541,"/shooter/hasBall",true
6.29057,"/shooter/temperature",40
6.290863,"/climber/rightPos",0
6.3095,"/drivetrain/leftPos",0
6.309517,"/drivetrain/leftVelocity",0
6.309534,"/drivetrain/rightPos",0
6.309545,"/drivetrain/rightVelocity",0
6.309639,"/drivetrain/heading",-2.0799999237060547
6.309648,"/drivetrain/headingVelocity",-0.1831054538488388
6.309654,"/drivetrain/xAcceleration",0
6.309659,"/drivetrain/yAcceleration",0
6.309665,"/drivetrain/leftOutputLog",0
6.30967,"/drivetrain/rightOutputLog",0
6.309898,"/intake/pos",0
6.309904,"/intake/output",0
6.310371,"/shooter/rpm",0
6.310398,"/shooter/output",0.1
6.310451,"/shooter/hasBall",true
6.310618,"/shooter/temperature",40
6.311079,"/climber/rightPos",0
6.329457,"/drivetrain/leftPos",0
6.329548,"/drivetrain/leftVelocity",0
6.329567,"/drivetrain/rightPos",0
6.32958,"/drivetrain/rightVelocity",0
6.329608,"/drivetrain/heading",-2.069999933242798
6.329616,"/drivetrain/headingVelocity",-0.1220703050494194
6.329621,"/drivetrain/xAcceleration",0
6.329627,"/drivetrain/yAcceleration",0
6.329633,"/drivetrain/leftOutputLog",0
6.329637,"/drivetrain/rightOutputLog",0
6.32987,"/intake/pos",0
6.329875,"/intake/output",0
6.330354,"/shooter/rpm",0
6.330379,"/shooter/output",0.1
6.330419,"/shooter/hasBall",true
6.330465,"/shooter/temperature",40
6.330714,"/climber/rightPos",0
6.349407,"/drivetrain/leftPos",0
6.349425,"/drivetrain/leftVelocity",0
6.34944,"/drivetrain/rightPos",0
6.349453,"/drivetrain/rightVelocity",0
6.349479,"/drivetrain/heading",-2.069999933242798
6.349487,"/drivetrain/headingVelocity",-0.0610351525247097
6.349492,"/drivetrain/xAcceleration",0
6.349497,"/drivetrain/yAcceleration",0
6.349503,"/drivetrain/leftOutputLog",0
6.349508,"/drivetrain/rightOutputLog",0
6.349895,"/intake/pos",0
6.349901,"/intake/output",0
6.350459,"/shooter/rpm",0
6.350488,"/shooter/output",0.1
6.350536,"/shooter/hasBall",true
6.351164,"/shooter/temperature",40
6.351491,"/climber/rightPos",0
6.369481,"/drivetrain/leftPos",0
6.369499,"/drivetrain/leftVelocity",0
6.369514,"/drivetrain/rightPos",0
6.369527,"/drivetrain/rightVelocity",0
6.369552,"/drivetrain/heading",-2.069999933242798
6.36956,"/drivetrain/headingVelocity",-0.0610351525247097
6.369566,"/drivetrain/xAcceleration",0
6.369571,"/drivetrain/yAcceleration",-0.004000000189989805
6.369577,"/drivetrain/leftOutputLog",0
6.369581,"/drivetrain/rightOutputLog",0
6.369782,"/intake/pos",0
6.369788,"/intake/output",0
6.370062,"/shooter/rpm",0
6.370083,"/shooter/output",0.1
6.370128,"/shooter/hasBall",true
6.370302,"/shooter/temperature",40
6.370832,"/climber/rightPos",0
6.389413,"/drivetrain/leftPos",0
6.38943,"/drivetrain/leftVelocity",0
6.389445,"/drivetrain/rightPos",0
6.389457,"/drivetrain/rightVelocity",0
6.389482,"/drivetrain/heading",-2.069999933242798
6.389489,"/drivetrain/headingVelocity",0
6.389495,"/drivetrain/xAcceleration",0
6.3895,"/drivetrain/yAcceleration",0
6.389506,"/drivetrain/leftOutputLog",0
6.38951,"/drivetrain/rightOutputLog",0
6.389716,"/intake/pos",0
6.389721,"/intake/output",0
6.390015,"/shooter/rpm",0
6.390038,"/shooter/output",0.1
6.390119,"/shooter/hasBall",true
6.390166,"/shooter/temperature",40
6.390433,"/climber/rightPos",0
6.409488,"/drivetrain/leftPos",0
6.409505,"/drivetrain/leftVelocity",0
6.409521,"/drivetrain/rightPos",0
6.409533,"/drivetrain/rightVelocity",0
6.409558,"/drivetrain/heading",-2.069999933242798
6.409567,"/drivetrain/headingVelocity",0
6.409573,"/drivetrain/xAcceleration",0
6.409578,"/drivetrain/yAcceleration",0
6.409584,"/drivetrain/leftOutputLog",0
6.409588,"/drivetrain/rightOutputLog",0
6.409841,"/intake/pos",0
6.409846,"/intake/output",0
6.410051,"/shooter/rpm",0
6.410074,"/shooter/output",0.1
6.41011,"/shooter/hasBall",true
6.410151,"/shooter/temperature",40
6.410828,"/climber/rightPos",0
6.430146,"/drivetrain/leftPos",0
6.430163,"/drivetrain/leftVelocity",0
6.430205,"/drivetrain/rightPos",0
6.430219,"/drivetrain/rightVelocity",0
6.430246,"/drivetrain/heading",-2.069999933242798
6.430255,"/drivetrain/headingVelocity",0
6.430261,"/drivetrain/xAcceleration",0
6.430266,"/drivetrain/yAcceleration",0
6.430272,"/drivetrain/leftOutputLog",0
6.430276,"/drivetrain/rightOutputLog",0
6.430475,"/intake/pos",0
6.430481,"/intake/output",0
6.43083,"/shooter/rpm",0
6.430852,"/shooter/output",0.1
6.430891,"/shooter/hasBall",true
6.430927,"/shooter/temperature",40
6.431161,"/climber/rightPos",0
6.449487,"/drivetrain/leftPos",0
6.449504,"/drivetrain/leftVelocity",0
6.44952,"/drivetrain/rightPos",0
6.449543,"/drivetrain/rightVelocity",0
6.44957,"/drivetrain/heading",-2.069999933242798
6.449578,"/drivetrain/headingVelocity",0
6.449584,"/drivetrain/xAcceleration",0
6.449589,"/drivetrain/yAcceleration",0
6.449595,"/drivetrain/leftOutputLog",0
6.449599,"/drivetrain/rightOutputLog",0
6.450049,"/intake/pos",0
6.450056,"/intake/output",0
6.450274,"/shooter/rpm",0
6.451042,"/shooter/output",0.1
6.451338,"/shooter/hasBall",true
6.451394,"/shooter/temperature",40
6.451954,"/climber/rightPos",0
6.469477,"/drivetrain/leftPos",0
6.469494,"/drivetrain/leftVelocity",0
6.469509,"/drivetrain/rightPos",0
6.469521,"/drivetrain/rightVelocity",0
6.469546,"/drivetrain/heading",-2.069999933242798
6.469554,"/drivetrain/headingVelocity",0
6.469559,"/drivetrain/xAcceleration",0
6.469564,"/drivetrain/yAcceleration",0
6.46957,"/drivetrain/leftOutputLog",0
6.469575,"/drivetrain/rightOutputLog",0
6.46982,"/intake/pos",0
6.469826,"/intake/output",0
6.47001,"/shooter/rpm",0
6.470031,"/shooter/output",0.1
6.470067,"/shooter/hasBall",true
6.470094,"/shooter/temperature",40
6.470511,"/climber/rightPos",0
6.489737,"/drivetrain/leftPos",0
6.489754,"/drivetrain/leftVelocity",0
6.489771,"/drivetrain/rightPos",0
6.489783,"/drivetrain/rightVelocity",0
6.48981,"/drivetrain/heading",-2.069999933242798
6.489819,"/drivetrain/headingVelocity",-0.0610351525247097
6.489825,"/drivetrain/xAcceleration",0
6.48983,"/drivetrain/yAcceleration",-0.003000000026077032
6.489837,"/drivetrain/leftOutputLog",0
6.489841,"/drivetrain/rightOutputLog",0
6.49012,"/intake/pos",0
6.490128,"/intake/output",0
6.490754,"/shooter/rpm",0
6.490781,"/shooter/output",0.1
6.490828,"/shooter/hasBall",true
6.490874,"/shooter/temperature",40
6.491237,"/climber/rightPos",0
6.509865,"/drivetrain/leftPos",0
6.509883,"/drivetrain/leftVelocity",0
6.509899,"/drivetrain/rightPos",0
6.509913,"/drivetrain/rightVelocity",0
6.509939,"/drivetrain/heading",-2.059999942779541
6.509948,"/drivetrain/headingVelocity",-0.0610351525247097
6.509954,"/drivetrain/xAcceleration",0
6.509959,"/drivetrain/yAcceleration",0
6.509965,"/drivetrain/leftOutputLog",0
6.509969,"/drivetrain/rightOutputLog",0
6.510241,"/intake/pos",0
6.510247,"/intake/output",0
6.51047,"/shooter/rpm",0
6.510538,"/shooter/output",0.1
6.510578,"/shooter/hasBall",true
6.512929,"/shooter/temperature",40
6.513253,"/climber/rightPos",0
6.529427,"/drivetrain/leftPos",0
6.529444,"/drivetrain/leftVelocity",0
6.52946,"/drivetrain/rightPos",0
6.529472,"/drivetrain/rightVelocity",0
6.529497,"/drivetrain/heading",-2.059999942779541
6.529505,"/drivetrain/headingVelocity",-0.0610351525247097
6.529511,"/drivetrain/xAcceleration",0
6.529515,"/drivetrain/yAcceleration",0
6.529521,"/drivetrain/leftOutputLog",0
6.529526,"/drivetrain/rightOutputLog",0
6.529793,"/intake/pos",0
6.529802,"/intake/output",0
6.53003,"/shooter/rpm",0
6.530088,"/shooter/output",0.1
6.530139,"/shooter/hasBall",true
6.530166,"/shooter/temperature",40
6.53041,"/climber/rightPos",0
6.549576,"/drivetrain/leftPos",0
6.549594,"/drivetrain/leftVelocity",0
6.549609,"/drivetrain/rightPos",0
6.549621,"/drivetrain/rightVelocity",0
6.549645,"/drivetrain/heading",-2.059999942779541
6.549653,"/drivetrain/headingVelocity",0
6.549659,"/drivetrain/xAcceleration",0
6.549664,"/drivetrain/yAcceleration",0
6.54967,"/drivetrain/leftOutputLog",0
6.549674,"/drivetrain/rightOutputLog",0
6.55,"/intake/pos",0
6.550007,"/intake/output",0
6.550975,"/shooter/rpm",0
6.551002,"/shooter/output",0.1
6.551055,"/shooter/hasBall",true
6.551082,"/shooter/temperature",40
6.551577,"/climber/rightPos",0
6.569425,"/drivetrain/leftPos",0
6.569441,"/drivetrain/leftVelocity",0
6.569456,"/drivetrain/rightPos",0
6.569468,"/drivetrain/rightVelocity",0
6.569493,"/drivetrain/heading",-2.059999942779541
6.569501,"/drivetrain/headingVelocity",0
6.569507,"/drivetrain/xAcceleration",0
6.569512,"/drivetrain/yAcceleration",0
6.569518,"/drivetrain/leftOutputLog",0
6.569522,"/drivetrain/rightOutputLog",0
6.5698,"/intake/pos",0
6.569806,"/intake/output",0
6.570043,"/shooter/rpm",0
6.570065,"/shooter/output",0.1
6.570144,"/shooter/hasBall",true
6.570307,"/shooter/temperature",40
6.570637,"/climber/rightPos",0
6.589434,"/drivetrain/leftPos",0
6.589451,"/drivetrain/leftVelocity",0
6.589466,"/drivetrain/rightPos",0
6.589478,"/drivetrain/rightVelocity",0
6.589503,"/drivetrain/heading",-2.059999942779541
6.58951,"/drivetrain/headingVelocity",0.0610351525247097
6.589516,"/drivetrain/xAcceleration",0
6.589521,"/drivetrain/yAcceleration",0
6.589527,"/drivetrain/leftOutputLog",0
6.589531,"/drivetrain/rightOutputLog",0
6.589794,"/intake/pos",0
6.5898,"/intake/output",0
6.590014,"/shooter/rpm",0
6.590035,"/shooter/output",0.1
6.590113,"/shooter/hasBall",true
6.590156,"/shooter/temperature",40
6.590492,"/climber/rightPos",0
6.609575,"/drivetrain/leftPos",0
6.609593,"/drivetrain/leftVelocity",0
6.609662,"/drivetrain/rightPos",0
6.609677,"/drivetrain/rightVelocity",0
6.609708,"/drivetrain/heading",-2.059999942779541
6.609717,"/drivetrain/headingVelocity",0.1220703050494194
6.609723,"/drivetrain/xAcceleration",0
6.609728,"/drivetrain/yAcceleration",0
6.609734,"/drivetrain/leftOutputLog",0
6.609739,"/drivetrain/rightOutputLog",0
6.610043,"/intake/pos",0
6.610048,"/intake/output",0
6.610425,"/shooter/rpm",0
6.610454,"/shooter/output",0.1
6.6105,"/shooter/hasBall",true
6.610549,"/shooter/temperature",40
6.610842,"/climber/rightPos",0
6.629443,"/drivetrain/leftPos",0
6.62946,"/drivetrain/leftVelocity",0
6.629476,"/drivetrain/rightPos",0
6.629489,"/drivetrain/rightVelocity",0
6.629513,"/drivetrain/heading",-2.069999933242798
6.629521,"/drivetrain/headingVelocity",0
6.629527,"/drivetrain/xAcceleration",0
6.629532,"/drivetrain/yAcceleration",0
6.629538,"/drivetrain/leftOutputLog",0
6.629542,"/drivetrain/rightOutputLog",0
6.629799,"/intake/pos",0
6.629808,"/intake/output",0
6.630303,"/shooter/rpm",0
6.630329,"/shooter/output",0.1
6.630368,"/shooter/hasBall",true
6.630411,"/shooter/temperature",40
6.630577,"/climber/rightPos",0
6.649604,"/drivetrain/leftPos",0
6.649622,"/drivetrain/leftVelocity",0
6.649637,"/drivetrain/rightPos",0
6.649649,"/drivetrain/rightVelocity",0
6.649674,"/drivetrain/heading",-2.069999933242798
6.649681,"/drivetrain/headingVelocity",0
6.649687,"/drivetrain/xAcceleration",0
6.649692,"/drivetrain/yAcceleration",0
6.649698,"/drivetrain/leftOutputLog",0
6.649703,"/drivetrain/rightOutputLog",0
6.649903,"/intake/pos",0
6.649908,"/intake/output",0
6.650085,"/shooter/rpm",0
6.650107,"/shooter/output",0.1
6.650141,"/shooter/hasBall",true
6.650184,"/shooter/temperature",40
6.650333,"/climber/rightPos",0
6.669454,"/drivetrain/leftPos",0
6.669474,"/drivetrain/leftVelocity",0
6.669491,"/drivetrain/rightPos",0
6.669555,"/drivetrain/rightVelocity",0
6.669585,"/drivetrain/heading",-2.069999933242798
6.669594,"/drivetrain/headingVelocity",0
6.6696,"/drivetrain/xAcceleration",0
6.669605,"/drivetrain/yAcceleration",0
6.669611,"/drivetrain/leftOutputLog",0
6.669616,"/drivetrain/rightOutputLog",0
6.669845,"/intake/pos",0
6.669851,"/intake/output",0
6.670089,"/shooter/rpm",0
6.670109,"/shooter/output",0.1
6.670268,"/shooter/hasBall",true
6.670315,"/shooter/temperature",40
6.670795,"/climber/rightPos",0
6.689477,"/drivetrain/leftPos",0
6.689495,"/drivetrain/leftVelocity",0
6.689511,"/drivetrain/rightPos",0
6.689523,"/drivetrain/rightVelocity",0
6.689549,"/drivetrain/heading",-2.059999942779541
6.689557,"/drivetrain/headingVelocity",0
6.689563,"/drivetrain/xAcceleration",0
6.689568,"/drivetrain/yAcceleration",0
6.689574,"/drivetrain/leftOutputLog",0
6.689578,"/drivetrain/rightOutputLog",0
6.689788,"/intake/pos",0
6.689794,"/intake/output",0
6.690021,"/shooter/rpm",0
6.690156,"/shooter/output",0.1
6.690205,"/shooter/hasBall",true
6.690428,"/shooter/temperature",40
6.69102,"/climber/rightPos",0
6.709481,"/drivetrain/leftPos",0
6.709498,"/drivetrain/leftVelocity",0
6.709514,"/drivetrain/rightPos",0
6.709526,"/drivetrain/rightVelocity",0
6.709552,"/drivetrain/heading",-2.059999942779541
6.70956,"/drivetrain/headingVelocity",0
6.709566,"/drivetrain/xAcceleration",0
6.709571,"/drivetrain/yAcceleration",-0.003000000026077032
6.709577,"/drivetrain/leftOutputLog",0
6.709581,"/drivetrain/rightOutputLog",0
6.709799,"/intake/pos",0
6.709898,"/intake/output",0
6.710266,"/shooter/rpm",0
6.710294,"/shooter/output",0.1
6.710346,"/shooter/hasBall",true
6.710444,"/shooter/temperature",40
6.710871,"/climber/rightPos",0
6.729547,"/drivetrain/leftPos",0
6.729569,"/drivetrain/leftVelocity",0
6.729586,"/drivetrain/rightPos",0
6.729598,"/drivetrain/rightVelocity",0
6.72963,"/drivetrain/heading",-2.059999942779541
6.729639,"/drivetrain/headingVelocity",0
6.729645,"/drivetrain/xAcceleration",0
6.72965,"/drivetrain/yAcceleration",0
6.729863,"/drivetrain/leftOutputLog",0
6.729868,"/drivetrain/rightOutputLog",0
6.730354,"/intake/pos",0
6.73036,"/intake/output",0
6.732447,"/shooter/rpm",0
6.732479,"/shooter/output",0.1
6.732538,"/shooter/hasBall",true
6.732578,"/shooter/temperature",40
6.73327,"/climber/rightPos",0
6.751392,"/drivetrain/leftPos",0
6.75141,"/drivetrain/leftVelocity",0
6.751426,"/drivetrain/rightPos",0
6.751438,"/drivetrain/rightVelocity",0
6.751468,"/drivetrain/heading",-2.069999933242798
6.751476,"/drivetrain/headingVelocity",0.0610351525247097
6.751482,"/drivetrain/xAcceleration",0
6.751487,"/drivetrain/yAcceleration",0
6.751492,"/drivetrain/leftOutputLog",0
6.751495,"/drivetrain/rightOutputLog",0
6.751739,"/intake/pos",0
6.751744,"/intake/output",0
6.752146,"/shooter/rpm",0
6.752171,"/shooter/output",0.1
6.752211,"/shooter/hasBall",true
6.752237,"/shooter/temperature",40
6.752516,"/climber/rightPos",0
6.769611,"/drivetrain/leftPos",0
6.769628,"/drivetrain/leftVelocity",0
6.769643,"/drivetrain/rightPos",0
6.769656,"/drivetrain/rightVelocity",0
6.769685,"/drivetrain/heading",-2.069999933242798
6.769693,"/drivetrain/headingVelocity",0.0610351525247097
6.769699,"/drivetrain/xAcceleration",0
6.769705,"/drivetrain/yAcceleration",0
6.76971,"/drivetrain/leftOutputLog",0
6.769715,"/drivetrain/rightOutputLog",0
6.77018,"/intake/pos",0
6.770185,"/intake/output",0
6.7712,"/shooter/rpm",0
6.771218,"/shooter/output",0.1
6.771261,"/shooter/hasBall",true
6.771288,"/shooter/temperature",40
6.771465,"/climber/rightPos",0
6.789517,"/drivetrain/leftPos",0
6.789535,"/drivetrain/leftVelocity",0
6.789551,"/drivetrain/rightPos",0
6.789564,"/drivetrain/rightVelocity",0
6.78959,"/drivetrain/heading",-2.069999933242798
6.789598,"/drivetrain/headingVelocity",0
6.789604,"/drivetrain/xAcceleration",0
6.789609,"/drivetrain/yAcceleration",0
6.789614,"/drivetrain/leftOutputLog",0
6.789618,"/drivetrain/rightOutputLog",0
6.790407,"/intake/pos",0
6.790412,"/intake/output",0
6.791371,"/shooter/rpm",0
6.791803,"/shooter/output",0.1
6.791856,"/shooter/hasBall",true
6.791909,"/shooter/temperature",40
6.792189,"/climber/rightPos",0
6.809608,"/drivetrain/leftPos",0
6.809625,"/drivetrain/leftVelocity",0
6.809642,"/drivetrain/rightPos",0
6.809653,"/drivetrain/rightVelocity",0
6.809677,"/drivetrain/heading",-2.069999933242798
6.809685,"/drivetrain/headingVelocity",0
6.80969,"/drivetrain/xAcceleration",0
6.809695,"/drivetrain/yAcceleration",0
6.8097,"/drivetrain/leftOutputLog",0
6.809704,"/drivetrain/rightOutputLog",0
6.809909,"/intake/pos",0
6.809913,"/intake/output",0
6.810565,"/shooter/rpm",0
6.810595,"/shooter/output",0.1
6.810639,"/shooter/hasBall",true
6.810693,"/shooter/temperature",40
6.810894,"/climber/rightPos",0
6.829474,"/drivetrain/leftPos",0
6.829491,"/drivetrain/leftVelocity",0
6.829506,"/drivetrain/rightPos",0
6.829519,"/drivetrain/rightVelocity",0
6.829543,"/drivetrain/heading",-2.069999933242798
6.829551,"/drivetrain/headingVelocity",0
6.829556,"/drivetrain/xAcceleration",0
6.829562,"/drivetrain/yAcceleration",0
6.829566,"/drivetrain/leftOutputLog",0
6.82957,"/drivetrain/rightOutputLog",0
6.829817,"/intake/pos",0
6.829822,"/intake/output",0
6.830042,"/shooter/rpm",0
6.830064,"/shooter/output",0.1
6.830099,"/shooter/hasBall",true
6.83014,"/shooter/temperature",40
6.83029,"/climber/rightPos",0
6.849563,"/drivetrain/leftPos",0
6.84961,"/drivetrain/leftVelocity",0
6.849628,"/drivetrain/rightPos",0
6.84964,"/drivetrain/rightVelocity",0
6.849667,"/drivetrain/heading",-2.069999933242798
6.849675,"/drivetrain/headingVelocity",0
6.849681,"/drivetrain/xAcceleration",0
6.849686,"/drivetrain/yAcceleration",-0.004000000189989805
6.849691,"/drivetrain/leftOutputLog",0
6.849695,"/drivetrain/rightOutputLog",0
6.851122,"/intake/pos",0
6.851128,"/intake/output",0
6.85192,"/shooter/rpm",0
6.851941,"/shooter/output",0.1
6.851989,"/shooter/hasBall",true
6.852049,"/shooter/temperature",40
6.85224,"/climber/rightPos",0
6.869603,"/drivetrain/leftPos",0
6.869621,"/drivetrain/leftVelocity",0
6.869637,"/drivetrain/rightPos",0
6.869649,"/drivetrain/rightVelocity",0
6.869674,"/drivetrain/heading",-2.0799999237060547
6.869681,"/drivetrain/headingVelocity",0.30517578125
6.869687,"/drivetrain/xAcceleration",0
6.869692,"/drivetrain/yAcceleration",-0.006000000052154064
6.869696,"/drivetrain/leftOutputLog",0
6.8697,"/drivetrain/rightOutputLog",0
6.870235,"/intake/pos",0
6.870241,"/intake/output",0
6.87071,"/shooter/rpm",0
6.87074,"/shooter/output",0.1
6.870989,"/shooter/hasBall",true
6.871117,"/shooter/temperature",40
6.871858,"/climber/rightPos",0
6.890161,"/drivetrain/leftPos",0
6.89018,"/drivetrain/leftVelocity",0
6.890195,"/drivetrain/rightPos",0
6.890207,"/drivetrain/rightVelocity",0
6.890717,"/drivetrain/heading",-2.0799999237060547
6.890728,"/drivetrain/headingVelocity",0.3662109076976776
6.890734,"/drivetrain/xAcceleration",0
6.890739,"/drivetrain/yAcceleration",0
6.890744,"/drivetrain/leftOutputLog",0
6.890748,"/drivetrain/rightOutputLog",0
6.891007,"/intake/pos",0
6.891012,"/intake/output",0
6.891291,"/shooter/rpm",0
6.891313,"/shooter/output",0.1
6.891351,"/shooter/hasBall",true
6.891391,"/shooter/temperature",40
6.891538,"/climber/rightPos",0
6.909406,"/drivetrain/leftPos",0
6.909423,"/drivetrain/leftVelocity",0
6.90944,"/drivetrain/rightPos",0
6.909452,"/drivetrain/rightVelocity",0
6.909479,"/drivetrain/heading",-2.0899999141693115
6.909488,"/drivetrain/headingVelocity",0.2441406100988388
6.909493,"/drivetrain/xAcceleration",0
6.909498,"/drivetrain/yAcceleration",0
6.909503,"/drivetrain/leftOutputLog",0
6.909506,"/drivetrain/rightOutputLog",0
6.909868,"/intake/pos",0
6.909873,"/intake/output",0
6.91062,"/shooter/rpm",0
6.910651,"/shooter/output",0.1
6.910693,"/shooter/hasBall",true
6.910722,"/shooter/temperature",40
6.911084,"/climber/rightPos",0
6.929541,"/drivetrain/leftPos",0
6.929558,"/drivetrain/leftVelocity",0
6.929574,"/drivetrain/rightPos",0
6.929586,"/drivetrain/rightVelocity",0
6.929609,"/drivetrain/heading",-2.0899999141693115
6.929617,"/drivetrain/headingVelocity",0.1220703050494194
6.929622,"/drivetrain/xAcceleration",0
6.929627,"/drivetrain/yAcceleration",0.003000000026077032
6.929632,"/drivetrain/leftOutputLog",0
6.929636,"/drivetrain/rightOutputLog",0
6.929848,"/intake/pos",0
6.929904,"/intake/output",0
6.930086,"/shooter/rpm",0
6.930108,"/shooter/output",0.1
6.930143,"/shooter/hasBall",true
6.93018,"/shooter/temperature",40
6.930572,"/climber/rightPos",0
6.949467,"/drivetrain/leftPos",0
6.949485,"/drivetrain/leftVelocity",0
6.949501,"/drivetrain/rightPos",0
6.949513,"/drivetrain/rightVelocity",0
6.949539,"/drivetrain/heading",-2.0999999046325684
6.949547,"/drivetrain/headingVelocity",0.1220703050494194
6.949553,"/drivetrain/xAcceleration",0
6.949559,"/drivetrain/yAcceleration",0.004999999888241291
6.949563,"/drivetrain/leftOutputLog",0
6.949567,"/drivetrain/rightOutputLog",0
6.949789,"/intake/pos",0
6.949794,"/intake/output",0
6.950085,"/shooter/rpm",0
6.950107,"/shooter/output",0.1
6.950147,"/shooter/hasBall",true
6.950191,"/shooter/temperature",40
6.950411,"/climber/rightPos",0
6.969623,"/drivetrain/leftPos",0
6.969642,"/drivetrain/leftVelocity",0
6.969659,"/drivetrain/rightPos",0
6.969699,"/drivetrain/rightVelocity",0
6.969728,"/drivetrain/heading",-2.0999999046325684
6.969737,"/drivetrain/headingVelocity",0.0610351525247097
6.969742,"/drivetrain/xAcceleration",0
6.969747,"/drivetrain/yAcceleration",0
6.969855,"/drivetrain/leftOutputLog",0
6.969865,"/drivetrain/rightOutputLog",0
6.970481,"/intake/pos",0
6.97077,"/intake/output",0
6.971492,"/shooter/rpm",0
6.971517,"/shooter/output",0.1
6.97156,"/shooter/hasBall",true
6.971597,"/shooter/temperature",40
6.971983,"/climber/rightPos",0
6.989481,"/drivetrain/leftPos",0
6.989498,"/drivetrain/leftVelocity",0
6.989513,"/drivetrain/rightPos",0
6.989525,"/drivetrain/rightVelocity",0
6.989551,"/drivetrain/heading",-2.0999999046325684
6.989559,"/drivetrain/headingVelocity",0.1831054538488388
6.989564,"/drivetrain/xAcceleration",0
6.989569,"/drivetrain/yAcceleration",0
6.989574,"/drivetrain/leftOutputLog",0
6.989578,"/drivetrain/rightOutputLog",0
6.989812,"/intake/pos",0
6.989817,"/intake/output",0
6.990029,"/shooter/rpm",0
6.990049,"/shooter/output",0.1
6.990083,"/shooter/hasBall",true
6.990108,"/shooter/temperature",40
6.990279,"/climber/rightPos",0
7.009417,"/drivetrain/leftPos",0
7.009434,"/drivetrain/leftVelocity",0
7.00945,"/drivetrain/rightPos",0
7.009461,"/drivetrain/rightVelocity",0
7.009487,"/drivetrain/heading",-2.109999895095825
7.009495,"/drivetrain/headingVelocity",0.4272460639476776
7.009501,"/drivetrain/xAcceleration",0
7.009505,"/drivetrain/yAcceleration",-0.003000000026077032
7.00951,"/drivetrain/leftOutputLog",0
7.009514,"/drivetrain/rightOutputLog",0
7.009834,"/intake/pos",0
7.009839,"/intake/output",0
7.010384,"/shooter/rpm",0
7.010415,"/shooter/output",0.1
7.010463,"/shooter/hasBall",true
7.011009,"/shooter/temperature",40
7.011326,"/climber/rightPos",0
7.029464,"/drivetrain/leftPos",0
7.029483,"/drivetrain/leftVelocity",0
7.029498,"/drivetrain/rightPos",0
7.029511,"/drivetrain/rightVelocity",0
7.029538,"/drivetrain/heading",-2.119999885559082
7.029546,"/drivetrain/headingVelocity",0.4272460639476776
7.029552,"/drivetrain/xAcceleration",0
7.029557,"/drivetrain/yAcceleration",-0.006000000052154064
7.029562,"/drivetrain/leftOutputLog",0
7.029566,"/drivetrain/rightOutputLog",0
7.029763,"/intake/pos",0
7.029768,"/intake/output",0
7.029987,"/shooter/rpm",0
7.030054,"/shooter/output",0.1
7.030096,"/shooter/hasBall",true
7.030142,"/shooter/temperature",40
7.030291,"/climber/rightPos",0
7.05035,"/drivetrain/leftPos",0
7.050369,"/drivetrain/leftVelocity",0
7.050386,"/drivetrain/rightPos",0
7.050398,"/drivetrain/rightVelocity",0
7.050433,"/drivetrain/heading",-2.130000114440918
7.050441,"/drivetrain/headingVelocity",0.1220703050494194
7.050447,"/drivetrain/xAcceleration",0.004999999888241291
7.050452,"/drivetrain/yAcceleration",-0.007000000216066837
7.050457,"/drivetrain/leftOutputLog",0
7.05046,"/drivetrain/rightOutputLog",0
7.050886,"/intake/pos",0
7.050891,"/intake/output",0
7.051123,"/shooter/rpm",0
7.051199,"/shooter/output",0.1
7.051239,"/shooter/hasBall",true
7.051284,"/shooter/temperature",40
7.051571,"/climber/rightPos",0
7.069612,"/drivetrain/leftPos",0
7.069631,"/drivetrain/leftVelocity",0
7.069679,"/drivetrain/rightPos",0
7.069694,"/drivetrain/rightVelocity",0
7.069722,"/drivetrain/heading",-2.130000114440918
7.069729,"/drivetrain/headingVelocity",0
7.069735,"/drivetrain/xAcceleration",0
7.06974,"/drivetrain/yAcceleration",0.004000000189989805
7.069744,"/drivetrain/leftOutputLog",0
7.069748,"/drivetrain/rightOutputLog",0
7.070239,"/intake/pos",0
7.070246,"/intake/output",0
7.070558,"/shooter/rpm",0
7.070587,"/shooter/output",0.1
7.070628,"/shooter/hasBall",true
7.070879,"/shooter/temperature",40
7.071535,"/climber/rightPos",0
7.089478,"/drivetrain/leftPos",0
7.089496,"/drivetrain/leftVelocity",0
7.089512,"/drivetrain/rightPos",0
7.089525,"/drivetrain/rightVelocity",0
7.089551,"/drivetrain/heading",-2.130000114440918
7.089559,"/drivetrain/headingVelocity",0
7.089565,"/drivetrain/xAcceleration",0
7.08957,"/drivetrain/yAcceleration",0.003000000026077032
7.089574,"/drivetrain/leftOutputLog",0
7.089578,"/drivetrain/rightOutputLog",0
7.08979,"/intake/pos",0
7.089795,"/intake/output",0
7.090027,"/shooter/rpm",0
7.090049,"/shooter/output",0.1
7.090086,"/shooter/hasBall",true
7.090131,"/shooter/temperature",40
7.090319,"/climber/rightPos",0
7.10947,"/drivetrain/leftPos",0
7.10949,"/drivetrain/leftVelocity",0
7.109506,"/drivetrain/rightPos",0
7.109519,"/drivetrain/rightVelocity",0
7.109549,"/drivetrain/heading",-2.130000114440918
7.109559,"/drivetrain/headingVelocity",0
7.109565,"/drivetrain/xAcceleration",0
7.10957,"/drivetrain/yAcceleration",0.007000000216066837
7.109575,"/drivetrain/leftOutputLog",0
7.109579,"/drivetrain/rightOutputLog",0
7.111579,"/intake/pos",0
7.111586,"/intake/output",0
7.112134,"/shooter/rpm",0
7.112172,"/shooter/output",0.1
7.112586,"/shooter/hasBall",true
7.112656,"/shooter/temperature",40
7.112879,"/climber/rightPos",0
7.129503,"/drivetrain/leftPos",0
7.129522,"/drivetrain/leftVelocity",0
7.129538,"/drivetrain/rightPos",0
7.12955,"/drivetrain/rightVelocity",0
7.129575,"/drivetrain/heading",-2.140000104904175
7.129583,"/drivetrain/headingVelocity",0.4272460639476776
7.129589,"/drivetrain/xAcceleration",0
7.129594,"/drivetrain/yAcceleration",0
7.129598,"/drivetrain/leftOutputLog",0
7.129602,"/drivetrain/rightOutputLog",0
7.129961,"/intake/pos",0
7.129966,"/intake/output",0
7.130161,"/shooter/rpm",0
7.130184,"/shooter/output",0.1
7.130219,"/shooter/hasBall",true
7.130263,"/shooter/temperature",40
7.130416,"/climber/rightPos",0
7.149854,"/drivetrain/leftPos",0
7.149885,"/drivetrain/leftVelocity",0
7.149903,"/drivetrain/rightPos",0
7.149916,"/drivetrain/rightVelocity",0
7.149956,"/drivetrain/heading",-2.1500000953674316
7.149965,"/drivetrain/headingVelocity",0.6713866591453552
7.14997,"/drivetrain/xAcceleration",0
7.149975,"/drivetrain/yAcceleration",0
7.14998,"/drivetrain/leftOutputLog",0
7.149984,"/drivetrain/rightOutputLog",0
7.150362,"/intake/pos",0
7.150367,"/intake/output",0
7.15082,"/shooter/rpm",0
7.150849,"/shooter/output",0.1
7.150896,"/shooter/hasBall",true
7.150945,"/shooter/temperature",40
7.151476,"/climber/rightPos",0
7.169465,"/drivetrain/leftPos",0
7.169484,"/drivetrain/leftVelocity",0
7.169499,"/drivetrain/rightPos",0
7.169511,"/drivetrain/rightVelocity",0
7.169537,"/drivetrain/heading",-2.1600000858306885
7.169546,"/drivetrain/headingVelocity",0.7934569716453552
7.169551,"/drivetrain/xAcceleration",0
7.169556,"/drivetrain/yAcceleration",-0.008999999612569809
7.169561,"/drivetrain/leftOutputLog",0
7.169565,"/drivetrain/rightOutputLog",0
7.169769,"/intake/pos",0
7.169774,"/intake/output",0
7.170001,"/shooter/rpm",0
7.170019,"/shooter/output",0.1
7.170057,"/shooter/hasBall",true
7.170083,"/shooter/temperature",40
7.170416,"/climber/rightPos",0
7.189992,"/drivetrain/leftPos",0
7.190012,"/drivetrain/leftVelocity",0
7.190028,"/drivetrain/rightPos",0
7.19004,"/drivetrain/rightVelocity",0
7.190069,"/drivetrain/heading",-2.190000057220459
7.190078,"/drivetrain/headingVelocity",1.220703125
7.190084,"/drivetrain/xAcceleration",0
7.19009,"/drivetrain/yAcceleration",0
7.190095,"/drivetrain/leftOutputLog",0
7.190098,"/drivetrain/rightOutputLog",0
7.190908,"/intake/pos",0
7.190914,"/intake/output",0
7.191169,"/shooter/rpm",0
7.191192,"/shooter/output",0.1
7.191232,"/shooter/hasBall",true
7.191273,"/shooter/temperature",40
7.191449,"/climber/rightPos",0
7.210216,"/drivetrain/leftPos",0
7.210244,"/drivetrain/leftVelocity",0
7.210261,"/drivetrain/rightPos",0
7.210275,"/drivetrain/rightVelocity",0
7.210315,"/drivetrain/heading",-2.2100000381469727
7.210324,"/drivetrain/headingVelocity",1.3427733182907104
7.21033,"/drivetrain/xAcceleration",0
7.210335,"/drivetrain/yAcceleration",-0.007000000216066837
7.21034,"/drivetrain/leftOutputLog",0
7.210344,"/drivetrain/rightOutputLog",0
7.210672,"/intake/pos",0
7.210677,"/intake/output",0
7.211589,"/shooter/rpm",0
7.21162,"/shooter/output",0.1
7.211675,"/shooter/hasBall",true
7.211712,"/shooter/temperature",40
7.212324,"/climber/rightPos",0
7.229541,"/drivetrain/leftPos",0
7.22956,"/drivetrain/leftVelocity",0
7.229576,"/drivetrain/rightPos",0
7.229589,"/drivetrain/rightVelocity",0
7.229617,"/drivetrain/heading",-2.2300000190734863
7.229626,"/drivetrain/headingVelocity",1.3427733182907104
7.229632,"/drivetrain/xAcceleration",0
7.229637,"/drivetrain/yAcceleration",0
7.229642,"/drivetrain/leftOutputLog",0
7.229646,"/drivetrain/rightOutputLog",0
7.230065,"/intake/pos",0
7.230071,"/intake/output",0
7.230375,"/shooter/rpm",0
7.2304,"/shooter/output",0.1
7.230438,"/shooter/hasBall",true
7.230469,"/shooter/temperature",40
7.231189,"/climber/rightPos",0
7.249452,"/drivetrain/leftPos",0
7.24947,"/drivetrain/leftVelocity",0
7.249485,"/drivetrain/rightPos",0
7.249496,"/drivetrain/rightVelocity",0
7.249521,"/drivetrain/heading",-2.2699999809265137
7.24953,"/drivetrain/headingVelocity",1.15966796875
7.249535,"/drivetrain/xAcceleration",-0.004000000189989805
7.24954,"/drivetrain/yAcceleration",0
7.249545,"/drivetrain/leftOutputLog",0
7.249549,"/drivetrain/rightOutputLog",0
7.25018,"/intake/pos",0
7.250186,"/intake/output",0
7.251249,"/shooter/rpm",0
7.251287,"/shooter/output",0.1
7.251342,"/shooter/hasBall",true
7.25145,"/shooter/temperature",40
7.252205,"/climber/rightPos",0
7.269508,"/drivetrain/leftPos",0
7.269525,"/drivetrain/leftVelocity",0
7.26954,"/drivetrain/rightPos",0
7.269552,"/drivetrain/rightVelocity",0
7.269715,"/drivetrain/heading",-2.2899999618530273
7.269727,"/drivetrain/headingVelocity",1.15966796875
7.269733,"/drivetrain/xAcceleration",0
7.269738,"/drivetrain/yAcceleration",0.007000000216066837
7.269744,"/drivetrain/leftOutputLog",0
7.269747,"/drivetrain/rightOutputLog",0
7.27131,"/intake/pos",0
7.271318,"/intake/output",0
7.271973,"/shooter/rpm",0
7.271998,"/shooter/output",0.1
7.272052,"/shooter/hasBall",true
7.272108,"/shooter/temperature",40
7.272491,"/climber/rightPos",0
7.289483,"/drivetrain/leftPos",0
7.289503,"/drivetrain/leftVelocity",0
7.28952,"/drivetrain/rightPos",0
7.289533,"/drivetrain/rightVelocity",0
7.289615,"/drivetrain/heading",-2.299999952316284
7.289625,"/drivetrain/headingVelocity",1.220703125
7.289631,"/drivetrain/xAcceleration",0.004999999888241291
7.289637,"/drivetrain/yAcceleration",0.004999999888241291
7.289642,"/drivetrain/leftOutputLog",0
7.289646,"/drivetrain/rightOutputLog",0
7.289897,"/intake/pos",0
7.289902,"/intake/output",0
7.290345,"/shooter/rpm",0
7.290373,"/shooter/output",0.1
7.29061,"/shooter/hasBall",true
7.290742,"/shooter/temperature",40
7.291075,"/climber/rightPos",0
7.309406,"/drivetrain/leftPos",0
7.309489,"/drivetrain/leftVelocity",0
7.309507,"/drivetrain/rightPos",0
7.30952,"/drivetrain/rightVelocity",0
7.309551,"/drivetrain/heading",-2.3399999141693115
7.309559,"/drivetrain/headingVelocity",1.0986328125
7.309566,"/drivetrain/xAcceleration",0
7.309572,"/drivetrain/yAcceleration",0
7.309577,"/drivetrain/leftOutputLog",0
7.309581,"/drivetrain/rightOutputLog",0
7.309803,"/intake/pos",0
7.309807,"/intake/output",0
7.310337,"/shooter/rpm",0
7.310369,"/shooter/output",0.1
7.310415,"/shooter/hasBall",true
7.310467,"/shooter/temperature",40
7.311523,"/climber/rightPos",0
7.329645,"/drivetrain/leftPos",0
7.329665,"/drivetrain/leftVelocity",0
7.329681,"/drivetrain/rightPos",0
7.329695,"/drivetrain/rightVelocity",0
7.329724,"/drivetrain/heading",-2.3499999046325684
7.329733,"/drivetrain/headingVelocity",0.8544921278953552
7.329739,"/drivetrain/xAcceleration",-0.0729999989271164
7.329745,"/drivetrain/yAcceleration",0.057999998331069946
7.32975,"/drivetrain/leftOutputLog",0
7.329754,"/drivetrain/rightOutputLog",0
7.33002,"/intake/pos",0
7.330025,"/intake/output",0
7.330248,"/shooter/rpm",0
7.330272,"/shooter/output",0.1
7.33031,"/shooter/hasBall",true
7.330357,"/shooter/temperature",40
7.33052,"/climber/rightPos",0
7.349429,"/drivetrain/leftPos",0
7.349446,"/drivetrain/leftVelocity",0
7.349462,"/drivetrain/rightPos",0
7.349474,"/drivetrain/rightVelocity",0
7.3495,"/drivetrain/heading",-2.3499999046325684
7.34963,"/drivetrain/headingVelocity",-0.1831054538488388
7.349639,"/drivetrain/xAcceleration",0.027000000700354576
7.349644,"/drivetrain/yAcceleration",0.014999999664723873
7.34965,"/drivetrain/leftOutputLog",0
7.349654,"/drivetrain/rightOutputLog",0
7.350391,"/intake/pos",0
7.350396,"/intake/output",0
7.350695,"/shooter/rpm",0
7.350845,"/shooter/output",0.1
7.350892,"/shooter/hasBall",true
7.351429,"/shooter/temperature",40
7.351816,"/climber/rightPos",0
7.369628,"/drivetrain/leftPos",0
7.369656,"/drivetrain/leftVelocity",0
7.369672,"/drivetrain/rightPos",0
7.369684,"/drivetrain/rightVelocity",0
7.369835,"/drivetrain/heading",-2.2200000286102295
7.369846,"/drivetrain/headingVelocity",-4.0283203125
7.369852,"/drivetrain/xAcceleration",0.017999999225139618
7.369858,"/drivetrain/yAcceleration",0.03700000047683716
7.369862,"/drivetrain/leftOutputLog",0
7.369866,"/drivetrain/rightOutputLog",0
7.37052,"/intake/pos",0
7.370526,"/intake/output",0
7.37081,"/shooter/rpm",0
7.371371,"/shooter/output",0.1
7.371424,"/shooter/hasBall",true
7.37147,"/shooter/temperature",40
7.371672,"/climber/rightPos",0
7.389431,"/drivetrain/leftPos",0
7.389449,"/drivetrain/leftVelocity",0
7.389464,"/drivetrain/rightPos",0
7.389476,"/drivetrain/rightVelocity",0
7.389504,"/drivetrain/heading",-2.1600000858306885
7.389512,"/drivetrain/headingVelocity",-3.967284917831421
7.389519,"/drivetrain/xAcceleration",0.008999999612569809
7.389524,"/drivetrain/yAcceleration",0.00800000037997961
7.389528,"/drivetrain/leftOutputLog",0
7.389532,"/drivetrain/rightOutputLog",0
7.389742,"/intake/pos",0
7.389747,"/intake/output",0
7.390307,"/shooter/rpm",0
7.390337,"/shooter/output",0.1
7.390385,"/shooter/hasBall",true
7.390416,"/shooter/temperature",40
7.39132,"/climber/rightPos",0
7.409504,"/drivetrain/leftPos",0
7.409523,"/drivetrain/leftVelocity",0
7.40954,"/drivetrain/rightPos",0
7.409553,"/drivetrain/rightVelocity",0
7.409578,"/drivetrain/heading",-2.109999895095825
7.409586,"/drivetrain/headingVelocity",-3.051757574081421
7.409592,"/drivetrain/xAcceleration",-0.02500000037252903
7.409597,"/drivetrain/yAcceleration",0.024000000208616257
7.409601,"/drivetrain/leftOutputLog",0
7.409605,"/drivetrain/rightOutputLog",0
7.410499,"/intake/pos",0
7.410504,"/intake/output",0
7.411426,"/shooter/rpm",0
7.411453,"/shooter/output",0.1
7.411511,"/shooter/hasBall",true
7.411562,"/shooter/temperature",40
7.411787,"/climber/rightPos",0
7.429383,"/drivetrain/leftPos",0
7.429401,"/drivetrain/leftVelocity",0
7.429416,"/drivetrain/rightPos",0
7.429429,"/drivetrain/rightVelocity",0
7.429454,"/drivetrain/heading",-2.049999952316284
7.429462,"/drivetrain/headingVelocity",-1.8310545682907104
7.429467,"/drivetrain/xAcceleration",-0.010999999940395355
7.429472,"/drivetrain/yAcceleration",-0.009999999776482582
7.429477,"/drivetrain/leftOutputLog",0
7.42948,"/drivetrain/rightOutputLog",0
7.429715,"/intake/pos",0
7.42972,"/intake/output",0
7.430023,"/shooter/rpm",0
7.430046,"/shooter/output",0.1
7.430083,"/shooter/hasBall",true
7.430108,"/shooter/temperature",40
7.430903,"/climber/rightPos",0
7.449438,"/drivetrain/leftPos",0
7.449456,"/drivetrain/leftVelocity",0
7.449471,"/drivetrain/rightPos",0
7.449483,"/drivetrain/rightVelocity",0
7.44951,"/drivetrain/heading",-2.0199999809265137
7.449519,"/drivetrain/headingVelocity",-1.5258787870407104
7.449525,"/drivetrain/xAcceleration",0.004000000189989805
7.44953,"/drivetrain/yAcceleration",-0.03099999949336052
7.449535,"/drivetrain/leftOutputLog",0
7.449539,"/drivetrain/rightOutputLog",0
7.450075,"/intake/pos",0
7.450081,"/intake/output",0
7.451444,"/shooter/rpm",0
7.45147,"/shooter/output",0.1
7.451526,"/shooter/hasBall",true
7.451565,"/shooter/temperature",40
7.45182,"/climber/rightPos",0
7.469425,"/drivetrain/leftPos",0
7.469442,"/drivetrain/leftVelocity",0
7.469458,"/drivetrain/rightPos",0
7.469471,"/drivetrain/rightVelocity",0
7.469496,"/drivetrain/heading",-2.009999990463257
7.469504,"/drivetrain/headingVelocity",-1.220703125
7.469509,"/drivetrain/xAcceleration",0.004000000189989805
7.469514,"/drivetrain/yAcceleration",-0.03400000184774399
7.469519,"/drivetrain/leftOutputLog",0
7.469522,"/drivetrain/rightOutputLog",0
7.47067,"/intake/pos",0
7.470676,"/intake/output",0
7.471019,"/shooter/rpm",0
7.471049,"/shooter/output",0.1
7.471112,"/shooter/hasBall",true
7.471143,"/shooter/temperature",40
7.471345,"/climber/rightPos",0
7.489462,"/drivetrain/leftPos",0
7.48948,"/drivetrain/leftVelocity",0
7.489496,"/drivetrain/rightPos",0
7.489508,"/drivetrain/rightVelocity",0
7.489533,"/drivetrain/heading",-1.9800000190734863
7.489541,"/drivetrain/headingVelocity",-0.4882812201976776
7.489547,"/drivetrain/xAcceleration",0
7.489552,"/drivetrain/yAcceleration",-0.014000000432133675
7.489556,"/drivetrain/leftOutputLog",0
7.48956,"/drivetrain/rightOutputLog",0
7.4898,"/intake/pos",0
7.489806,"/intake/output",0
7.490867,"/shooter/rpm",0
7.490902,"/shooter/output",0.1
7.491211,"/shooter/hasBall",true
7.491242,"/shooter/temperature",40
7.491468,"/climber/rightPos",0
7.509467,"/drivetrain/leftPos",0
7.509484,"/drivetrain/leftVelocity",0
7.5095,"/drivetrain/rightPos",0
7.509512,"/drivetrain/rightVelocity",0
7.509539,"/drivetrain/heading",-1.9800000190734863
7.509547,"/drivetrain/headingVelocity",0
7.509552,"/drivetrain/xAcceleration",0.003000000026077032
7.509557,"/drivetrain/yAcceleration",-0.014000000432133675
7.509562,"/drivetrain/leftOutputLog",0
7.509566,"/drivetrain/rightOutputLog",0
7.509812,"/intake/pos",0
7.509817,"/intake/output",0
7.510348,"/shooter/rpm",0
7.510378,"/shooter/output",0.1
7.510424,"/shooter/hasBall",true
7.510476,"/shooter/temperature",40
7.510919,"/climber/rightPos",0
7.529654,"/drivetrain/leftPos",0
7.529673,"/drivetrain/leftVelocity",0
7.529689,"/drivetrain/rightPos",0
7.529701,"/drivetrain/rightVelocity",0
7.529725,"/drivetrain/heading",-2
7.529733,"/drivetrain/headingVelocity",0.54931640625
7.529738,"/drivetrain/xAcceleration",0
7.529743,"/drivetrain/yAcceleration",0.004999999888241291
7.529748,"/drivetrain/leftOutputLog",0
7.529751,"/drivetrain/rightOutputLog",0
7.52998,"/intake/pos",0
7.529985,"/intake/output",0
7.53025,"/shooter/rpm",0
7.530272,"/shooter/output",0.1
7.530309,"/shooter/hasBall",true
7.530354,"/shooter/temperature",40
7.530503,"/climber/rightPos",0
7.549507,"/drivetrain/leftPos",0
7.549523,"/drivetrain/leftVelocity",0
7.549539,"/drivetrain/rightPos",0
7.549551,"/drivetrain/rightVelocity",0
7.549699,"/drivetrain/heading",-2
7.549709,"/drivetrain/headingVelocity",0.54931640625
7.549715,"/drivetrain/xAcceleration",-0.014000000432133675
7.54972,"/drivetrain/yAcceleration",0.007000000216066837
7.549726,"/drivetrain/leftOutputLog",0
7.54973,"/drivetrain/rightOutputLog",0
7.550263,"/intake/pos",0
7.550269,"/intake/output",0
7.550468,"/shooter/rpm",0
7.550539,"/shooter/output",0.1
7.550584,"/shooter/hasBall",true
7.550634,"/shooter/temperature",40
7.551197,"/climber/rightPos",0
7.570281,"/drivetrain/leftPos",0
7.570301,"/drivetrain/leftVelocity",0
7.570317,"/drivetrain/rightPos",0
7.570329,"/drivetrain/rightVelocity",0
7.570358,"/drivetrain/heading",-2.009999990463257
7.570367,"/drivetrain/headingVelocity",0.54931640625
7.570373,"/drivetrain/xAcceleration",0
7.570378,"/drivetrain/yAcceleration",0.004999999888241291
7.570383,"/drivetrain/leftOutputLog",0
7.570387,"/drivetrain/rightOutputLog",0
7.571175,"/intake/pos",0
7.57118,"/intake/output",0
7.571572,"/shooter/rpm",0
7.571595,"/shooter/output",0.1
7.571633,"/shooter/hasBall",true
7.571681,"/shooter/temperature",40
7.571845,"/climber/rightPos",0
7.590485,"/drivetrain/leftPos",0
7.590506,"/drivetrain/leftVelocity",0
7.590523,"/drivetrain/rightPos",0
7.590543,"/drivetrain/rightVelocity",0
7.590571,"/drivetrain/heading",-2.0299999713897705
7.590579,"/drivetrain/headingVelocity",0.4882812201976776
7.590584,"/drivetrain/xAcceleration",0.003000000026077032
7.590589,"/drivetrain/yAcceleration",0.004000000189989805
7.590593,"/drivetrain/leftOutputLog",0
7.590597,"/drivetrain/rightOutputLog",0
7.59151,"/intake/pos",0
7.591515,"/intake/output",0
7.591782,"/shooter/rpm",0
7.591811,"/shooter/output",0.1
7.591851,"/shooter/hasBall",true
7.5919,"/shooter/temperature",40
7.59206,"/climber/rightPos",0
7.609581,"/drivetrain/leftPos",0
7.6096,"/drivetrain/leftVelocity",0
7.609617,"/drivetrain/rightPos",0
7.609641,"/drivetrain/rightVelocity",0
7.609669,"/drivetrain/heading",-2.0399999618530273
7.609677,"/drivetrain/headingVelocity",0.54931640625
7.609683,"/drivetrain/xAcceleration",0.004000000189989805
7.609688,"/drivetrain/yAcceleration",0.004999999888241291
7.609693,"/drivetrain/leftOutputLog",0
7.609696,"/drivetrain/rightOutputLog",0
7.61104,"/intake/pos",0
7.611049,"/intake/output",0
7.611418,"/shooter/rpm",0
7.611441,"/shooter/output",0.1
7.611485,"/shooter/hasBall",true
7.61153,"/shooter/temperature",40
7.611777,"/climber/rightPos",0
7.629635,"/drivetrain/leftPos",0
7.629654,"/drivetrain/leftVelocity",0
7.629671,"/drivetrain/rightPos",0
7.629683,"/drivetrain/rightVelocity",0
7.62971,"/drivetrain/heading",-2.049999952316284
7.629719,"/drivetrain/headingVelocity",0.6713866591453552
7.629725,"/drivetrain/xAcceleration",0
7.62973,"/drivetrain/yAcceleration",0
7.629734,"/drivetrain/leftOutputLog",0
7.629738,"/drivetrain/rightOutputLog",0
7.629938,"/intake/pos",0
7.629943,"/intake/output",0
7.630121,"/shooter/rpm",0
7.630145,"/shooter/output",0.1
7.630183,"/shooter/hasBall",true
7.630211,"/shooter/temperature",40
7.630418,"/climber/rightPos",0
7.650288,"/drivetrain/leftPos",0
7.65031,"/drivetrain/leftVelocity",0
7.650327,"/drivetrain/rightPos",0
7.65034,"/drivetrain/rightVelocity",0
7.650493,"/drivetrain/heading",-2.069999933242798
7.650504,"/drivetrain/headingVelocity",0.6103515625
7.65051,"/drivetrain/xAcceleration",0.003000000026077032
7.650516,"/drivetrain/yAcceleration",-0.004999999888241291
7.650522,"/drivetrain/leftOutputLog",0
7.650525,"/drivetrain/rightOutputLog",0
7.651151,"/intake/pos",0
7.651156,"/intake/output",0
7.651547,"/shooter/rpm",0
7.651572,"/shooter/output",0.1
7.651614,"/shooter/hasBall",true
7.651655,"/shooter/temperature",40
7.652031,"/climber/rightPos",0
7.669424,"/drivetrain/leftPos",0
7.669441,"/drivetrain/leftVelocity",0
7.669457,"/drivetrain/rightPos",0
7.66947,"/drivetrain/rightVelocity",0
7.669497,"/drivetrain/heading",-2.0799999237060547
7.669504,"/drivetrain/headingVelocity",0.54931640625
7.66951,"/drivetrain/xAcceleration",0
7.669515,"/drivetrain/yAcceleration",0
7.66952,"/drivetrain/leftOutputLog",0
7.669524,"/drivetrain/rightOutputLog",0
7.669787,"/intake/pos",0
7.669791,"/intake/output",0
7.669998,"/shooter/rpm",0
7.67002,"/shooter/output",0.1
7.670263,"/shooter/hasBall",true
7.670649,"/shooter/temperature",40
7.671479,"/climber/rightPos",0
7.689436,"/drivetrain/leftPos",0
7.689453,"/drivetrain/leftVelocity",0
7.689469,"/drivetrain/rightPos",0
7.689481,"/drivetrain/rightVelocity",0
7.689508,"/drivetrain/heading",-2.0899999141693115
7.689516,"/drivetrain/headingVelocity",0.4272460639476776
7.689522,"/drivetrain/xAcceleration",0.004000000189989805
7.689526,"/drivetrain/yAcceleration",0.003000000026077032
7.689531,"/drivetrain/leftOutputLog",0
7.689535,"/drivetrain/rightOutputLog",0
7.689751,"/intake/pos",0
7.689755,"/intake/output",0
7.690622,"/shooter/rpm",0
7.690656,"/shooter/output",0.1
7.690708,"/shooter/hasBall",true
7.690755,"/shooter/temperature",40
7.691256,"/climber/rightPos",0
7.709387,"/drivetrain/leftPos",0
7.709405,"/drivetrain/leftVelocity",0
7.709421,"/drivetrain/rightPos",0
7.709434,"/drivetrain/rightVelocity",0
7.709459,"/drivetrain/heading",-2.0899999141693115
7.709467,"/drivetrain/headingVelocity",0.3662109076976776
7.709472,"/drivetrain/xAcceleration",-0.004999999888241291
7.709477,"/drivetrain/yAcceleration",0.004000000189989805
7.709482,"/drivetrain/leftOutputLog",0
7.709485,"/drivetrain/rightOutputLog",0
7.709968,"/intake/pos",0
7.710158,"/intake/output",0
7.710862,"/shooter/rpm",0
7.710892,"/shooter/output",0.1
7.710938,"/shooter/hasBall",true
7.710972,"/shooter/temperature",40
7.711369,"/climber/rightPos",0
7.729401,"/drivetrain/leftPos",0
7.729419,"/drivetrain/leftVelocity",0
7.729434,"/drivetrain/rightPos",0
7.729446,"/drivetrain/rightVelocity",0
7.729472,"/drivetrain/heading",-2.0899999141693115
7.72948,"/drivetrain/headingVelocity",-0.1831054538488388
7.729486,"/drivetrain/xAcceleration",0.010999999940395355
7.729491,"/drivetrain/yAcceleration",0.004999999888241291
7.729495,"/drivetrain/leftOutputLog",0
7.729499,"/drivetrain/rightOutputLog",0
7.729767,"/intake/pos",0
7.729775,"/intake/output",0
7.730059,"/shooter/rpm",0
7.730083,"/shooter/output",0.1
7.730117,"/shooter/hasBall",true
7.730142,"/shooter/temperature",40
7.730362,"/climber/rightPos",0
7.749488,"/drivetrain/leftPos",0
7.749506,"/drivetrain/leftVelocity",0
7.749522,"/drivetrain/rightPos",0
7.749535,"/drivetrain/rightVelocity",0
7.749562,"/drivetrain/heading",-2.0899999141693115
7.749571,"/drivetrain/headingVelocity",-0.4272460639476776
7.749577,"/drivetrain/xAcceleration",0
7.749582,"/drivetrain/yAcceleration",-0.003000000026077032
7.749587,"/drivetrain/leftOutputLog",0
7.749591,"/drivetrain/rightOutputLog",0
7.750292,"/intake/pos",0
7.750298,"/intake/output",0
7.750719,"/shooter/rpm",0
7.750765,"/shooter/output",0.1
7.750809,"/shooter/hasBall",true
7.750836,"/shooter/temperature",40
7.751333,"/climber/rightPos",0
7.769549,"/drivetrain/leftPos",0
7.769567,"/drivetrain/leftVelocity",0
7.769582,"/drivetrain/rightPos",0
7.769595,"/drivetrain/rightVelocity",0
7.769621,"/drivetrain/heading",-2.0799999237060547
7.769629,"/drivetrain/headingVelocity",-0.54931640625
7.769635,"/drivetrain/xAcceleration",-0.008999999612569809
7.76964,"/drivetrain/yAcceleration",0.008999999612569809
7.769645,"/drivetrain/leftOutputLog",0
7.769649,"/drivetrain/rightOutputLog",0
7.76993,"/intake/pos",0
7.769935,"/intake/output",0
7.770193,"/shooter/rpm",0
7.770216,"/shooter/output",0.1
7.770311,"/shooter/hasBall",true
7.770357,"/shooter/temperature",40
7.770979,"/climber/rightPos",0
7.789618,"/drivetrain/leftPos",0
7.789639,"/drivetrain/leftVelocity",0
7.789656,"/drivetrain/rightPos",0
7.789669,"/drivetrain/rightVelocity",0
7.789697,"/drivetrain/heading",-2.059999942779541
7.789707,"/drivetrain/headingVelocity",-0.4882812201976776
7.789713,"/drivetrain/xAcceleration",0
7.789719,"/drivetrain/yAcceleration",0
7.789724,"/drivetrain/leftOutputLog",0
7.789728,"/drivetrain/rightOutputLog",0
7.79125,"/intake/pos",0
7.791256,"/intake/output",0
7.79161,"/shooter/rpm",0
7.791759,"/shooter/output",0.1
7.791809,"/shooter/hasBall",true
7.791863,"/shooter/temperature",40
7.792055,"/climber/rightPos",0
7.809529,"/drivetrain/leftPos",0
7.80955,"/drivetrain/leftVelocity",0
7.809568,"/drivetrain/rightPos",0
7.80958,"/drivetrain/rightVelocity",0
7.809611,"/drivetrain/heading",-2.059999942779541
7.809619,"/drivetrain/headingVelocity",-0.1831054538488388
7.809625,"/drivetrain/xAcceleration",0
7.80963,"/drivetrain/yAcceleration",-0.006000000052154064
7.809635,"/drivetrain/leftOutputLog",0
7.809639,"/drivetrain/rightOutputLog",0
7.809871,"/intake/pos",0
7.809876,"/intake/output",0
7.81021,"/shooter/rpm",0
7.810235,"/shooter/output",0.1
7.810674,"/shooter/hasBall",true
7.810737,"/shooter/temperature",40
7.811037,"/climber/rightPos",0
7.829405,"/drivetrain/leftPos",0
7.829423,"/drivetrain/leftVelocity",0
7.829438,"/drivetrain/rightPos",0
7.829451,"/drivetrain/rightVelocity",0
7.829477,"/drivetrain/heading",-2.059999942779541
7.829486,"/drivetrain/headingVelocity",0
7.829491,"/drivetrain/xAcceleration",0
7.829496,"/drivetrain/yAcceleration",-0.007000000216066837
7.829501,"/drivetrain/leftOutputLog",0
7.829505,"/drivetrain/rightOutputLog",0
7.829761,"/intake/pos",0
7.829766,"/intake/output",0
7.829983,"/shooter/rpm",0
7.830048,"/shooter/output",0.1
7.830086,"/shooter/hasBall",true
7.83013,"/shooter/temperature",40
7.830295,"/climber/rightPos",0
7.849469,"/drivetrain/leftPos",0
7.849488,"/drivetrain/leftVelocity",0
7.849504,"/drivetrain/rightPos",0
7.849517,"/drivetrain/rightVelocity",0
7.849543,"/drivetrain/heading",-2.069999933242798
7.849551,"/drivetrain/headingVelocity",0.3662109076976776
7.849557,"/drivetrain/xAcceleration",0
7.849562,"/drivetrain/yAcceleration",-0.00800000037997961
7.849567,"/drivetrain/leftOutputLog",0
7.84957,"/drivetrain/rightOutputLog",0
7.849754,"/intake/pos",0
7.849759,"/intake/output",0
7.849982,"/shooter/rpm",0
7.850047,"/shooter/output",0.1
7.850087,"/shooter/hasBall",true
7.850141,"/shooter/temperature",40
7.85057,"/climber/rightPos",0
7.869475,"/drivetrain/leftPos",0
7.869493,"/drivetrain/leftVelocity",0
7.869507,"/drivetrain/rightPos",0
7.86952,"/drivetrain/rightVelocity",0
7.869547,"/drivetrain/heading",-2.0799999237060547
7.869555,"/drivetrain/headingVelocity",0.30517578125
7.869561,"/drivetrain/xAcceleration",0.004000000189989805
7.869566,"/drivetrain/yAcceleration",0.003000000026077032
7.869571,"/drivetrain/leftOutputLog",0
7.869574,"/drivetrain/rightOutputLog",0
7.869834,"/intake/pos",0
7.869839,"/intake/output",0
7.870426,"/shooter/rpm",0
7.870455,"/shooter/output",0.1
7.870501,"/shooter/hasBall",true
7.870634,"/shooter/temperature",40
7.871175,"/climber/rightPos",0
7.889479,"/drivetrain/leftPos",0
7.889499,"/drivetrain/leftVelocity",0
7.889516,"/drivetrain/rightPos",0
7.889529,"/drivetrain/rightVelocity",0
7.889562,"/drivetrain/heading",-2.0799999237060547
7.889572,"/drivetrain/headingVelocity",0.2441406100988388
7.889579,"/drivetrain/xAcceleration",0
7.889584,"/drivetrain/yAcceleration",0.00800000037997961
7.889589,"/drivetrain/leftOutputLog",0
7.889592,"/drivetrain/rightOutputLog",0
7.889941,"/intake/pos",0
7.889946,"/intake/output",0
7.894536,"/shooter/rpm",0
7.89456,"/shooter/output",0.1
7.894605,"/shooter/hasBall",true
7.894652,"/shooter/temperature",40
7.894835,"/climber/rightPos",0
7.909749,"/drivetrain/leftPos",0
7.909767,"/drivetrain/leftVelocity",0
7.909783,"/drivetrain/rightPos",0
7.909794,"/drivetrain/rightVelocity",0
7.909819,"/drivetrain/heading",-2.0899999141693115
7.909827,"/drivetrain/headingVelocity",0.1220703050494194
7.909832,"/drivetrain/xAcceleration",0
7.909837,"/drivetrain/yAcceleration",0.003000000026077032
7.909842,"/drivetrain/leftOutputLog",0
7.909846,"/drivetrain/rightOutputLog",0
7.910041,"/intake/pos",0
7.910046,"/intake/output",0
7.910308,"/shooter/rpm",0
7.910331,"/shooter/output",0.1
7.910368,"/shooter/hasBall",true
7.910394,"/shooter/temperature",40
7.910571,"/climber/rightPos",0
7.929829,"/drivetrain/leftPos",0
7.929938,"/drivetrain/leftVelocity",0
7.929969,"/drivetrain/rightPos",0
7.929985,"/drivetrain/rightVelocity",0
7.930019,"/drivetrain/heading",-2.0899999141693115
7.930027,"/drivetrain/headingVelocity",0.2441406100988388
7.930033,"/drivetrain/xAcceleration",-0.00800000037997961
7.930038,"/drivetrain/yAcceleration",-0.004999999888241291
7.930043,"/drivetrain/leftOutputLog",0
7.930046,"/drivetrain/rightOutputLog",0
7.930574,"/intake/pos",0
7.930579,"/intake/output",0
7.9308,"/shooter/rpm",0
7.930823,"/shooter/output",0.1
7.930858,"/shooter/hasBall",true
7.930891,"/shooter/temperature",40
7.931202,"/climber/rightPos",0
7.949421,"/drivetrain/leftPos",0
7.949438,"/drivetrain/leftVelocity",0
7.949454,"/drivetrain/rightPos",0
7.949466,"/drivetrain/rightVelocity",0
7.949493,"/drivetrain/heading",-2.0999999046325684
7.949501,"/drivetrain/headingVelocity",0.30517578125
7.949506,"/drivetrain/xAcceleration",0
7.949512,"/drivetrain/yAcceleration",0
7.949516,"/drivetrain/leftOutputLog",0
7.94952,"/drivetrain/rightOutputLog",0
7.950093,"/intake/pos",0
7.950099,"/intake/output",0
7.950488,"/shooter/rpm",0
7.950518,"/shooter/output",0.1
7.950566,"/shooter/hasBall",true
7.950594,"/shooter/temperature",40
7.951119,"/climber/rightPos",0
7.970195,"/drivetrain/leftPos",0
7.970914,"/drivetrain/leftVelocity",0
7.970948,"/drivetrain/rightPos",0
7.970963,"/drivetrain/rightVelocity",0
7.970994,"/drivetrain/heading",-2.109999895095825
7.971002,"/drivetrain/headingVelocity",0.30517578125
7.971008,"/drivetrain/xAcceleration",0.006000000052154064
7.971013,"/drivetrain/yAcceleration",0
7.971017,"/drivetrain/leftOutputLog",0
7.971021,"/drivetrain/rightOutputLog",0
7.971296,"/intake/pos",0
7.9713,"/intake/output",0
7.971574,"/shooter/rpm",0
7.971597,"/shooter/output",0.1
7.971635,"/shooter/hasBall",true
7.971663,"/shooter/temperature",40
7.971825,"/climber/rightPos",0
7.989723,"/drivetrain/leftPos",0
7.989742,"/drivetrain/leftVelocity",0
7.989758,"/drivetrain/rightPos",0
7.98977,"/drivetrain/rightVelocity",0
7.989797,"/drivetrain/heading",-2.109999895095825
7.989805,"/drivetrain/headingVelocity",0.2441406100988388
7.989811,"/drivetrain/xAcceleration",0
7.989816,"/drivetrain/yAcceleration",-0.003000000026077032
7.98982,"/drivetrain/leftOutputLog",0
7.989824,"/drivetrain/rightOutputLog",0
7.990012,"/intake/pos",0
7.990017,"/intake/output",0
7.990267,"/shooter/rpm",0
7.990291,"/shooter/output",0.1
7.990328,"/shooter/hasBall",true
7.990374,"/shooter/temperature",40
7.990527,"/climber/rightPos",0
8.009482,"/drivetrain/leftPos",0
8.0095,"/drivetrain/leftVelocity",0
8.009516,"/drivetrain/rightPos",0
8.009528,"/drivetrain/rightVelocity",0
8.00956,"/drivetrain/heading",-2.119999885559082
8.00957,"/drivetrain/headingVelocity",0.0610351525247097
8.009576,"/drivetrain/xAcceleration",0.004000000189989805
8.009581,"/drivetrain/yAcceleration",0.003000000026077032
8.009586,"/drivetrain/leftOutputLog",0
8.009589,"/drivetrain/rightOutputLog",0
8.009982,"/intake/pos",0
8.009986,"/intake/output",0
8.010187,"/shooter/rpm",0
8.010211,"/shooter/output",0.1
8.010245,"/shooter/hasBall",true
8.01029,"/shooter/temperature",40
8.010866,"/climber/rightPos",0
8.029486,"/drivetrain/leftPos",0
8.029504,"/drivetrain/leftVelocity",0
8.029519,"/drivetrain/rightPos",0
8.029532,"/drivetrain/rightVelocity",0
8.029558,"/drivetrain/heading",-2.109999895095825
8.029566,"/drivetrain/headingVelocity",-0.2441406100988388
8.029572,"/drivetrain/xAcceleration",0
8.029577,"/drivetrain/yAcceleration",0.009999999776482582
8.029582,"/drivetrain/leftOutputLog",0
8.029585,"/drivetrain/rightOutputLog",0
8.029794,"/intake/pos",0
8.029846,"/intake/output",0
8.030026,"/shooter/rpm",0
8.030052,"/shooter/output",0.1
8.030089,"/shooter/hasBall",true
8.030135,"/shooter/temperature",40
8.030543,"/climber/rightPos",0
8.049402,"/drivetrain/leftPos",0
8.04942,"/drivetrain/leftVelocity",0
8.049436,"/drivetrain/rightPos",0
8.049448,"/drivetrain/rightVelocity",0
8.049472,"/drivetrain/heading",-2.109999895095825
8.04948,"/drivetrain/headingVelocity",-0.2441406100988388
8.049486,"/drivetrain/xAcceleration",-0.006000000052154064
8.049491,"/drivetrain/yAcceleration",0
8.049496,"/drivetrain/leftOutputLog",0
8.049499,"/drivetrain/rightOutputLog",0
8.049687,"/intake/pos",0
8.049692,"/intake/output",0
8.050739,"/shooter/rpm",0
8.050771,"/shooter/output",0.1
8.050819,"/shooter/hasBall",true
8.050874,"/shooter/temperature",40
8.051831,"/climber/rightPos",0
8.069462,"/drivetrain/leftPos",0
8.06948,"/drivetrain/leftVelocity",0
8.069497,"/drivetrain/rightPos",0
8.06951,"/drivetrain/rightVelocity",0
8.069538,"/drivetrain/heading",-2.0999999046325684
8.069546,"/drivetrain/headingVelocity",-0.2441406100988388
8.069551,"/drivetrain/xAcceleration",0
8.069556,"/drivetrain/yAcceleration",-0.004999999888241291
8.069561,"/drivetrain/leftOutputLog",0
8.069564,"/drivetrain/rightOutputLog",0
8.070732,"/intake/pos",0
8.070738,"/intake/output",0
8.071753,"/shooter/rpm",0
8.071775,"/shooter/output",0.1
8.071825,"/shooter/hasBall",true
8.072495,"/shooter/temperature",40
8.072742,"/climber/rightPos",0
8.089434,"/drivetrain/leftPos",0
8.089452,"/drivetrain/leftVelocity",0
8.089468,"/drivetrain/rightPos",0
8.08948,"/drivetrain/rightVelocity",0
8.089506,"/drivetrain/heading",-2.0999999046325684
8.089514,"/drivetrain/headingVelocity",0
8.08952,"/drivetrain/xAcceleration",0
8.089525,"/drivetrain/yAcceleration",0
8.089529,"/drivetrain/leftOutputLog",0
8.089533,"/drivetrain/rightOutputLog",0
8.089758,"/intake/pos",0
8.089804,"/intake/output",0
8.090031,"/shooter/rpm",0
8.090053,"/shooter/output",0.1
8.090129,"/shooter/hasBall",true
8.09017,"/shooter/temperature",40
8.09038,"/climber/rightPos",0
8.109534,"/drivetrain/leftPos",0
8.109552,"/drivetrain/leftVelocity",0
8.109569,"/drivetrain/rightPos",0
8.109582,"/drivetrain/rightVelocity",0
8.109608,"/drivetrain/heading",-2.0999999046325684
8.109616,"/drivetrain/headingVelocity",0.0610351525247097
8.109622,"/drivetrain/xAcceleration",-0.004999999888241291
8.109626,"/drivetrain/yAcceleration",-0.007000000216066837
8.109631,"/drivetrain/leftOutputLog",0
8.109635,"/drivetrain/rightOutputLog",0
8.109905,"/intake/pos",0
8.10991,"/intake/output",0
8.110284,"/shooter/rpm",0
8.110315,"/shooter/output",0.1
8.110405,"/shooter/hasBall",true
8.110455,"/shooter/temperature",40
8.110803,"/climber/rightPos",0
8.129428,"/drivetrain/leftPos",0
8.129446,"/drivetrain/leftVelocity",0
8.129461,"/drivetrain/rightPos",0
8.129473,"/drivetrain/rightVelocity",0
8.129499,"/drivetrain/heading",-2.0999999046325684
8.129508,"/drivetrain/headingVelocity",0
8.129513,"/drivetrain/xAcceleration",0
8.129518,"/drivetrain/yAcceleration",-0.004999999888241291
8.129523,"/drivetrain/leftOutputLog",0
8.129527,"/drivetrain/rightOutputLog",0
8.129798,"/intake/pos",0
8.129805,"/intake/output",0
8.130079,"/shooter/rpm",0
8.130108,"/shooter/output",0.1
8.13015,"/shooter/hasBall",true
8.130192,"/shooter/temperature",40
8.130475,"/climber/rightPos",0
8.14986,"/drivetrain/leftPos",0
8.149877,"/drivetrain/leftVelocity",0
8.149893,"/drivetrain/rightPos",0
8.149906,"/drivetrain/rightVelocity",0
8.149933,"/drivetrain/heading",-2.109999895095825
8.149942,"/drivetrain/headingVelocity",0.1220703050494194
8.149947,"/drivetrain/xAcceleration",0
8.149952,"/drivetrain/yAcceleration",0.003000000026077032
8.149957,"/drivetrain/leftOutputLog",0
8.149961,"/drivetrain/rightOutputLog",0
8.150177,"/intake/pos",0
8.150182,"/intake/output",0
8.150421,"/shooter/rpm",0
8.150445,"/shooter/output",0.1
8.150484,"/shooter/hasBall",true
8.150524,"/shooter/temperature",40
8.150729,"/climber/rightPos",0
8.169481,"/drivetrain/leftPos",0
8.169501,"/drivetrain/leftVelocity",0
8.169517,"/drivetrain/rightPos",0
8.16953,"/drivetrain/rightVelocity",0
8.169556,"/drivetrain/heading",-2.109999895095825
8.169564,"/drivetrain/headingVelocity",0.0610351525247097
8.16957,"/drivetrain/xAcceleration",0
8.169575,"/drivetrain/yAcceleration",0.004000000189989805
8.169579,"/drivetrain/leftOutputLog",0
8.169583,"/drivetrain/rightOutputLog",0
8.16979,"/intake/pos",0
8.169795,"/intake/output",0
8.170488,"/shooter/rpm",0
8.170519,"/shooter/output",0.1
8.170566,"/shooter/hasBall",true
8.170701,"/shooter/temperature",40
8.171189,"/climber/rightPos",0
8.189435,"/drivetrain/leftPos",0
8.189453,"/drivetrain/leftVelocity",0
8.189468,"/drivetrain/rightPos",0
8.189481,"/drivetrain/rightVelocity",0
8.189507,"/drivetrain/heading",-2.109999895095825
8.189515,"/drivetrain/headingVelocity",0.0610351525247097
8.189521,"/drivetrain/xAcceleration",0
8.189526,"/drivetrain/yAcceleration",0.003000000026077032
8.18953,"/drivetrain/leftOutputLog",0
8.189534,"/drivetrain/rightOutputLog",0
8.190187,"/intake/pos",0
8.190192,"/intake/output",0
8.190676,"/shooter/rpm",0
8.190848,"/shooter/output",0.1
8.191412,"/shooter/hasBall",true
8.191453,"/shooter/temperature",40
8.191648,"/climber/rightPos",0
8.209376,"/drivetrain/leftPos",0
8.209393,"/drivetrain/leftVelocity",0
8.209409,"/drivetrain/rightPos",0
8.20942,"/drivetrain/rightVelocity",0
8.209446,"/drivetrain/heading",-2.109999895095825
8.209454,"/drivetrain/headingVelocity",0.1220703050494194
8.209459,"/drivetrain/xAcceleration",0
8.209464,"/drivetrain/yAcceleration",0
8.209469,"/drivetrain/leftOutputLog",0
8.209473,"/drivetrain/rightOutputLog",0
8.210375,"/intake/pos",0
8.210381,"/intake/output",0
8.210705,"/shooter/rpm",0
8.210737,"/shooter/output",0.1
8.210785,"/shooter/hasBall",true
8.210815,"/shooter/temperature",40
8.211197,"/climber/rightPos",0
8.229834,"/drivetrain/leftPos",0
8.229853,"/drivetrain/leftVelocity",0
8.229871,"/drivetrain/rightPos",0
8.229883,"/drivetrain/rightVelocity",0
8.230034,"/drivetrain/heading",-2.119999885559082
8.230045,"/drivetrain/headingVelocity",0
8.230051,"/drivetrain/xAcceleration",0
8.230057,"/drivetrain/yAcceleration",0
8.230063,"/drivetrain/leftOutputLog",0
8.230067,"/drivetrain/rightOutputLog",0
8.230351,"/intake/pos",0
8.230356,"/intake/output",0
8.230632,"/shooter/rpm",0
8.230661,"/shooter/output",0.1
8.230712,"/shooter/hasBall",true
8.230742,"/shooter/temperature",40
8.230969,"/climber/rightPos",0
8.251664,"/drivetrain/leftPos",0
8.251683,"/drivetrain/leftVelocity",0
8.2517,"/drivetrain/rightPos",0
8.251713,"/drivetrain/rightVelocity",0
8.251746,"/drivetrain/heading",-2.119999885559082
8.251755,"/drivetrain/headingVelocity",0
8.25176,"/drivetrain/xAcceleration",0
8.251765,"/drivetrain/yAcceleration",0
8.25177,"/drivetrain/leftOutputLog",0
8.251774,"/drivetrain/rightOutputLog",0
8.25215,"/intake/pos",0
8.252155,"/intake/output",0
8.252464,"/shooter/rpm",0
8.252707,"/shooter/output",0.1
8.252756,"/shooter/hasBall",true
8.252808,"/shooter/temperature",40
8.253508,"/climber/rightPos",0
8.271585,"/drivetrain/leftPos",0
8.271604,"/drivetrain/leftVelocity",0
8.271621,"/drivetrain/rightPos",0
8.271633,"/drivetrain/rightVelocity",0
8.271665,"/drivetrain/heading",-2.109999895095825
8.271674,"/drivetrain/headingVelocity",-0.1220703050494194
8.271679,"/drivetrain/xAcceleration",0
8.271684,"/drivetrain/yAcceleration",0.003000000026077032
8.271689,"/drivetrain/leftOutputLog",0
8.271693,"/drivetrain/rightOutputLog",0
8.271924,"/intake/pos",0
8.271929,"/intake/output",0
8.272198,"/shooter/rpm",0
8.272221,"/shooter/output",0.1
8.272257,"/shooter/hasBall",true
8.2723,"/shooter/temperature",40
8.272455,"/climber/rightPos",0
8.289394,"/drivetrain/leftPos",0
8.289412,"/drivetrain/leftVelocity",0
8.289427,"/drivetrain/rightPos",0
8.28944,"/drivetrain/rightVelocity",0
8.289477,"/drivetrain/heading",-2.109999895095825
8.289486,"/drivetrain/headingVelocity",-0.2441406100988388
8.289491,"/drivetrain/xAcceleration",0
8.289496,"/drivetrain/yAcceleration",0.004999999888241291
8.289501,"/drivetrain/leftOutputLog",0
8.289505,"/drivetrain/rightOutputLog",0
8.28971,"/intake/pos",0
8.289715,"/intake/output",0
8.289912,"/shooter/rpm",0
8.289936,"/shooter/output",0.1
8.289972,"/shooter/hasBall",true
8.290019,"/shooter/temperature",40
8.29019,"/climber/rightPos",0
8.309292,"/drivetrain/leftPos",0
8.30931,"/drivetrain/leftVelocity",0
8.309326,"/drivetrain/rightPos",0
8.309337,"/drivetrain/rightVelocity",0
8.309376,"/drivetrain/heading",-2.109999895095825
8.309385,"/drivetrain/headingVelocity",-0.1220703050494194
8.309391,"/drivetrain/xAcceleration",0
8.309396,"/drivetrain/yAcceleration",0
8.3094,"/drivetrain/leftOutputLog",0
8.309404,"/drivetrain/rightOutputLog",0
8.309589,"/intake/pos",0
8.309594,"/intake/output",0
8.309768,"/shooter/rpm",0
8.30979,"/shooter/output",0.1
8.309824,"/shooter/hasBall",true
8.309866,"/shooter/temperature",40
8.310031,"/climber/rightPos",0
8.329474,"/drivetrain/leftPos",0
8.329493,"/drivetrain/leftVelocity",0
8.329508,"/drivetrain/rightPos",0
8.329521,"/drivetrain/rightVelocity",0
8.329553,"/drivetrain/heading",-2.0999999046325684
8.329561,"/drivetrain/headingVelocity",-0.0610351525247097
8.329566,"/drivetrain/xAcceleration",0
8.329571,"/drivetrain/yAcceleration",0
8.329576,"/drivetrain/leftOutputLog",0
8.32958,"/drivetrain/rightOutputLog",0
8.329778,"/intake/pos",0
8.329783,"/intake/output",0
8.330021,"/shooter/rpm",0
8.330043,"/shooter/output",0.1
8.330081,"/shooter/hasBall",true
8.330129,"/shooter/temperature",40
8.330369,"/climber/rightPos",0
8.349337,"/drivetrain/leftPos",0
8.349356,"/drivetrain/leftVelocity",0
8.349371,"/drivetrain/rightPos",0
8.349382,"/drivetrain/rightVelocity",0
8.349422,"/drivetrain/heading",-2.0999999046325684
8.349431,"/drivetrain/headingVelocity",0
8.349437,"/drivetrain/xAcceleration",0
8.349442,"/drivetrain/yAcceleration",-0.003000000026077032
8.349446,"/drivetrain/leftOutputLog",0
8.34945,"/drivetrain/rightOutputLog",0
8.349819,"/intake/pos",0
8.349824,"/intake/output",0
8.350154,"/shooter/rpm",0
8.350183,"/shooter/output",0.1
8.350224,"/shooter/hasBall",true
8.350273,"/shooter/temperature",40
8.350584,"/climber/rightPos",0
8.369521,"/drivetrain/leftPos",0
8.369554,"/drivetrain/leftVelocity",0
8.369572,"/drivetrain/rightPos",0
8.369586,"/drivetrain/rightVelocity",0
8.369637,"/drivetrain/heading",-2.0999999046325684
8.369646,"/drivetrain/headingVelocity",0.0610351525247097
8.369651,"/drivetrain/xAcceleration",0
8.369656,"/drivetrain/yAcceleration",-0.003000000026077032
8.369661,"/drivetrain/leftOutputLog",0
8.369666,"/drivetrain/rightOutputLog",0
8.369946,"/intake/pos",0
8.369951,"/intake/output",0
8.370265,"/shooter/rpm",0
8.370293,"/shooter/output",0.1
8.370331,"/shooter/hasBall",true
8.370371,"/shooter/temperature",40
8.370538,"/climber/rightPos",0
8.389822,"/drivetrain/leftPos",0
8.389842,"/drivetrain/leftVelocity",0
8.389859,"/drivetrain/rightPos",0
8.389871,"/drivetrain/rightVelocity",0
8.389912,"/drivetrain/heading",-2.0999999046325684
8.389921,"/drivetrain/headingVelocity",0
8.389927,"/drivetrain/xAcceleration",0
8.389932,"/drivetrain/yAcceleration",0
8.389937,"/drivetrain/leftOutputLog",0
8.389941,"/drivetrain/rightOutputLog",0
8.390291,"/intake/pos",0
8.390297,"/intake/output",0
8.39156,"/shooter/rpm",0
8.391584,"/shooter/output",0.1
8.391628,"/shooter/hasBall",true
8.391677,"/shooter/temperature",40
8.391876,"/climber/rightPos",0
8.409432,"/drivetrain/leftPos",0
8.40945,"/drivetrain/leftVelocity",0
8.409465,"/drivetrain/rightPos",0
8.409477,"/drivetrain/rightVelocity",0
8.409515,"/drivetrain/heading",-2.109999895095825
8.409523,"/drivetrain/headingVelocity",0.0610351525247097
8.40953,"/drivetrain/xAcceleration",0
8.409535,"/drivetrain/yAcceleration",0
8.409539,"/drivetrain/leftOutputLog",0
8.409543,"/drivetrain/rightOutputLog",0
8.409749,"/intake/pos",0
8.409754,"/intake/output",0
8.409998,"/shooter/rpm",0
8.410026,"/shooter/output",0.1
8.410069,"/shooter/hasBall",true
8.410147,"/shooter/temperature",40
8.410479,"/climber/rightPos",0
8.43367,"/drivetrain/leftPos",0
8.433688,"/drivetrain/leftVelocity",0
8.433706,"/drivetrain/rightPos",0
8.433718,"/drivetrain/rightVelocity",0
8.433758,"/drivetrain/heading",-2.109999895095825
8.433767,"/drivetrain/headingVelocity",0.0610351525247097
8.433773,"/drivetrain/xAcceleration",0
8.433778,"/drivetrain/yAcceleration",0.004000000189989805
8.433782,"/drivetrain/leftOutputLog",0
8.433786,"/drivetrain/rightOutputLog",0
8.434225,"/intake/pos",0
8.434229,"/intake/output",0
8.434502,"/shooter/rpm",0
8.434529,"/shooter/output",0.1
8.434571,"/shooter/hasBall",true
8.434608,"/shooter/temperature",40
8.434801,"/climber/rightPos",0
8.449411,"/drivetrain/leftPos",0
8.449428,"/drivetrain/leftVelocity",0
8.449444,"/drivetrain/rightPos",0
8.449456,"/drivetrain/rightVelocity",0
8.449485,"/drivetrain/heading",-2.109999895095825
8.449493,"/drivetrain/headingVelocity",0.1220703050494194
8.449499,"/drivetrain/xAcceleration",0
8.449504,"/drivetrain/yAcceleration",0
8.449508,"/drivetrain/leftOutputLog",0
8.449512,"/drivetrain/rightOutputLog",0
8.450102,"/intake/pos",0
8.450109,"/intake/output",0
8.451151,"/shooter/rpm",0
8.451174,"/shooter/output",0.1
8.451219,"/shooter/hasBall",true
8.451247,"/shooter/temperature",40
8.451446,"/climber/rightPos",0
8.469618,"/drivetrain/leftPos",0
8.46964,"/drivetrain/leftVelocity",0
8.469656,"/drivetrain/rightPos",0
8.469671,"/drivetrain/rightVelocity",0
8.469712,"/drivetrain/heading",-2.119999885559082
8.469723,"/drivetrain/headingVelocity",0.1831054538488388
8.469729,"/drivetrain/xAcceleration",0
8.469734,"/drivetrain/yAcceleration",-0.003000000026077032
8.469739,"/drivetrain/leftOutputLog",0
8.469743,"/drivetrain/rightOutputLog",0
8.470131,"/intake/pos",0
8.470136,"/intake/output",0
8.470539,"/shooter/rpm",0
8.470567,"/shooter/output",0.1
8.47061,"/shooter/hasBall",true
8.470639,"/shooter/temperature",40
8.470992,"/climber/rightPos",0
8.489349,"/drivetrain/leftPos",0
8.489367,"/drivetrain/leftVelocity",0
8.489382,"/drivetrain/rightPos",0
8.489394,"/drivetrain/rightVelocity",0
8.489431,"/drivetrain/heading",-2.119999885559082
8.489439,"/drivetrain/headingVelocity",0.1220703050494194
8.489446,"/drivetrain/xAcceleration",0
8.48945,"/drivetrain/yAcceleration",-0.003000000026077032
8.489455,"/drivetrain/leftOutputLog",0
8.489459,"/drivetrain/rightOutputLog",0
8.489662,"/intake/pos",0
8.489667,"/intake/output",0
8.489857,"/shooter/rpm",0
8.48988,"/shooter/output",0.1
8.489915,"/shooter/hasBall",true
8.489959,"/shooter/temperature",40
8.49017,"/climber/rightPos",0
8.509727,"/drivetrain/leftPos",0
8.509745,"/drivetrain/leftVelocity",0
8.50976,"/drivetrain/rightPos",0
8.509772,"/drivetrain/rightVelocity",0
8.509807,"/drivetrain/heading",-2.119999885559082
8.509815,"/drivetrain/headingVelocity",0
8.50982,"/drivetrain/xAcceleration",0
8.509826,"/drivetrain/yAcceleration",0
8.50983,"/drivetrain/leftOutputLog",0
8.509834,"/drivetrain/rightOutputLog",0
8.510056,"/intake/pos",0
8.510061,"/intake/output",0
8.510324,"/shooter/rpm",0
8.510346,"/shooter/output",0.1
8.510383,"/shooter/hasBall",true
8.51043,"/shooter/temperature",40
8.510628,"/climber/rightPos",0
8.529335,"/drivetrain/leftPos",0
8.529354,"/drivetrain/leftVelocity",0
8.52937,"/drivetrain/rightPos",0
8.529383,"/drivetrain/rightVelocity",0
8.52942,"/drivetrain/heading",-2.119999885559082
8.529429,"/drivetrain/headingVelocity",0
8.529434,"/drivetrain/xAcceleration",0
8.529439,"/drivetrain/yAcceleration",0.004999999888241291
8.529444,"/drivetrain/leftOutputLog",0
8.529448,"/drivetrain/rightOutputLog",0
8.529641,"/intake/pos",0
8.529647,"/intake/output",0
8.529836,"/shooter/rpm",0
8.529858,"/shooter/output",0.1
8.529891,"/shooter/hasBall",true
8.530069,"/shooter/temperature",40
8.53026,"/climber/rightPos",0
8.54936,"/drivetrain/leftPos",0
8.549377,"/drivetrain/leftVelocity",0
8.549393,"/drivetrain/rightPos",0
8.549405,"/drivetrain/rightVelocity",0
8.549445,"/drivetrain/heading",-2.119999885559082
8.549454,"/drivetrain/headingVelocity",-0.1220703050494194
8.54946,"/drivetrain/xAcceleration",0
8.549465,"/drivetrain/yAcceleration",0
8.54947,"/drivetrain/leftOutputLog",0
8.549474,"/drivetrain/rightOutputLog",0
8.549708,"/intake/pos",0
8.549712,"/intake/output",0
8.550312,"/shooter/rpm",0
8.550345,"/shooter/output",0.1
8.550394,"/shooter/hasBall",true
8.550445,"/shooter/temperature",40
8.550979,"/climber/rightPos",0
8.569456,"/drivetrain/leftPos",0
8.569475,"/drivetrain/leftVelocity",0
8.569491,"/drivetrain/rightPos",0
8.569503,"/drivetrain/rightVelocity",0
8.569536,"/drivetrain/heading",-2.109999895095825
8.569544,"/drivetrain/headingVelocity",-0.0610351525247097
8.569549,"/drivetrain/xAcceleration",0
8.569555,"/drivetrain/yAcceleration",0
8.569559,"/drivetrain/leftOutputLog",0
8.569563,"/drivetrain/rightOutputLog",0
8.569753,"/intake/pos",0
8.569758,"/intake/output",0
8.569981,"/shooter/rpm",0
8.570187,"/shooter/output",0.1
8.570238,"/shooter/hasBall",true
8.570548,"/shooter/temperature",40
8.571163,"/climber/rightPos",0
8.589409,"/drivetrain/leftPos",0
8.589426,"/drivetrain/leftVelocity",0
8.589442,"/drivetrain/rightPos",0
8.589455,"/drivetrain/rightVelocity",0
8.589494,"/drivetrain/heading",-2.109999895095825
8.589502,"/drivetrain/headingVelocity",0
8.589508,"/drivetrain/xAcceleration",0
8.589513,"/drivetrain/yAcceleration",-0.003000000026077032
8.589517,"/drivetrain/leftOutputLog",0
8.589521,"/drivetrain/rightOutputLog",0
8.589702,"/intake/pos",0
8.589707,"/intake/output",0
8.58996,"/shooter/rpm",0
8.589982,"/shooter/output",0.1
8.59002,"/shooter/hasBall",true
8.590059,"/shooter/temperature",40
8.590215,"/climber/rightPos",0
8.609436,"/drivetrain/leftPos",0
8.609455,"/drivetrain/leftVelocity",0
8.609471,"/drivetrain/rightPos",0
8.609483,"/drivetrain/rightVelocity",0
8.609525,"/drivetrain/heading",-2.109999895095825
8.609533,"/drivetrain/headingVelocity",0
8.609539,"/drivetrain/xAcceleration",0
8.609544,"/drivetrain/yAcceleration",-0.003000000026077032
8.609549,"/drivetrain/leftOutputLog",0
8.609553,"/drivetrain/rightOutputLog",0
8.60978,"/intake/pos",0
8.609785,"/intake/output",0
8.610226,"/shooter/rpm",0
8.61025,"/shooter/output",0.1
8.61029,"/shooter/hasBall",true
8.610395,"/shooter/temperature",40
8.610562,"/climber/rightPos",0
8.629297,"/drivetrain/leftPos",0
8.629369,"/drivetrain/leftVelocity",0
8.629392,"/drivetrain/rightPos",0
8.629406,"/drivetrain/rightVelocity",0
8.629445,"/drivetrain/heading",-2.119999885559082
8.629454,"/drivetrain/headingVelocity",0.0610351525247097
8.62946,"/drivetrain/xAcceleration",0
8.629464,"/drivetrain/yAcceleration",0
8.629469,"/drivetrain/leftOutputLog",0
8.629473,"/drivetrain/rightOutputLog",0
8.629723,"/intake/pos",0
8.629727,"/intake/output",0
8.629952,"/shooter/rpm",0
8.630016,"/shooter/output",0.1
8.630054,"/shooter/hasBall",true
8.630218,"/shooter/temperature",40
8.631363,"/climber/rightPos",0
8.649327,"/drivetrain/leftPos",0
8.649346,"/drivetrain/leftVelocity",0
8.649362,"/drivetrain/rightPos",0
8.649375,"/drivetrain/rightVelocity",0
8.649414,"/drivetrain/heading",-2.119999885559082
8.649423,"/drivetrain/headingVelocity",0.0610351525247097
8.649428,"/drivetrain/xAcceleration",0
8.649434,"/drivetrain/yAcceleration",0
8.649438,"/drivetrain/leftOutputLog",0
8.649442,"/drivetrain/rightOutputLog",0
8.649625,"/intake/pos",0
8.649629,"/intake/output",0
8.649802,"/shooter/rpm",0
8.649824,"/shooter/output",0.1
8.649867,"/shooter/hasBall",true
8.649911,"/shooter/temperature",40
8.650456,"/climber/rightPos",0
8.669322,"/drivetrain/leftPos",0
8.66934,"/drivetrain/leftVelocity",0
8.669356,"/drivetrain/rightPos",0
8.669368,"/drivetrain/rightVelocity",0
8.669407,"/drivetrain/heading",-2.119999885559082
8.669415,"/drivetrain/headingVelocity",0
8.66942,"/drivetrain/xAcceleration",0
8.669425,"/drivetrain/yAcceleration",0.003000000026077032
8.66943,"/drivetrain/leftOutputLog",0
8.669434,"/drivetrain/rightOutputLog",0
8.669663,"/intake/pos",0
8.66967,"/intake/output",0
8.669855,"/shooter/rpm",0
8.669877,"/shooter/output",0.1
8.669911,"/shooter/hasBall",true
8.669943,"/shooter/temperature",40
8.670249,"/climber/rightPos",0
8.690152,"/drivetrain/leftPos",0
8.690169,"/drivetrain/leftVelocity",0
8.690186,"/drivetrain/rightPos",0
8.690199,"/drivetrain/rightVelocity",0
8.690235,"/drivetrain/heading",-2.119999885559082
8.690243,"/drivetrain/headingVelocity",-0.0610351525247097
8.690249,"/drivetrain/xAcceleration",0
8.690254,"/drivetrain/yAcceleration",0
8.690259,"/drivetrain/leftOutputLog",0
8.690263,"/drivetrain/rightOutputLog",0
8.690821,"/intake/pos",0
8.690827,"/intake/output",0
8.691097,"/shooter/rpm",0
8.69112,"/shooter/output",0.1
8.691159,"/shooter/hasBall",true
8.691187,"/shooter/temperature",40
8.691341,"/climber/rightPos",0
8.709326,"/drivetrain/leftPos",0
8.709345,"/drivetrain/leftVelocity",0
8.70936,"/drivetrain/rightPos",0
8.709372,"/drivetrain/rightVelocity",0
8.709411,"/drivetrain/heading",-2.109999895095825
8.709419,"/drivetrain/headingVelocity",0
8.709425,"/drivetrain/xAcceleration",0
8.70943,"/drivetrain/yAcceleration",-0.004000000189989805
8.709434,"/drivetrain/leftOutputLog",0
8.709438,"/drivetrain/rightOutputLog",0
8.709615,"/intake/pos",0
8.709619,"/intake/output",0
8.709887,"/shooter/rpm",0
8.709911,"/shooter/output",0.1
8.709948,"/shooter/hasBall",true
8.709973,"/shooter/temperature",40
8.710198,"/climber/rightPos",0
8.729436,"/drivetrain/leftPos",0
8.729453,"/drivetrain/leftVelocity",0
8.729469,"/drivetrain/rightPos",0
8.729481,"/drivetrain/rightVelocity",0
8.729519,"/drivetrain/heading",-2.109999895095825
8.729528,"/drivetrain/headingVelocity",0
8.729534,"/drivetrain/xAcceleration",0
8.729539,"/drivetrain/yAcceleration",-0.004000000189989805
8.729544,"/drivetrain/leftOutputLog",0
8.729548,"/drivetrain/rightOutputLog",0
8.729734,"/intake/pos",0
8.729739,"/intake/output",0
8.729967,"/shooter/rpm",0
8.729988,"/shooter/output",0.1
8.730065,"/shooter/hasBall",true
8.730109,"/shooter/temperature",40
8.73032,"/climber/rightPos",0
8.749298,"/drivetrain/leftPos",0
8.749315,"/drivetrain/leftVelocity",0
8.749331,"/drivetrain/rightPos",0
8.749343,"/drivetrain/rightVelocity",0
8.749377,"/drivetrain/heading",-2.109999895095825
8.749385,"/drivetrain/headingVelocity",0
8.74939,"/drivetrain/xAcceleration",0
8.749395,"/drivetrain/yAcceleration",-0.004999999888241291
8.7494,"/drivetrain/leftOutputLog",0
8.749404,"/drivetrain/rightOutputLog",0
8.749721,"/intake/pos",0
8.74973,"/intake/output",0
8.750322,"/shooter/rpm",0
8.750346,"/shooter/output",0.1
8.750395,"/shooter/hasBall",true
8.750445,"/shooter/temperature",40
8.750808,"/climber/rightPos",0
8.769345,"/drivetrain/leftPos",0
8.769365,"/drivetrain/leftVelocity",0
8.769382,"/drivetrain/rightPos",0
8.769394,"/drivetrain/rightVelocity",0
8.769438,"/drivetrain/heading",-2.119999885559082
8.769448,"/drivetrain/headingVelocity",0
8.769455,"/drivetrain/xAcceleration",0
8.76946,"/drivetrain/yAcceleration",0
8.769465,"/drivetrain/leftOutputLog",0
8.769469,"/drivetrain/rightOutputLog",0
8.769663,"/intake/pos",0
8.769668,"/intake/output",0
8.769919,"/shooter/rpm",0
8.769945,"/shooter/output",0.1
8.769984,"/shooter/hasBall",true
8.77003,"/shooter/temperature",40
8.770292,"/climber/rightPos",0
8.790432,"/drivetrain/leftPos",0
8.790521,"/drivetrain/leftVelocity",0
8.79054,"/drivetrain/rightPos",0
8.790553,"/drivetrain/rightVelocity",0
8.790597,"/drivetrain/heading",-2.109999895095825
8.790606,"/drivetrain/headingVelocity",-0.0610351525247097
8.790807,"/drivetrain/xAcceleration",0
8.790813,"/drivetrain/yAcceleration",0.003000000026077032
8.790818,"/drivetrain/leftOutputLog",0
8.790822,"/drivetrain/rightOutputLog",0
8.79105,"/intake/pos",0
8.791055,"/intake/output",0
8.791285,"/shooter/rpm",0
8.791309,"/shooter/output",0.1
8.791343,"/shooter/hasBall",true
8.791387,"/shooter/temperature",40
8.791538,"/climber/rightPos",0
8.811405,"/drivetrain/leftPos",0
8.811424,"/drivetrain/leftVelocity",0
8.81144,"/drivetrain/rightPos",0
8.811454,"/drivetrain/rightVelocity",0
8.811495,"/drivetrain/heading",-2.109999895095825
8.811504,"/drivetrain/headingVelocity",0
8.81151,"/drivetrain/xAcceleration",0
8.811515,"/drivetrain/yAcceleration",0
8.81152,"/drivetrain/leftOutputLog",0
8.811524,"/drivetrain/rightOutputLog",0
8.811759,"/intake/pos",0
8.811765,"/intake/output",0
8.812044,"/shooter/rpm",0
8.812072,"/shooter/output",0.1
8.812117,"/shooter/hasBall",true
8.812169,"/shooter/temperature",40
8.812389,"/climber/rightPos",0
8.829384,"/drivetrain/leftPos",0
8.829402,"/drivetrain/leftVelocity",0
8.829417,"/drivetrain/rightPos",0
8.82943,"/drivetrain/rightVelocity",0
8.829467,"/drivetrain/heading",-2.109999895095825
8.829476,"/drivetrain/headingVelocity",0
8.829482,"/drivetrain/xAcceleration",0
8.829487,"/drivetrain/yAcceleration",0
8.829491,"/drivetrain/leftOutputLog",0
8.829495,"/drivetrain/rightOutputLog",0
8.829737,"/intake/pos",0
8.829742,"/intake/output",0
8.830566,"/shooter/rpm",0
8.830599,"/shooter/output",0.1
8.830647,"/shooter/hasBall",true
8.8307,"/shooter/temperature",40
8.830904,"/climber/rightPos",0
8.849734,"/drivetrain/leftPos",0
8.849753,"/drivetrain/leftVelocity",0
8.849771,"/drivetrain/rightPos",0
8.849784,"/drivetrain/rightVelocity",0
8.849828,"/drivetrain/heading",-2.109999895095825
8.849838,"/drivetrain/headingVelocity",0
8.849844,"/drivetrain/xAcceleration",0
8.84985,"/drivetrain/yAcceleration",0
8.849854,"/drivetrain/leftOutputLog",0
8.849858,"/drivetrain/rightOutputLog",0
8.850742,"/intake/pos",0
8.850748,"/intake/output",0
8.850975,"/shooter/rpm",0
8.850998,"/shooter/output",0.1
8.851035,"/shooter/hasBall",true
8.851076,"/shooter/temperature",40
8.851236,"/climber/rightPos",0
8.869518,"/drivetrain/leftPos",0
8.869547,"/drivetrain/leftVelocity",0
8.869566,"/drivetrain/rightPos",0
8.869578,"/drivetrain/rightVelocity",0
8.869607,"/drivetrain/heading",-2.119999885559082
8.869614,"/drivetrain/headingVelocity",0
8.86962,"/drivetrain/xAcceleration",0.003000000026077032
8.869625,"/drivetrain/yAcceleration",0
8.869629,"/drivetrain/leftOutputLog",0
8.869633,"/drivetrain/rightOutputLog",0
8.870151,"/intake/pos",0
8.870157,"/intake/output",0
8.870488,"/shooter/rpm",0
8.870515,"/shooter/output",0.1
8.87055,"/shooter/hasBall",true
8.870577,"/shooter/temperature",40
8.870743,"/climber/rightPos",0
8.889301,"/drivetrain/leftPos",0
8.889318,"/drivetrain/leftVelocity",0
8.889335,"/drivetrain/rightPos",0
8.889347,"/drivetrain/rightVelocity",0
8.889383,"/drivetrain/heading",-2.119999885559082
8.889391,"/drivetrain/headingVelocity",0
8.889397,"/drivetrain/xAcceleration",0
8.889402,"/drivetrain/yAcceleration",0
8.889406,"/drivetrain/leftOutputLog",0
8.88941,"/drivetrain/rightOutputLog",0
8.890048,"/intake/pos",0
8.890056,"/intake/output",0
8.890765,"/shooter/rpm",0
8.890792,"/shooter/output",0.1
8.890841,"/shooter/hasBall",true
8.890886,"/shooter/temperature",40
8.891175,"/climber/rightPos",0
8.909313,"/drivetrain/leftPos",0
8.90933,"/drivetrain/leftVelocity",0
8.909345,"/drivetrain/rightPos",0
8.909357,"/drivetrain/rightVelocity",0
8.909395,"/drivetrain/heading",-2.119999885559082
8.909404,"/drivetrain/headingVelocity",0
8.909409,"/drivetrain/xAcceleration",0
8.909414,"/drivetrain/yAcceleration",0
8.909419,"/drivetrain/leftOutputLog",0
8.909423,"/drivetrain/rightOutputLog",0
8.909657,"/intake/pos",0
8.909662,"/intake/output",0
8.909867,"/shooter/rpm",0
8.909889,"/shooter/output",0.1
8.910047,"/shooter/hasBall",true
8.91008,"/shooter/temperature",40
8.91058,"/climber/rightPos",0
8.929334,"/drivetrain/leftPos",0
8.929352,"/drivetrain/leftVelocity",0
8.929368,"/drivetrain/rightPos",0
8.929381,"/drivetrain/rightVelocity",0
8.929411,"/drivetrain/heading",-2.119999885559082
8.929419,"/drivetrain/headingVelocity",0
8.929425,"/drivetrain/xAcceleration",0
8.92943,"/drivetrain/yAcceleration",0
8.929434,"/drivetrain/leftOutputLog",0
8.929438,"/drivetrain/rightOutputLog",0
8.929676,"/intake/pos",0
8.929681,"/intake/output",0
8.929862,"/shooter/rpm",0
8.929884,"/shooter/output",0.1
8.929919,"/shooter/hasBall",true
8.929953,"/shooter/temperature",40
8.930265,"/climber/rightPos",0
8.949494,"/drivetrain/leftPos",0
8.949513,"/drivetrain/leftVelocity",0
8.94953,"/drivetrain/rightPos",0
8.949543,"/drivetrain/rightVelocity",0
8.94958,"/drivetrain/heading",-2.119999885559082
8.949588,"/drivetrain/headingVelocity",0
8.949594,"/drivetrain/xAcceleration",0
8.949599,"/drivetrain/yAcceleration",0
8.949604,"/drivetrain/leftOutputLog",0
8.949607,"/drivetrain/rightOutputLog",0
8.949809,"/intake/pos",0
8.949814,"/intake/output",0
8.950596,"/shooter/rpm",0
8.950628,"/shooter/output",0.1
8.950857,"/shooter/hasBall",true
8.951158,"/shooter/temperature",40
8.951448,"/climber/rightPos",0
8.970697,"/drivetrain/leftPos",0
8.970815,"/drivetrain/leftVelocity",0
8.97084,"/drivetrain/rightPos",0
8.970855,"/drivetrain/rightVelocity",0
8.970888,"/drivetrain/heading",-2.119999885559082
8.970897,"/drivetrain/headingVelocity",0
8.970903,"/drivetrain/xAcceleration",0
8.970908,"/drivetrain/yAcceleration",0
8.970913,"/drivetrain/leftOutputLog",0
8.970917,"/drivetrain/rightOutputLog",0
8.97139,"/intake/pos",0
8.971395,"/intake/output",0
8.971582,"/shooter/rpm",0
8.971651,"/shooter/output",0.1
8.971691,"/shooter/hasBall",true
8.971717,"/shooter/temperature",40
8.971953,"/climber/rightPos",0
8.990371,"/drivetrain/leftPos",0
8.990392,"/drivetrain/leftVelocity",0
8.99041,"/drivetrain/rightPos",0
8.990423,"/drivetrain/rightVelocity",0
8.990462,"/drivetrain/heading",-2.119999885559082
8.990471,"/drivetrain/headingVelocity",0.0610351525247097
8.990478,"/drivetrain/xAcceleration",0
8.990483,"/drivetrain/yAcceleration",0
8.990488,"/drivetrain/leftOutputLog",0
8.990492,"/drivetrain/rightOutputLog",0
8.990731,"/intake/pos",0
8.990736,"/intake/output",0
8.991019,"/shooter/rpm",0
8.991042,"/shooter/output",0.1
8.99108,"/shooter/hasBall",true
8.991126,"/shooter/temperature",40
8.991329,"/climber/rightPos",0
9.009315,"/drivetrain/leftPos",0
9.009334,"/drivetrain/leftVelocity",0
9.009349,"/drivetrain/rightPos",0
9.009362,"/drivetrain/rightVelocity",0
9.0094,"/drivetrain/heading",-2.119999885559082
9.009408,"/drivetrain/headingVelocity",0.1220703050494194
9.009413,"/drivetrain/xAcceleration",0
9.009419,"/drivetrain/yAcceleration",0
9.009423,"/drivetrain/leftOutputLog",0
9.009427,"/drivetrain/rightOutputLog",0
9.009636,"/intake/pos",0
9.009641,"/intake/output",0
9.009848,"/shooter/rpm",0
9.009912,"/shooter/output",0.1
9.009953,"/shooter/hasBall",true
9.01,"/shooter/temperature",40
9.010539,"/climber/rightPos",0
9.029431,"/drivetrain/leftPos",0
9.029449,"/drivetrain/leftVelocity",0
9.029464,"/drivetrain/rightPos",0
9.029476,"/drivetrain/rightVelocity",0
9.029518,"/drivetrain/heading",-2.119999885559082
9.029526,"/drivetrain/headingVelocity",0
9.029532,"/drivetrain/xAcceleration",0
9.029537,"/drivetrain/yAcceleration",0
9.029542,"/drivetrain/leftOutputLog",0
9.029545,"/drivetrain/rightOutputLog",0
9.02982,"/intake/pos",0
9.029827,"/intake/output",0
9.03063,"/shooter/rpm",0
9.030659,"/shooter/output",0.1
9.030702,"/shooter/hasBall",true
9.030753,"/shooter/temperature",40
9.030988,"/climber/rightPos",0
9.049978,"/drivetrain/leftPos",0
9.049999,"/drivetrain/leftVelocity",0
9.050017,"/drivetrain/rightPos",0
9.05003,"/drivetrain/rightVelocity",0
9.050068,"/drivetrain/heading",-2.119999885559082
9.050076,"/drivetrain/headingVelocity",-0.1220703050494194
9.050083,"/drivetrain/xAcceleration",0
9.050087,"/drivetrain/yAcceleration",0.004000000189989805
9.050092,"/drivetrain/leftOutputLog",0
9.050096,"/drivetrain/rightOutputLog",0
9.050803,"/intake/pos",0
9.050808,"/intake/output",0
9.051038,"/shooter/rpm",0
9.051103,"/shooter/output",0.1
9.051142,"/shooter/hasBall",true
9.051187,"/shooter/temperature",40
9.051343,"/climber/rightPos",0
9.069743,"/drivetrain/leftPos",0
9.069762,"/drivetrain/leftVelocity",0
9.069779,"/drivetrain/rightPos",0
9.069792,"/drivetrain/rightVelocity",0
9.070491,"/drivetrain/heading",-2.119999885559082
9.070509,"/drivetrain/headingVelocity",-0.1220703050494194
9.070515,"/drivetrain/xAcceleration",0
9.07052,"/drivetrain/yAcceleration",0
9.070525,"/drivetrain/leftOutputLog",0
9.070529,"/drivetrain/rightOutputLog",0
9.070734,"/intake/pos",0
9.070739,"/intake/output",0
9.071017,"/shooter/rpm",0
9.071041,"/shooter/output",0.1
9.07108,"/shooter/hasBall",true
9.071124,"/shooter/temperature",40
9.07128,"/climber/rightPos",0
9.089312,"/drivetrain/leftPos",0
9.08933,"/drivetrain/leftVelocity",0
9.089347,"/drivetrain/rightPos",0
9.089359,"/drivetrain/rightVelocity",0
9.0894,"/drivetrain/heading",-2.109999895095825
9.089409,"/drivetrain/headingVelocity",-0.1220703050494194
9.089414,"/drivetrain/xAcceleration",0
9.089419,"/drivetrain/yAcceleration",0
9.089424,"/drivetrain/leftOutputLog",0
9.089428,"/drivetrain/rightOutputLog",0
9.08962,"/intake/pos",0
9.089625,"/intake/output",0
9.089796,"/shooter/rpm",0
9.089818,"/shooter/output",0.1
9.089853,"/shooter/hasBall",true
9.089894,"/shooter/temperature",40
9.090069,"/climber/rightPos",0
9.109784,"/drivetrain/leftPos",0
9.109802,"/drivetrain/leftVelocity",0
9.109818,"/drivetrain/rightPos",0
9.10983,"/drivetrain/rightVelocity",0
9.109865,"/drivetrain/heading",-2.109999895095825
9.109873,"/drivetrain/headingVelocity",0
9.109879,"/drivetrain/xAcceleration",0
9.109884,"/drivetrain/yAcceleration",-0.003000000026077032
9.109888,"/drivetrain/leftOutputLog",0
9.109892,"/drivetrain/rightOutputLog",0
9.110573,"/intake/pos",0
9.110578,"/intake/output",0
9.11091,"/shooter/rpm",0
9.11146,"/shooter/output",0.1
9.111515,"/shooter/hasBall",true
9.111642,"/shooter/temperature",40
9.112006,"/climber/rightPos",0
9.129317,"/drivetrain/leftPos",0
9.129337,"/drivetrain/leftVelocity",0
9.129353,"/drivetrain/rightPos",0
9.129366,"/drivetrain/rightVelocity",0
9.129404,"/drivetrain/heading",-2.119999885559082
9.129412,"/drivetrain/headingVelocity",0.0610351525247097
9.129418,"/drivetrain/xAcceleration",0
9.129422,"/drivetrain/yAcceleration",-0.003000000026077032
9.129427,"/drivetrain/leftOutputLog",0
9.129431,"/drivetrain/rightOutputLog",0
9.129648,"/intake/pos",0
9.129653,"/intake/output",0
9.129876,"/shooter/rpm",0
9.129897,"/shooter/output",0.1
9.129976,"/shooter/hasBall",true
9.130003,"/shooter/temperature",40
9.130183,"/climber/rightPos",0
9.150433,"/drivetrain/leftPos",0
9.150453,"/drivetrain/leftVelocity",0
9.15047,"/drivetrain/rightPos",0
9.150483,"/drivetrain/rightVelocity",0
9.150524,"/drivetrain/heading",-2.119999885559082
9.150533,"/drivetrain/headingVelocity",0.0610351525247097
9.150539,"/drivetrain/xAcceleration",0
9.150544,"/drivetrain/yAcceleration",0
9.150549,"/drivetrain/leftOutputLog",0
9.150553,"/drivetrain/rightOutputLog",0
9.150786,"/intake/pos",0
9.150791,"/intake/output",0
9.150987,"/shooter/rpm",0
9.15101,"/shooter/output",0.1
9.151047,"/shooter/hasBall",true
9.151079,"/shooter/temperature",40
9.151237,"/climber/rightPos",0
9.169325,"/drivetrain/leftPos",0
9.169343,"/drivetrain/leftVelocity",0
9.16949,"/drivetrain/rightPos",0
9.169506,"/drivetrain/rightVelocity",0
9.169554,"/drivetrain/heading",-2.119999885559082
9.17015,"/drivetrain/headingVelocity",0.0610351525247097
9.170159,"/drivetrain/xAcceleration",0
9.170165,"/drivetrain/yAcceleration",0
9.17017,"/drivetrain/leftOutputLog",0
9.170174,"/drivetrain/rightOutputLog",0
9.170678,"/intake/pos",0
9.170683,"/intake/output",0
9.170926,"/shooter/rpm",0
9.170952,"/shooter/output",0.1
9.170999,"/shooter/hasBall",true
9.171192,"/shooter/temperature",40
9.171403,"/climber/rightPos",0
9.189972,"/drivetrain/leftPos",0
9.190005,"/drivetrain/leftVelocity",0
9.19003,"/drivetrain/rightPos",0
9.190043,"/drivetrain/rightVelocity",0
9.190091,"/drivetrain/heading",-2.119999885559082
9.1901,"/drivetrain/headingVelocity",0
9.190105,"/drivetrain/xAcceleration",0
9.19011,"/drivetrain/yAcceleration",0
9.190115,"/drivetrain/leftOutputLog",0
9.190119,"/drivetrain/rightOutputLog",0
9.190395,"/intake/pos",0
9.1904,"/intake/output",0
9.190709,"/shooter/rpm",0
9.190738,"/shooter/output",0.1
9.190778,"/shooter/hasBall",true
9.190805,"/shooter/temperature",40
9.191335,"/climber/rightPos",0
9.210287,"/drivetrain/leftPos",0
9.210395,"/drivetrain/leftVelocity",0
9.210493,"/drivetrain/rightPos",0
9.210572,"/drivetrain/rightVelocity",0
9.210618,"/drivetrain/heading",-2.119999885559082
9.210627,"/drivetrain/headingVelocity",0
9.210633,"/drivetrain/xAcceleration",0
9.210638,"/drivetrain/yAcceleration",0
9.210643,"/drivetrain/leftOutputLog",0
9.210709,"/drivetrain/rightOutputLog",0
9.213242,"/intake/pos",0
9.213248,"/intake/output",0
9.213898,"/shooter/rpm",0
9.213928,"/shooter/output",0.1
9.213972,"/shooter/hasBall",true
9.21409,"/shooter/temperature",40
9.214559,"/climber/rightPos",0
9.22954,"/drivetrain/leftPos",0
9.22956,"/drivetrain/leftVelocity",0
9.229575,"/drivetrain/rightPos",0
9.229587,"/drivetrain/rightVelocity",0
9.229624,"/drivetrain/heading",-2.119999885559082
9.229632,"/drivetrain/headingVelocity",0
9.229638,"/drivetrain/xAcceleration",0
9.229643,"/drivetrain/yAcceleration",0
9.229647,"/drivetrain/leftOutputLog",0
9.229651,"/drivetrain/rightOutputLog",0
9.22987,"/intake/pos",0
9.229875,"/intake/output",0
9.230131,"/shooter/rpm",0
9.230153,"/shooter/output",0.1
9.230198,"/shooter/hasBall",true
9.230257,"/shooter/temperature",40
9.23092,"/climber/rightPos",0
9.249292,"/drivetrain/leftPos",0
9.24931,"/drivetrain/leftVelocity",0
9.249325,"/drivetrain/rightPos",0
9.249338,"/drivetrain/rightVelocity",0
9.249373,"/drivetrain/heading",-2.119999885559082
9.249381,"/drivetrain/headingVelocity",0.0610351525247097
9.249386,"/drivetrain/xAcceleration",0
9.249392,"/drivetrain/yAcceleration",0
9.249396,"/drivetrain/leftOutputLog",0
9.2494,"/drivetrain/rightOutputLog",0
9.249622,"/intake/pos",0
9.249628,"/intake/output",0
9.25072,"/shooter/rpm",0
9.25087,"/shooter/output",0.1
9.25092,"/shooter/hasBall",true
9.25134,"/shooter/temperature",40
9.251544,"/climber/rightPos",0
9.27113,"/drivetrain/leftPos",0
9.27115,"/drivetrain/leftVelocity",0
9.271168,"/drivetrain/rightPos",0
9.271181,"/drivetrain/rightVelocity",0
9.271212,"/drivetrain/heading",-2.130000114440918
9.271221,"/drivetrain/headingVelocity",0.0610351525247097
9.271227,"/drivetrain/xAcceleration",0
9.271232,"/drivetrain/yAcceleration",0
9.271237,"/drivetrain/leftOutputLog",0
9.27124,"/drivetrain/rightOutputLog",0
9.271555,"/intake/pos",0
9.271561,"/intake/output",0
9.271745,"/shooter/rpm",0
9.271769,"/shooter/output",0.1
9.271803,"/shooter/hasBall",true
9.271846,"/shooter/temperature",40
9.272008,"/climber/rightPos",0
9.289278,"/drivetrain/leftPos",0
9.289297,"/drivetrain/leftVelocity",0
9.289313,"/drivetrain/rightPos",0
9.289325,"/drivetrain/rightVelocity",0
9.289359,"/drivetrain/heading",-2.119999885559082
9.289367,"/drivetrain/headingVelocity",0
9.289372,"/drivetrain/xAcceleration",0
9.289377,"/drivetrain/yAcceleration",0
9.289382,"/drivetrain/leftOutputLog",0
9.289386,"/drivetrain/rightOutputLog",0
9.28962,"/intake/pos",0
9.289625,"/intake/output",0
9.289842,"/shooter/rpm",0
9.289908,"/shooter/output",0.1
9.289946,"/shooter/hasBall",true
9.289991,"/shooter/temperature",40
9.290158,"/climber/rightPos",0
9.309338,"/drivetrain/leftPos",0
9.309357,"/drivetrain/leftVelocity",0
9.309373,"/drivetrain/rightPos",0
9.309428,"/drivetrain/rightVelocity",0
9.309477,"/drivetrain/heading",-2.119999885559082
9.309486,"/drivetrain/headingVelocity",0
9.309491,"/drivetrain/xAcceleration",0
9.309497,"/drivetrain/yAcceleration",0
9.309502,"/drivetrain/leftOutputLog",0
9.309505,"/drivetrain/rightOutputLog",0
9.309699,"/intake/pos",0
9.309703,"/intake/output",0
9.309912,"/shooter/rpm",0
9.309973,"/shooter/output",0.1
9.310011,"/shooter/hasBall",true
9.310052,"/shooter/temperature",40
9.310272,"/climber/rightPos",0
9.32932,"/drivetrain/leftPos",0
9.329339,"/drivetrain/leftVelocity",0
9.329355,"/drivetrain/rightPos",0
9.329367,"/drivetrain/rightVelocity",0
9.329406,"/drivetrain/heading",-2.119999885559082
9.329415,"/drivetrain/headingVelocity",-0.0610351525247097
9.329421,"/drivetrain/xAcceleration",0
9.329426,"/drivetrain/yAcceleration",0.010999999940395355
9.32943,"/drivetrain/leftOutputLog",0
9.329434,"/drivetrain/rightOutputLog",0
9.329621,"/intake/pos",0
9.329626,"/intake/output",0
9.329797,"/shooter/rpm",0
9.329819,"/shooter/output",0.1
9.329977,"/shooter/hasBall",true
9.330268,"/shooter/temperature",40
9.33065,"/climber/rightPos",0
9.349293,"/drivetrain/leftPos",0
9.349312,"/drivetrain/leftVelocity",0
9.349328,"/drivetrain/rightPos",0
9.349341,"/drivetrain/rightVelocity",0
9.349376,"/drivetrain/heading",-2.119999885559082
9.349385,"/drivetrain/headingVelocity",0
9.349391,"/drivetrain/xAcceleration",0
9.349509,"/drivetrain/yAcceleration",-0.009999999776482582
9.34952,"/drivetrain/leftOutputLog",0
9.349525,"/drivetrain/rightOutputLog",0
9.350531,"/intake/pos",0
9.350536,"/intake/output",0
9.351256,"/shooter/rpm",0
9.351288,"/shooter/output",0.1
9.351338,"/shooter/hasBall",true
9.351386,"/shooter/temperature",40
9.351598,"/climber/rightPos",0
9.369341,"/drivetrain/leftPos",0
9.369359,"/drivetrain/leftVelocity",0
9.369375,"/drivetrain/rightPos",0
9.369387,"/drivetrain/rightVelocity",0
9.369422,"/drivetrain/heading",-2.119999885559082
9.369431,"/drivetrain/headingVelocity",-0.0610351525247097
9.369437,"/drivetrain/xAcceleration",0
9.369442,"/drivetrain/yAcceleration",0
9.369447,"/drivetrain/leftOutputLog",0
9.369451,"/drivetrain/rightOutputLog",0
9.369876,"/intake/pos",0
9.369882,"/intake/output",0
9.370091,"/shooter/rpm",0
9.370121,"/shooter/output",0.1
9.370166,"/shooter/hasBall",true
9.370195,"/shooter/temperature",40
9.370994,"/climber/rightPos",0
9.389265,"/drivetrain/leftPos",0
9.389284,"/drivetrain/leftVelocity",0
9.3893,"/drivetrain/rightPos",0
9.389314,"/drivetrain/rightVelocity",0
9.389353,"/drivetrain/heading",-2.119999885559082
9.389361,"/drivetrain/headingVelocity",0
9.389366,"/drivetrain/xAcceleration",0
9.389371,"/drivetrain/yAcceleration",-0.004000000189989805
9.389376,"/drivetrain/leftOutputLog",0
9.389379,"/drivetrain/rightOutputLog",0
9.389559,"/intake/pos",0
9.389564,"/intake/output",0
9.389743,"/shooter/rpm",0
9.389764,"/shooter/output",0.1
9.389799,"/shooter/hasBall",true
9.389831,"/shooter/temperature",40
9.389989,"/climber/rightPos",0
9.40931,"/drivetrain/leftPos",0
9.409327,"/drivetrain/leftVelocity",0
9.409343,"/drivetrain/rightPos",0
9.409356,"/drivetrain/rightVelocity",0
9.409393,"/drivetrain/heading",-2.119999885559082
9.409402,"/drivetrain/headingVelocity",0
9.409408,"/drivetrain/xAcceleration",0
9.409413,"/drivetrain/yAcceleration",0
9.409417,"/drivetrain/leftOutputLog",0
9.409421,"/drivetrain/rightOutputLog",0
9.409663,"/intake/pos",0
9.409668,"/intake/output",0
9.409861,"/shooter/rpm",0
9.40991,"/shooter/output",0.1
9.409954,"/shooter/hasBall",true
9.409983,"/shooter/temperature",40
9.410152,"/climber/rightPos",0
9.429313,"/drivetrain/leftPos",0
9.429331,"/drivetrain/leftVelocity",0
9.429349,"/drivetrain/rightPos",0
9.429362,"/drivetrain/rightVelocity",0
9.429403,"/drivetrain/heading",-2.119999885559082
9.429412,"/drivetrain/headingVelocity",-0.0610351525247097
9.429418,"/drivetrain/xAcceleration",0
9.429423,"/drivetrain/yAcceleration",0
9.429428,"/drivetrain/leftOutputLog",0
9.429432,"/drivetrain/rightOutputLog",0
9.429644,"/intake/pos",0
9.429649,"/intake/output",0
9.429834,"/shooter/rpm",0
9.429856,"/shooter/output",0.1
9.429892,"/shooter/hasBall",true
9.429917,"/shooter/temperature",40
9.430126,"/climber/rightPos",0
9.449715,"/drivetrain/leftPos",0
9.449735,"/drivetrain/leftVelocity",0
9.449929,"/drivetrain/rightPos",0
9.449955,"/drivetrain/rightVelocity",0
9.450003,"/drivetrain/heading",-2.119999885559082
9.450012,"/drivetrain/headingVelocity",0
9.450018,"/drivetrain/xAcceleration",0
9.450023,"/drivetrain/yAcceleration",0
9.450028,"/drivetrain/leftOutputLog",0
9.450032,"/drivetrain/rightOutputLog",0
9.450334,"/intake/pos",0
9.450339,"/intake/output",0
9.451226,"/shooter/rpm",0
9.451244,"/shooter/output",0.1
9.451284,"/shooter/hasBall",true
9.45133,"/shooter/temperature",40
9.451518,"/climber/rightPos",0
9.469358,"/drivetrain/leftPos",0
9.469376,"/drivetrain/leftVelocity",0
9.469393,"/drivetrain/rightPos",0
9.469405,"/drivetrain/rightVelocity",0
9.469569,"/drivetrain/heading",-2.109999895095825
9.469579,"/drivetrain/headingVelocity",0
9.469585,"/drivetrain/xAcceleration",0
9.46959,"/drivetrain/yAcceleration",0
9.469596,"/drivetrain/leftOutputLog",0
9.4696,"/drivetrain/rightOutputLog",0
9.470397,"/intake/pos",0
9.470403,"/intake/output",0
9.471837,"/shooter/rpm",0
9.471859,"/shooter/output",0.1
9.471909,"/shooter/hasBall",true
9.472025,"/shooter/temperature",40
9.472255,"/climber/rightPos",0
9.489314,"/drivetrain/leftPos",0
9.489331,"/drivetrain/leftVelocity",0
9.489347,"/drivetrain/rightPos",0
9.489359,"/drivetrain/rightVelocity",0
9.489397,"/drivetrain/heading",-2.109999895095825
9.489406,"/drivetrain/headingVelocity",0
9.489413,"/drivetrain/xAcceleration",0
9.489418,"/drivetrain/yAcceleration",0
9.489423,"/drivetrain/leftOutputLog",0
9.489426,"/drivetrain/rightOutputLog",0
9.489964,"/intake/pos",0
9.489969,"/intake/output",0
9.490379,"/shooter/rpm",0
9.49041,"/shooter/output",0.1
9.490624,"/shooter/hasBall",true
9.491077,"/shooter/temperature",40
9.491262,"/climber/rightPos",0
9.509466,"/drivetrain/leftPos",0
9.509484,"/drivetrain/leftVelocity",0
9.509501,"/drivetrain/rightPos",0
9.509514,"/drivetrain/rightVelocity",0
9.50955,"/drivetrain/heading",-2.109999895095825
9.509559,"/drivetrain/headingVelocity",-0.0610351525247097
9.509565,"/drivetrain/xAcceleration",0
9.50957,"/drivetrain/yAcceleration",-0.003000000026077032
9.509575,"/drivetrain/leftOutputLog",0
9.509579,"/drivetrain/rightOutputLog",0
9.509788,"/intake/pos",0
9.509793,"/intake/output",0
9.510021,"/shooter/rpm",0
9.510045,"/shooter/output",0.1
9.51008,"/shooter/hasBall",true
9.510124,"/shooter/temperature",40
9.510362,"/climber/rightPos",0
9.529375,"/drivetrain/leftPos",0
9.529392,"/drivetrain/leftVelocity",0
9.529408,"/drivetrain/rightPos",0
9.529514,"/drivetrain/rightVelocity",0
9.529652,"/drivetrain/heading",-2.109999895095825
9.529662,"/drivetrain/headingVelocity",0
9.529667,"/drivetrain/xAcceleration",0
9.529672,"/drivetrain/yAcceleration",0.003000000026077032
9.529677,"/drivetrain/leftOutputLog",0
9.529682,"/drivetrain/rightOutputLog",0
9.529915,"/intake/pos",0
9.52992,"/intake/output",0
9.530177,"/shooter/rpm",0
9.530204,"/shooter/output",0.1
9.530243,"/shooter/hasBall",true
9.530298,"/shooter/temperature",40
9.530811,"/climber/rightPos",0
9.549645,"/drivetrain/leftPos",0
9.549662,"/drivetrain/leftVelocity",0
9.549679,"/drivetrain/rightPos",0
9.549691,"/drivetrain/rightVelocity",0
9.549739,"/drivetrain/heading",-2.109999895095825
9.549748,"/drivetrain/headingVelocity",0
9.549754,"/drivetrain/xAcceleration",0
9.549759,"/drivetrain/yAcceleration",0
9.549763,"/drivetrain/leftOutputLog",0
9.549767,"/drivetrain/rightOutputLog",0
9.550011,"/intake/pos",0
9.550017,"/intake/output",0
9.550212,"/shooter/rpm",0
9.550235,"/shooter/output",0.1
9.550282,"/shooter/hasBall",true
9.550607,"/shooter/temperature",40
9.550979,"/climber/rightPos",0
9.570637,"/drivetrain/leftPos",0
9.570659,"/drivetrain/leftVelocity",0
9.570676,"/drivetrain/rightPos",0
9.570689,"/drivetrain/rightVelocity",0
9.57073,"/drivetrain/heading",-2.109999895095825
9.570739,"/drivetrain/headingVelocity",0.0610351525247097
9.570745,"/drivetrain/xAcceleration",0
9.570751,"/drivetrain/yAcceleration",0
9.570755,"/drivetrain/leftOutputLog",0
9.570759,"/drivetrain/rightOutputLog",0
9.571222,"/intake/pos",0
9.571227,"/intake/output",0
9.571424,"/shooter/rpm",0
9.57145,"/shooter/output",0.1
9.571487,"/shooter/hasBall",true
9.571528,"/shooter/temperature",40
9.572509,"/climber/rightPos",0
9.589425,"/drivetrain/leftPos",0
9.589445,"/drivetrain/leftVelocity",0
9.589464,"/drivetrain/rightPos",0
9.589477,"/drivetrain/rightVelocity",0
9.589516,"/drivetrain/heading",-2.119999885559082
9.589524,"/drivetrain/headingVelocity",0.1220703050494194
9.58953,"/drivetrain/xAcceleration",0
9.589535,"/drivetrain/yAcceleration",-0.006000000052154064
9.58954,"/drivetrain/leftOutputLog",0
9.589544,"/drivetrain/rightOutputLog",0
9.589755,"/intake/pos",0
9.58976,"/intake/output",0
9.590004,"/shooter/rpm",0
9.590073,"/shooter/output",0.1
9.590116,"/shooter/hasBall",true
9.590144,"/shooter/temperature",40
9.590392,"/climber/rightPos",0
9.60937,"/drivetrain/leftPos",0
9.609395,"/drivetrain/leftVelocity",0
9.609412,"/drivetrain/rightPos",0
9.609424,"/drivetrain/rightVelocity",0
9.609469,"/drivetrain/heading",-2.119999885559082
9.609478,"/drivetrain/headingVelocity",0.0610351525247097
9.609484,"/drivetrain/xAcceleration",0
9.609489,"/drivetrain/yAcceleration",0
9.609493,"/drivetrain/leftOutputLog",0
9.609497,"/drivetrain/rightOutputLog",0
9.609774,"/intake/pos",0
9.609778,"/intake/output",0
9.609996,"/shooter/rpm",0
9.610247,"/shooter/output",0.1
9.610435,"/shooter/hasBall",true
9.610495,"/shooter/temperature",40
9.611494,"/climber/rightPos",0
9.629427,"/drivetrain/leftPos",0
9.629446,"/drivetrain/leftVelocity",0
9.629462,"/drivetrain/rightPos",0
9.629474,"/drivetrain/rightVelocity",0
9.629523,"/drivetrain/heading",-2.119999885559082
9.629533,"/drivetrain/headingVelocity",0
9.629539,"/drivetrain/xAcceleration",0
9.629544,"/drivetrain/yAcceleration",0
9.629549,"/drivetrain/leftOutputLog",0
9.629552,"/drivetrain/rightOutputLog",0
9.629783,"/intake/pos",0
9.629789,"/intake/output",0
9.630031,"/shooter/rpm",0
9.630054,"/shooter/output",0.1
9.630089,"/shooter/hasBall",true
9.630121,"/shooter/temperature",40
9.630316,"/climber/rightPos",0
9.649733,"/drivetrain/leftPos",0
9.649777,"/drivetrain/leftVelocity",0
9.649796,"/drivetrain/rightPos",0
9.64981,"/drivetrain/rightVelocity",0
9.649849,"/drivetrain/heading",-2.119999885559082
9.649857,"/drivetrain/headingVelocity",0
9.649863,"/drivetrain/xAcceleration",0
9.649869,"/drivetrain/yAcceleration",0
9.649873,"/drivetrain/leftOutputLog",0
9.649877,"/drivetrain/rightOutputLog",0
9.650368,"/intake/pos",0
9.650571,"/intake/output",0
9.650796,"/shooter/rpm",0
9.650826,"/shooter/output",0.1
9.65087,"/shooter/hasBall",true
9.651187,"/shooter/temperature",40
9.65144,"/climber/rightPos",0
9.669516,"/drivetrain/leftPos",0
9.669542,"/drivetrain/leftVelocity",0
9.669686,"/drivetrain/rightPos",0
9.669703,"/drivetrain/rightVelocity",0
9.669751,"/drivetrain/heading",-2.119999885559082
9.669759,"/drivetrain/headingVelocity",0
9.669765,"/drivetrain/xAcceleration",0
9.66977,"/drivetrain/yAcceleration",0
9.669775,"/drivetrain/leftOutputLog",0
9.669779,"/drivetrain/rightOutputLog",0
9.670136,"/intake/pos",0
9.670141,"/intake/output",0
9.670615,"/shooter/rpm",0
9.670645,"/shooter/output",0.1
9.670699,"/shooter/hasBall",true
9.670728,"/shooter/temperature",40
9.671458,"/climber/rightPos",0
9.690402,"/drivetrain/leftPos",0
9.690421,"/drivetrain/leftVelocity",0
9.690438,"/drivetrain/rightPos",0
9.69045,"/drivetrain/rightVelocity",0
9.690599,"/drivetrain/heading",-2.119999885559082
9.690609,"/drivetrain/headingVelocity",0
9.690614,"/drivetrain/xAcceleration",0
9.690619,"/drivetrain/yAcceleration",0
9.690624,"/drivetrain/leftOutputLog",0
9.690628,"/drivetrain/rightOutputLog",0
9.690855,"/intake/pos",0
9.69086,"/intake/output",0
9.69121,"/shooter/rpm",0
9.691233,"/shooter/output",0.1
9.691274,"/shooter/hasBall",true
9.69132,"/shooter/temperature",40
9.691524,"/climber/rightPos",0
9.709378,"/drivetrain/leftPos",0
9.709396,"/drivetrain/leftVelocity",0
9.709411,"/drivetrain/rightPos",0
9.709424,"/drivetrain/rightVelocity",0
9.709455,"/drivetrain/heading",-2.119999885559082
9.709463,"/drivetrain/headingVelocity",-0.1220703050494194
9.709469,"/drivetrain/xAcceleration",0
9.709474,"/drivetrain/yAcceleration",0
9.709478,"/drivetrain/leftOutputLog",0
9.709482,"/drivetrain/rightOutputLog",0
9.709672,"/intake/pos",0
9.709676,"/intake/output",0
9.709896,"/shooter/rpm",0
9.709919,"/shooter/output",0.1
9.709953,"/shooter/hasBall",true
9.71,"/shooter/temperature",40
9.710162,"/climber/rightPos",0
9.730522,"/drivetrain/leftPos",0
9.730554,"/drivetrain/leftVelocity",0
9.730574,"/drivetrain/rightPos",0
9.730588,"/drivetrain/rightVelocity",0
9.73063,"/drivetrain/heading",-2.109999895095825
9.730641,"/drivetrain/headingVelocity",-0.1220703050494194
9.730647,"/drivetrain/xAcceleration",0
9.730652,"/drivetrain/yAcceleration",0
9.730657,"/drivetrain/leftOutputLog",0
9.730661,"/drivetrain/rightOutputLog",0
9.730887,"/intake/pos",0
9.730892,"/intake/output",0
9.731333,"/shooter/rpm",0
9.731357,"/shooter/output",0.1
9.731396,"/shooter/hasBall",true
9.731507,"/shooter/temperature",40
9.73168,"/climber/rightPos",0
9.749768,"/drivetrain/leftPos",0
9.749808,"/drivetrain/leftVelocity",0
9.749826,"/drivetrain/rightPos",0
9.750034,"/drivetrain/rightVelocity",0
9.7501,"/drivetrain/heading",-2.109999895095825
9.75011,"/drivetrain/headingVelocity",-0.1220703050494194
9.750116,"/drivetrain/xAcceleration",0
9.750122,"/drivetrain/yAcceleration",0.004000000189989805
9.750127,"/drivetrain/leftOutputLog",0
9.75013,"/drivetrain/rightOutputLog",0
9.750488,"/intake/pos",0
9.750708,"/intake/output",0
9.751047,"/shooter/rpm",0
9.751069,"/shooter/output",0.1
9.751114,"/shooter/hasBall",true
9.751194,"/shooter/temperature",40
9.751444,"/climber/rightPos",0
9.769406,"/drivetrain/leftPos",0
9.769424,"/drivetrain/leftVelocity",0
9.769439,"/drivetrain/rightPos",0
9.769452,"/drivetrain/rightVelocity",0
9.769488,"/drivetrain/heading",-2.109999895095825
9.769618,"/drivetrain/headingVelocity",0
9.769625,"/drivetrain/xAcceleration",0
9.76963,"/drivetrain/yAcceleration",0
9.769635,"/drivetrain/leftOutputLog",0
9.769639,"/drivetrain/rightOutputLog",0
9.770729,"/intake/pos",0
9.770735,"/intake/output",0
9.771008,"/shooter/rpm",0
9.771028,"/shooter/output",0.1
9.771066,"/shooter/hasBall",true
9.771114,"/shooter/temperature",40
9.771277,"/climber/rightPos",0
9.789347,"/drivetrain/leftPos",0
9.789365,"/drivetrain/leftVelocity",0
9.78938,"/drivetrain/rightPos",0
9.789393,"/drivetrain/rightVelocity",0
9.789428,"/drivetrain/heading",-2.109999895095825
9.789436,"/drivetrain/headingVelocity",0
9.789442,"/drivetrain/xAcceleration",0
9.789447,"/drivetrain/yAcceleration",0
9.789451,"/drivetrain/leftOutputLog",0
9.789455,"/drivetrain/rightOutputLog",0
9.789643,"/intake/pos",0
9.789647,"/intake/output",0
9.789867,"/shooter/rpm",0
9.789889,"/shooter/output",0.1
9.789923,"/shooter/hasBall",true
9.790003,"/shooter/temperature",40
9.790491,"/climber/rightPos",0
9.80936,"/drivetrain/leftPos",0
9.809377,"/drivetrain/leftVelocity",0
9.809393,"/drivetrain/rightPos",0
9.809405,"/drivetrain/rightVelocity",0
9.809443,"/drivetrain/heading",-2.109999895095825
9.809451,"/drivetrain/headingVelocity",0
9.809457,"/drivetrain/xAcceleration",0
9.809462,"/drivetrain/yAcceleration",0
9.809466,"/drivetrain/leftOutputLog",0
9.80947,"/drivetrain/rightOutputLog",0
9.809656,"/intake/pos",0
9.809661,"/intake/output",0
9.809884,"/shooter/rpm",0
9.809906,"/shooter/output",0.1
9.80994,"/shooter/hasBall",true
9.809978,"/shooter/temperature",40
9.810339,"/climber/rightPos",0
9.829295,"/drivetrain/leftPos",0
9.829314,"/drivetrain/leftVelocity",0
9.82933,"/drivetrain/rightPos",0
9.829342,"/drivetrain/rightVelocity",0
9.829376,"/drivetrain/heading",-2.119999885559082
9.829384,"/drivetrain/headingVelocity",0.0610351525247097
9.82939,"/drivetrain/xAcceleration",0
9.829395,"/drivetrain/yAcceleration",0
9.8294,"/drivetrain/leftOutputLog",0
9.829403,"/drivetrain/rightOutputLog",0
9.829586,"/intake/pos",0
9.829591,"/intake/output",0
9.829799,"/shooter/rpm",0
9.829962,"/shooter/output",0.1
9.830024,"/shooter/hasBall",true
9.830069,"/shooter/temperature",40
9.831193,"/climber/rightPos",0
9.849454,"/drivetrain/leftPos",0
9.849476,"/drivetrain/leftVelocity",0
9.849653,"/drivetrain/rightPos",0
9.84968,"/drivetrain/rightVelocity",0
9.849726,"/drivetrain/heading",-2.119999885559082
9.849737,"/drivetrain/headingVelocity",0.0610351525247097
9.849743,"/drivetrain/xAcceleration",0
9.849748,"/drivetrain/yAcceleration",-0.004999999888241291
9.849754,"/drivetrain/leftOutputLog",0
9.849758,"/drivetrain/rightOutputLog",0
9.851146,"/intake/pos",0
9.851151,"/intake/output",0
9.852029,"/shooter/rpm",0
9.852047,"/shooter/output",0.1
9.852093,"/shooter/hasBall",true
9.852128,"/shooter/temperature",40
9.852323,"/climber/rightPos",0
9.869756,"/drivetrain/leftPos",0
9.869776,"/drivetrain/leftVelocity",0
9.869791,"/drivetrain/rightPos",0
9.869803,"/drivetrain/rightVelocity",0
9.869849,"/drivetrain/heading",-2.119999885559082
9.869859,"/drivetrain/headingVelocity",0
9.869865,"/drivetrain/xAcceleration",0
9.86987,"/drivetrain/yAcceleration",0
9.870269,"/drivetrain/leftOutputLog",0
9.870283,"/drivetrain/rightOutputLog",0
9.871079,"/intake/pos",0
9.871085,"/intake/output",0
9.871377,"/shooter/rpm",0
9.871399,"/shooter/output",0.1
9.871439,"/shooter/hasBall",true
9.871466,"/shooter/temperature",40
9.87163,"/climber/rightPos",0
9.889307,"/drivetrain/leftPos",0
9.889325,"/drivetrain/leftVelocity",0
9.889342,"/drivetrain/rightPos",0
9.889354,"/drivetrain/rightVelocity",0
9.889387,"/drivetrain/heading",-2.119999885559082
9.889395,"/drivetrain/headingVelocity",0
9.8894,"/drivetrain/xAcceleration",0
9.889405,"/drivetrain/yAcceleration",0
9.88941,"/drivetrain/leftOutputLog",0
9.889414,"/drivetrain/rightOutputLog",0
9.889785,"/intake/pos",0
9.88979,"/intake/output",0
9.890328,"/shooter/rpm",0
9.890359,"/shooter/output",0.1
9.890401,"/shooter/hasBall",true
9.890429,"/shooter/temperature",40
9.891038,"/climber/rightPos",0
9.909303,"/drivetrain/leftPos",0
9.909322,"/drivetrain/leftVelocity",0
9.909338,"/drivetrain/rightPos",0
9.90935,"/drivetrain/rightVelocity",0
9.909386,"/drivetrain/heading",-2.119999885559082
9.909394,"/drivetrain/headingVelocity",0.0610351525247097
9.9094,"/drivetrain/xAcceleration",0
9.909405,"/drivetrain/yAcceleration",0
9.90941,"/drivetrain/leftOutputLog",0
9.909414,"/drivetrain/rightOutputLog",0
9.9096,"/intake/pos",0
9.909605,"/intake/output",0
9.909813,"/shooter/rpm",0
9.909877,"/shooter/output",0.1
9.909917,"/shooter/hasBall",true
9.909961,"/shooter/temperature",40
9.91012,"/climber/rightPos",0
9.92934,"/drivetrain/leftPos",0
9.929358,"/drivetrain/leftVelocity",0
9.929373,"/drivetrain/rightPos",0
9.929385,"/drivetrain/rightVelocity",0
9.929421,"/drivetrain/heading",-2.119999885559082
9.929429,"/drivetrain/headingVelocity",0.1220703050494194
9.929435,"/drivetrain/xAcceleration",0
9.92944,"/drivetrain/yAcceleration",0
9.929445,"/drivetrain/leftOutputLog",0
9.929449,"/drivetrain/rightOutputLog",0
9.929935,"/intake/pos",0
9.929941,"/intake/output",0
9.930543,"/shooter/rpm",0
9.930577,"/shooter/output",0.1
9.930778,"/shooter/hasBall",true
9.931167,"/shooter/temperature",40
9.931536,"/climber/rightPos",0
9.949588,"/drivetrain/leftPos",0
9.94961,"/drivetrain/leftVelocity",0
9.949628,"/drivetrain/rightPos",0
9.94964,"/drivetrain/rightVelocity",0
9.949687,"/drivetrain/heading",-2.119999885559082
9.949696,"/drivetrain/headingVelocity",0
9.949702,"/drivetrain/xAcceleration",0
9.949708,"/drivetrain/yAcceleration",0
9.949713,"/drivetrain/leftOutputLog",0
9.949717,"/drivetrain/rightOutputLog",0
9.950077,"/intake/pos",0
9.950084,"/intake/output",0
9.950572,"/shooter/rpm",0
9.950598,"/shooter/output",0.1
9.950642,"/shooter/hasBall",true
9.950691,"/shooter/temperature",40
9.951188,"/climber/rightPos",0
9.969279,"/drivetrain/leftPos",0
9.969297,"/drivetrain/leftVelocity",0
9.969313,"/drivetrain/rightPos",0
9.969325,"/drivetrain/rightVelocity",0
9.969363,"/drivetrain/heading",-2.130000114440918
9.969372,"/drivetrain/headingVelocity",0
9.969378,"/drivetrain/xAcceleration",0
9.969383,"/drivetrain/yAcceleration",0
9.969388,"/drivetrain/leftOutputLog",0
9.969392,"/drivetrain/rightOutputLog",0
9.96964,"/intake/pos",0
9.969644,"/intake/output",0
9.969826,"/shooter/rpm",0
9.969848,"/shooter/output",0.1
9.969882,"/shooter/hasBall",true
9.969925,"/shooter/temperature",40
9.970071,"/climber/rightPos",0
9.989311,"/drivetrain/leftPos",0
9.989329,"/drivetrain/leftVelocity",0
9.989345,"/drivetrain/rightPos",0
9.989358,"/drivetrain/rightVelocity",0
9.989399,"/drivetrain/heading",-2.119999885559082
9.989407,"/drivetrain/headingVelocity",0
9.989413,"/drivetrain/xAcceleration",0
9.989418,"/drivetrain/yAcceleration",0
9.989422,"/drivetrain/leftOutputLog",0
9.989426,"/drivetrain/rightOutputLog",0
9.989696,"/intake/pos",0
9.9897,"/intake/output",0
9.989917,"/shooter/rpm",0
9.989943,"/shooter/output",0.1
9.98998,"/shooter/hasBall",true
9.990025,"/shooter/temperature",40
9.990192,"/climber/rightPos",0
10.009352,"/drivetrain/leftPos",0
10.009371,"/drivetrain/leftVelocity",0
10.009387,"/drivetrain/rightPos",0
10.0094,"/drivetrain/rightVelocity",0
10.009432,"/drivetrain/heading",-2.130000114440918
10.00944,"/drivetrain/headingVelocity",0.0610351525247097
10.009446,"/drivetrain/xAcceleration",0
10.009451,"/drivetrain/yAcceleration",0
10.009455,"/drivetrain/leftOutputLog",0
10.009459,"/drivetrain/rightOutputLog",0
10.009643,"/intake/pos",0
10.009648,"/intake/output",0
10.009864,"/shooter/rpm",0
10.009929,"/shooter/output",0.1
10.009966,"/shooter/hasBall",true
10.010005,"/shooter/temperature",40
10.010217,"/climber/rightPos",0
10.029318,"/drivetrain/leftPos",0
10.029336,"/drivetrain/leftVelocity",0
10.029352,"/drivetrain/rightPos",0
10.029365,"/drivetrain/rightVelocity",0
10.029401,"/drivetrain/heading",-2.130000114440918
10.02941,"/drivetrain/headingVelocity",0.0610351525247097
10.029416,"/drivetrain/xAcceleration",0
10.029421,"/drivetrain/yAcceleration",0
10.029425,"/drivetrain/leftOutputLog",0
10.029429,"/drivetrain/rightOutputLog",0
10.029708,"/intake/pos",0
10.029713,"/intake/output",0
10.029908,"/shooter/rpm",0
10.02993,"/shooter/output",0.1
10.029966,"/shooter/hasBall",true
10.030007,"/shooter/temperature",40
10.030279,"/climber/rightPos",0
10.04929,"/drivetrain/leftPos",0
10.049309,"/drivetrain/leftVelocity",0
10.049324,"/drivetrain/rightPos",0
10.049337,"/drivetrain/rightVelocity",0
10.049377,"/drivetrain/heading",-2.130000114440918
10.049385,"/drivetrain/headingVelocity",0.0610351525247097
10.049392,"/drivetrain/xAcceleration",0
10.049396,"/drivetrain/yAcceleration",0.004000000189989805
10.049401,"/drivetrain/leftOutputLog",0
10.049404,"/drivetrain/rightOutputLog",0
10.049589,"/intake/pos",0
10.049594,"/intake/output",0
10.050546,"/shooter/rpm",0
10.050578,"/shooter/output",0.1
10.050752,"/shooter/hasBall",true
10.050808,"/shooter/temperature",40
10.05115,"/climber/rightPos",0
10.069865,"/drivetrain/leftPos",0
10.069883,"/drivetrain/leftVelocity",0
10.069899,"/drivetrain/rightPos",0
10.069912,"/drivetrain/rightVelocity",0
10.069954,"/drivetrain/heading",-2.130000114440918
10.070056,"/drivetrain/headingVelocity",-0.0610351525247097
10.070063,"/drivetrain/xAcceleration",0
10.070068,"/drivetrain/yAcceleration",0
10.070073,"/drivetrain/leftOutputLog",0
10.070077,"/drivetrain/rightOutputLog",0
10.070816,"/intake/pos",0
10.070821,"/intake/output",0
10.071012,"/shooter/rpm",0
10.071076,"/shooter/output",0.1
10.071118,"/shooter/hasBall",true
10.07116,"/shooter/temperature",40
10.071332,"/climber/rightPos",0
10.089324,"/drivetrain/leftPos",0
10.089342,"/drivetrain/leftVelocity",0
10.089358,"/drivetrain/rightPos",0
10.08937,"/drivetrain/rightVelocity",0
10.089412,"/drivetrain/heading",-2.130000114440918
10.089421,"/drivetrain/headingVelocity",0
10.089426,"/drivetrain/xAcceleration",0
10.089431,"/drivetrain/yAcceleration",0.004000000189989805
10.089436,"/drivetrain/leftOutputLog",0
10.08944,"/drivetrain/rightOutputLog",0
10.09002,"/intake/pos",0
10.090026,"/intake/output",0
10.090272,"/shooter/rpm",0
10.090301,"/shooter/output",0.1
10.090803,"/shooter/hasBall",true
10.090862,"/shooter/temperature",40
10.091096,"/climber/rightPos",0
10.109362,"/drivetrain/leftPos",0
10.109382,"/drivetrain/leftVelocity",0
10.109397,"/drivetrain/rightPos",0
10.109409,"/drivetrain/rightVelocity",0
10.109448,"/drivetrain/heading",-2.130000114440918
10.109457,"/drivetrain/headingVelocity",0
10.109463,"/drivetrain/xAcceleration",0
10.109467,"/drivetrain/yAcceleration",0
10.109472,"/drivetrain/leftOutputLog",0
10.109476,"/drivetrain/rightOutputLog",0
10.109673,"/intake/pos",0
10.109678,"/intake/output",0
10.109948,"/shooter/rpm",0
10.109971,"/shooter/output",0.1
10.110008,"/shooter/hasBall",true
10.111732,"/shooter/temperature",40
10.112094,"/climber/rightPos",0
10.129274,"/drivetrain/leftPos",0
10.129292,"/drivetrain/leftVelocity",0
10.129307,"/drivetrain/rightPos",0
10.129319,"/drivetrain/rightVelocity",0
10.129352,"/drivetrain/heading",-2.130000114440918
10.12936,"/drivetrain/headingVelocity",0.1831054538488388
10.129365,"/drivetrain/xAcceleration",0
10.12937,"/drivetrain/yAcceleration",-0.006000000052154064
10.129375,"/drivetrain/leftOutputLog",0
10.129378,"/drivetrain/rightOutputLog",0
10.129638,"/intake/pos",0
10.129643,"/intake/output",0
10.129841,"/shooter/rpm",0
10.129866,"/shooter/output",0.1
10.129901,"/shooter/hasBall",true
10.129925,"/shooter/temperature",40
10.130088,"/climber/rightPos",0
10.149507,"/drivetrain/leftPos",0
10.149524,"/drivetrain/leftVelocity",0
10.149542,"/drivetrain/rightPos",0
10.149555,"/drivetrain/rightVelocity",0
10.149606,"/drivetrain/heading",-2.140000104904175
10.149616,"/drivetrain/headingVelocity",0.1220703050494194
10.149622,"/drivetrain/xAcceleration",0
10.149627,"/drivetrain/yAcceleration",0
10.149633,"/drivetrain/leftOutputLog",0
10.149637,"/drivetrain/rightOutputLog",0
10.151235,"/intake/pos",0
10.15124,"/intake/output",0
10.153084,"/shooter/rpm",0
10.153119,"/shooter/output",0.1
10.153167,"/shooter/hasBall",true
10.153195,"/shooter/temperature",40
10.154065,"/climber/rightPos",0
10.16929,"/drivetrain/leftPos",0
10.169309,"/drivetrain/leftVelocity",0
10.169325,"/drivetrain/rightPos",0
10.169338,"/drivetrain/rightVelocity",0
10.169378,"/drivetrain/heading",-2.140000104904175
10.169387,"/drivetrain/headingVelocity",0
10.169392,"/drivetrain/xAcceleration",0
10.169397,"/drivetrain/yAcceleration",0
10.169402,"/drivetrain/leftOutputLog",0
10.169406,"/drivetrain/rightOutputLog",0
10.169734,"/intake/pos",0
10.169739,"/intake/output",0
10.169996,"/shooter/rpm",0
10.170028,"/shooter/output",0.1
10.170278,"/shooter/hasBall",true
10.170341,"/shooter/temperature",40
10.17074,"/climber/rightPos",0
10.189897,"/drivetrain/leftPos",0
10.189928,"/drivetrain/leftVelocity",0
10.190159,"/drivetrain/rightPos",0
10.190183,"/drivetrain/rightVelocity",0
10.190286,"/drivetrain/heading",-2.130000114440918
10.190296,"/drivetrain/headingVelocity",-0.0610351525247097
10.190302,"/drivetrain/xAcceleration",0
10.190307,"/drivetrain/yAcceleration",0.003000000026077032
10.190313,"/drivetrain/leftOutputLog",0
10.190317,"/drivetrain/rightOutputLog",0
10.190687,"/intake/pos",0
10.190692,"/intake/output",0
10.190926,"/shooter/rpm",0
10.190952,"/shooter/output",0.1
10.190992,"/shooter/hasBall",true
10.19104,"/shooter/temperature",40
10.191229,"/climber/rightPos",0
10.209365,"/drivetrain/leftPos",0
10.209383,"/drivetrain/leftVelocity",0
10.209399,"/drivetrain/rightPos",0
10.209411,"/drivetrain/rightVelocity",0
10.209585,"/drivetrain/heading",-2.130000114440918
10.209596,"/drivetrain/headingVelocity",-0.1220703050494194
10.209603,"/drivetrain/xAcceleration",0
10.209608,"/drivetrain/yAcceleration",0
10.209613,"/drivetrain/leftOutputLog",0
10.209617,"/drivetrain/rightOutputLog",0
10.2099,"/intake/pos",0
10.209905,"/intake/output",0
10.210586,"/shooter/rpm",0
10.210616,"/shooter/output",0.1
10.210659,"/shooter/hasBall",true
10.210714,"/shooter/temperature",40
10.21142,"/climber/rightPos",0
10.229305,"/drivetrain/leftPos",0
10.229322,"/drivetrain/leftVelocity",0
10.229338,"/drivetrain/rightPos",0
10.22935,"/drivetrain/rightVelocity",0
10.229505,"/drivetrain/heading",-2.130000114440918
10.229516,"/drivetrain/headingVelocity",-0.1220703050494194
10.229522,"/drivetrain/xAcceleration",0
10.229527,"/drivetrain/yAcceleration",0
10.229532,"/drivetrain/leftOutputLog",0
10.229536,"/drivetrain/rightOutputLog",0
10.22999,"/intake/pos",0
10.229995,"/intake/output",0
10.230262,"/shooter/rpm",0
10.230351,"/shooter/output",0.1
10.230397,"/shooter/hasBall",true
10.230446,"/shooter/temperature",40
10.230687,"/climber/rightPos",0
10.249375,"/drivetrain/leftPos",0
10.249394,"/drivetrain/leftVelocity",0
10.249412,"/drivetrain/rightPos",0
10.249425,"/drivetrain/rightVelocity",0
10.249452,"/drivetrain/heading",-2.130000114440918
10.249459,"/drivetrain/headingVelocity",0.0610351525247097
10.249465,"/drivetrain/xAcceleration",0
10.249469,"/drivetrain/yAcceleration",-0.003000000026077032
10.249474,"/drivetrain/leftOutputLog",0
10.249478,"/drivetrain/rightOutputLog",0
10.24977,"/intake/pos",0
10.249775,"/intake/output",0
10.250208,"/shooter/rpm",0
10.250238,"/shooter/output",0.1
10.250279,"/shooter/hasBall",true
10.250328,"/shooter/temperature",40
10.250594,"/climber/rightPos",0
10.269396,"/drivetrain/leftPos",0
10.269414,"/drivetrain/leftVelocity",0
10.269429,"/drivetrain/rightPos",0
10.269442,"/drivetrain/rightVelocity",0
10.269481,"/drivetrain/heading",-2.130000114440918
10.26949,"/drivetrain/headingVelocity",0.1220703050494194
10.269496,"/drivetrain/xAcceleration",0
10.269501,"/drivetrain/yAcceleration",0
10.269506,"/drivetrain/leftOutputLog",0
10.26951,"/drivetrain/rightOutputLog",0
10.270195,"/intake/pos",0
10.270201,"/intake/output",0
10.271029,"/shooter/rpm",0
10.271056,"/shooter/output",0.1
10.271102,"/shooter/hasBall",true
10.271148,"/shooter/temperature",40
10.271393,"/climber/rightPos",0
10.289351,"/drivetrain/leftPos",0
10.28937,"/drivetrain/leftVelocity",0
10.289385,"/drivetrain/rightPos",0
10.289397,"/drivetrain/rightVelocity",0
10.289436,"/drivetrain/heading",-2.130000114440918
10.289444,"/drivetrain/headingVelocity",0.1220703050494194
10.28945,"/drivetrain/xAcceleration",0
10.289455,"/drivetrain/yAcceleration",0
10.28946,"/drivetrain/leftOutputLog",0
10.289464,"/drivetrain/rightOutputLog",0
10.289797,"/intake/pos",0
10.289802,"/intake/output",0
10.290318,"/shooter/rpm",0
10.29035,"/shooter/output",0.1
10.290395,"/shooter/hasBall",true
10.290423,"/shooter/temperature",40
10.290976,"/climber/rightPos",0
10.309668,"/drivetrain/leftPos",0
10.309687,"/drivetrain/leftVelocity",0
10.309703,"/drivetrain/rightPos",0
10.309715,"/drivetrain/rightVelocity",0
10.309753,"/drivetrain/heading",-2.130000114440918
10.309761,"/drivetrain/headingVelocity",0.1220703050494194
10.309767,"/drivetrain/xAcceleration",0
10.309772,"/drivetrain/yAcceleration",0
10.309777,"/drivetrain/leftOutputLog",0
10.309781,"/drivetrain/rightOutputLog",0
10.310034,"/intake/pos",0
10.310039,"/intake/output",0
10.310228,"/shooter/rpm",0
10.310249,"/shooter/output",0.1
10.310285,"/shooter/hasBall",true
10.310324,"/shooter/temperature",40
10.310475,"/climber/rightPos",0
10.329459,"/drivetrain/leftPos",0
10.329477,"/drivetrain/leftVelocity",0
10.329492,"/drivetrain/rightPos",0
10.329505,"/drivetrain/rightVelocity",0
10.329545,"/drivetrain/heading",-2.130000114440918
10.329554,"/drivetrain/headingVelocity",0.1220703050494194
10.329559,"/drivetrain/xAcceleration",0
10.329565,"/drivetrain/yAcceleration",0
10.32957,"/drivetrain/leftOutputLog",0
10.329574,"/drivetrain/rightOutputLog",0
10.329758,"/intake/pos",0
10.329763,"/intake/output",0
10.329989,"/shooter/rpm",0
10.33001,"/shooter/output",0.1
10.330047,"/shooter/hasBall",true
10.330086,"/shooter/temperature",40
10.330274,"/climber/rightPos",0
10.349377,"/drivetrain/leftPos",0
10.349396,"/drivetrain/leftVelocity",0
10.349413,"/drivetrain/rightPos",0
10.349427,"/drivetrain/rightVelocity",0
10.349469,"/drivetrain/heading",-2.140000104904175
10.349478,"/drivetrain/headingVelocity",0.0610351525247097
10.349484,"/drivetrain/xAcceleration",0
10.349489,"/drivetrain/yAcceleration",0
10.349494,"/drivetrain/leftOutputLog",0
10.349498,"/drivetrain/rightOutputLog",0
10.349691,"/intake/pos",0
10.349695,"/intake/output",0
10.350191,"/shooter/rpm",0
10.350221,"/shooter/output",0.1
10.351383,"/shooter/hasBall",true
10.351426,"/shooter/temperature",40
10.351745,"/climber/rightPos",0
10.369286,"/drivetrain/leftPos",0
10.369304,"/drivetrain/leftVelocity",0
10.36932,"/drivetrain/rightPos",0
10.369332,"/drivetrain/rightVelocity",0
10.369365,"/drivetrain/heading",-2.140000104904175
10.369373,"/drivetrain/headingVelocity",0.1220703050494194
10.369379,"/drivetrain/xAcceleration",0
10.369384,"/drivetrain/yAcceleration",0
10.369388,"/drivetrain/leftOutputLog",0
10.369392,"/drivetrain/rightOutputLog",0
10.370032,"/intake/pos",0
10.370038,"/intake/output",0
10.370343,"/shooter/rpm",0
10.370371,"/shooter/output",0.1
10.370416,"/shooter/hasBall",true
10.370446,"/shooter/temperature",40
10.371393,"/climber/rightPos",0
10.38958,"/drivetrain/leftPos",0
10.3896,"/drivetrain/leftVelocity",0
10.389616,"/drivetrain/rightPos",0
10.389629,"/drivetrain/rightVelocity",0
10.389666,"/drivetrain/heading",-2.1500000953674316
10.389675,"/drivetrain/headingVelocity",0.1831054538488388
10.389681,"/drivetrain/xAcceleration",0
10.389686,"/drivetrain/yAcceleration",0
10.38969,"/drivetrain/leftOutputLog",0
10.389694,"/drivetrain/rightOutputLog",0
10.389903,"/intake/pos",0
10.389908,"/intake/output",0
10.390217,"/shooter/rpm",0
10.390244,"/shooter/output",0.1
10.390288,"/shooter/hasBall",true
10.390318,"/shooter/temperature",40
10.390723,"/climber/rightPos",0
10.409425,"/drivetrain/leftPos",0
10.409443,"/drivetrain/leftVelocity",0
10.409459,"/drivetrain/rightPos",0
10.409472,"/drivetrain/rightVelocity",0
10.409513,"/drivetrain/heading",-2.1500000953674316
10.409521,"/drivetrain/headingVelocity",0.1831054538488388
10.409527,"/drivetrain/xAcceleration",0
10.409532,"/drivetrain/yAcceleration",0
10.409537,"/drivetrain/leftOutputLog",0
10.409541,"/drivetrain/rightOutputLog",0
10.411133,"/intake/pos",0
10.411138,"/intake/output",0
10.411614,"/shooter/rpm",0
10.411634,"/shooter/output",0.1
10.411673,"/shooter/hasBall",true
10.411723,"/shooter/temperature",40
10.412052,"/climber/rightPos",0
10.429304,"/drivetrain/leftPos",0
10.429323,"/drivetrain/leftVelocity",0
10.429339,"/drivetrain/rightPos",0
10.429351,"/drivetrain/rightVelocity",0
10.429385,"/drivetrain/heading",-2.1600000858306885
10.429393,"/drivetrain/headingVelocity",0.30517578125
10.429399,"/drivetrain/xAcceleration",0
10.429404,"/drivetrain/yAcceleration",0
10.429408,"/drivetrain/leftOutputLog",0
10.429412,"/drivetrain/rightOutputLog",0
10.429614,"/intake/pos",0
10.429619,"/intake/output",0
10.429843,"/shooter/rpm",0
10.429864,"/shooter/output",0.1
10.429943,"/shooter/hasBall",true
10.429989,"/shooter/temperature",40
10.430184,"/climber/rightPos",0
10.449542,"/drivetrain/leftPos",0
10.44957,"/drivetrain/leftVelocity",0
10.449585,"/drivetrain/rightPos",0
10.449598,"/drivetrain/rightVelocity",0
10.449634,"/drivetrain/heading",-2.1700000762939453
10.449642,"/drivetrain/headingVelocity",0.30517578125
10.449648,"/drivetrain/xAcceleration",0
10.449653,"/drivetrain/yAcceleration",0
10.449657,"/drivetrain/leftOutputLog",0
10.449661,"/drivetrain/rightOutputLog",0
10.45023,"/intake/pos",0
10.450235,"/intake/output",0
10.450543,"/shooter/rpm",0
10.450575,"/shooter/output",0.1
10.451161,"/shooter/hasBall",true
10.451231,"/shooter/temperature",40
10.451435,"/climber/rightPos",0
10.469404,"/drivetrain/leftPos",0
10.469423,"/drivetrain/leftVelocity",0
10.469439,"/drivetrain/rightPos",0
10.469451,"/drivetrain/rightVelocity",0
10.469491,"/drivetrain/heading",-2.1700000762939453
10.4695,"/drivetrain/headingVelocity",0.2441406100988388
10.469506,"/drivetrain/xAcceleration",0
10.469512,"/drivetrain/yAcceleration",0
10.469516,"/drivetrain/leftOutputLog",0
10.46952,"/drivetrain/rightOutputLog",0
10.469723,"/intake/pos",0
10.469728,"/intake/output",0
10.469913,"/shooter/rpm",0
10.469937,"/shooter/output",0.1
10.469972,"/shooter/hasBall",true
10.470016,"/shooter/temperature",40
10.470225,"/climber/rightPos",0
10.48942,"/drivetrain/leftPos",0
10.489438,"/drivetrain/leftVelocity",0
10.489454,"/drivetrain/rightPos",0
10.489466,"/drivetrain/rightVelocity",0
10.489499,"/drivetrain/heading",-2.180000066757202
10.489507,"/drivetrain/headingVelocity",0.30517578125
10.489513,"/drivetrain/xAcceleration",0
10.489518,"/drivetrain/yAcceleration",0
10.489523,"/drivetrain/leftOutputLog",0
10.489527,"/drivetrain/rightOutputLog",0
10.489874,"/intake/pos",0
10.48988,"/intake/output",0
10.490215,"/shooter/rpm",0
10.490246,"/shooter/output",0.1
10.49029,"/shooter/hasBall",true
10.490339,"/shooter/temperature",40
10.49095,"/climber/rightPos",0
10.509389,"/drivetrain/leftPos",0
10.509406,"/drivetrain/leftVelocity",0
10.509422,"/drivetrain/rightPos",0
10.509435,"/drivetrain/rightVelocity",0
10.509472,"/drivetrain/heading",-2.190000057220459
10.509481,"/drivetrain/headingVelocity",0.3662109076976776
10.509486,"/drivetrain/xAcceleration",0
10.509491,"/drivetrain/yAcceleration",0
10.509496,"/drivetrain/leftOutputLog",0
10.5095,"/drivetrain/rightOutputLog",0
10.509745,"/intake/pos",0
10.50975,"/intake/output",0
10.51,"/shooter/rpm",0
10.510067,"/shooter/output",0.1
10.510107,"/shooter/hasBall",true
10.510148,"/shooter/temperature",40
10.510307,"/climber/rightPos",0
10.52935,"/drivetrain/leftPos",0
10.529369,"/drivetrain/leftVelocity",0
10.529384,"/drivetrain/rightPos",0
10.529397,"/drivetrain/rightVelocity",0
10.529435,"/drivetrain/heading",-2.190000057220459
10.529444,"/drivetrain/headingVelocity",0.3662109076976776
10.52945,"/drivetrain/xAcceleration",0
10.529456,"/drivetrain/yAcceleration",0
10.52946,"/drivetrain/leftOutputLog",0
10.529464,"/drivetrain/rightOutputLog",0
10.529717,"/intake/pos",0
10.529722,"/intake/output",0
10.530919,"/shooter/rpm",0
10.530946,"/shooter/output",0.1
10.531007,"/shooter/hasBall",true
10.531066,"/shooter/temperature",40
10.53149,"/climber/rightPos",0
10.549308,"/drivetrain/leftPos",0
10.549326,"/drivetrain/leftVelocity",0
10.549342,"/drivetrain/rightPos",0
10.549355,"/drivetrain/rightVelocity",0
10.549504,"/drivetrain/heading",-2.200000047683716
10.549514,"/drivetrain/headingVelocity",0.30517578125
10.54952,"/drivetrain/xAcceleration",0
10.549525,"/drivetrain/yAcceleration",-0.003000000026077032
10.54953,"/drivetrain/leftOutputLog",0
10.549534,"/drivetrain/rightOutputLog",0
10.550252,"/intake/pos",0
10.550259,"/intake/output",0
10.551207,"/shooter/rpm",0
10.551224,"/shooter/output",0.1
10.551268,"/shooter/hasBall",true
10.551314,"/shooter/temperature",40
10.551591,"/climber/rightPos",0
10.569349,"/drivetrain/leftPos",0
10.569367,"/drivetrain/leftVelocity",0
10.569382,"/drivetrain/rightPos",0
10.569394,"/drivetrain/rightVelocity",0
10.569429,"/drivetrain/heading",-2.2100000381469727
10.569438,"/drivetrain/headingVelocity",0.3662109076976776
10.569444,"/drivetrain/xAcceleration",0
10.569449,"/drivetrain/yAcceleration",0
10.569453,"/drivetrain/leftOutputLog",0
10.569457,"/drivetrain/rightOutputLog",0
10.570251,"/intake/pos",0
10.570258,"/intake/output",0
10.570617,"/shooter/rpm",0
10.570647,"/shooter/output",0.1
10.570693,"/shooter/hasBall",true
10.570723,"/shooter/temperature",40
10.570927,"/climber/rightPos",0
10.589407,"/drivetrain/leftPos",0
10.589427,"/drivetrain/leftVelocity",0
10.589444,"/drivetrain/rightPos",0
10.589458,"/drivetrain/rightVelocity",0
10.589497,"/drivetrain/heading",-2.2200000286102295
10.589505,"/drivetrain/headingVelocity",0.3662109076976776
10.589562,"/drivetrain/xAcceleration",0
10.589569,"/drivetrain/yAcceleration",0
10.589574,"/drivetrain/leftOutputLog",0
10.589578,"/drivetrain/rightOutputLog",0
10.589846,"/intake/pos",0
10.589851,"/intake/output",0
10.590475,"/shooter/rpm",0
10.590503,"/shooter/output",0.1
10.590549,"/shooter/hasBall",true
10.590586,"/shooter/temperature",40
10.591103,"/climber/rightPos",0
10.609433,"/drivetrain/leftPos",0
10.609452,"/drivetrain/leftVelocity",0
10.609469,"/drivetrain/rightPos",0
10.609482,"/drivetrain/rightVelocity",0
10.609523,"/drivetrain/heading",-2.2300000190734863
10.609531,"/drivetrain/headingVelocity",0.30517578125
10.609537,"/drivetrain/xAcceleration",0
10.609542,"/drivetrain/yAcceleration",0.003000000026077032
10.609546,"/drivetrain/leftOutputLog",0
10.60955,"/drivetrain/rightOutputLog",0
10.609734,"/intake/pos",0
10.609739,"/intake/output",0
10.60997,"/shooter/rpm",0
10.610036,"/shooter/output",0.1
10.610073,"/shooter/hasBall",true
10.6101,"/shooter/temperature",40
10.610303,"/climber/rightPos",0
10.629476,"/drivetrain/leftPos",0
10.629495,"/drivetrain/leftVelocity",0
10.629512,"/drivetrain/rightPos",0
10.629525,"/drivetrain/rightVelocity",0
10.629559,"/drivetrain/heading",-2.2300000190734863
10.629567,"/drivetrain/headingVelocity",0.1831054538488388
10.629573,"/drivetrain/xAcceleration",0
10.629578,"/drivetrain/yAcceleration",0.004000000189989805
10.629583,"/drivetrain/leftOutputLog",0
10.629586,"/drivetrain/rightOutputLog",0
10.629835,"/intake/pos",0
10.62984,"/intake/output",0
10.630198,"/shooter/rpm",0
10.630223,"/shooter/output",0.1
10.630261,"/shooter/hasBall",true
10.630287,"/shooter/temperature",40
10.630525,"/climber/rightPos",0
10.649515,"/drivetrain/leftPos",0
10.649534,"/drivetrain/leftVelocity",0
10.649551,"/drivetrain/rightPos",0
10.649563,"/drivetrain/rightVelocity",0
10.649608,"/drivetrain/heading",-2.240000009536743
10.649617,"/drivetrain/headingVelocity",0.1831054538488388
10.649623,"/drivetrain/xAcceleration",0
10.649628,"/drivetrain/yAcceleration",0
10.649633,"/drivetrain/leftOutputLog",0
10.649637,"/drivetrain/rightOutputLog",0
10.65012,"/intake/pos",0
10.650125,"/intake/output",0
10.650696,"/shooter/rpm",0
10.650725,"/shooter/output",0.1
10.650774,"/shooter/hasBall",true
10.650829,"/shooter/temperature",40
10.651344,"/climber/rightPos",0
10.669405,"/drivetrain/leftPos",0
10.669494,"/drivetrain/leftVelocity",0
10.669519,"/drivetrain/rightPos",0
10.669532,"/drivetrain/rightVelocity",0
10.669681,"/drivetrain/heading",-2.240000009536743
10.669693,"/drivetrain/headingVelocity",0.1831054538488388
10.669699,"/drivetrain/xAcceleration",0.004000000189989805
10.669705,"/drivetrain/yAcceleration",0
10.66971,"/drivetrain/leftOutputLog",0
10.669714,"/drivetrain/rightOutputLog",0
10.670379,"/intake/pos",0
10.670384,"/intake/output",0
10.671036,"/shooter/rpm",0
10.671317,"/shooter/output",0.1
10.671369,"/shooter/hasBall",true
10.671422,"/shooter/temperature",40
10.671913,"/climber/rightPos",0
10.689596,"/drivetrain/leftPos",0
10.689627,"/drivetrain/leftVelocity",0
10.689646,"/drivetrain/rightPos",0
10.689659,"/drivetrain/rightVelocity",0
10.689713,"/drivetrain/heading",-2.240000009536743
10.689723,"/drivetrain/headingVelocity",0.0610351525247097
10.689729,"/drivetrain/xAcceleration",0
10.689734,"/drivetrain/yAcceleration",0
10.689781,"/drivetrain/leftOutputLog",0
10.689857,"/drivetrain/rightOutputLog",0
10.690202,"/intake/pos",0
10.690207,"/intake/output",0
10.690714,"/shooter/rpm",0
10.690785,"/shooter/output",0.1
10.690828,"/shooter/hasBall",true
10.690886,"/shooter/temperature",40
10.691337,"/climber/rightPos",0
10.709857,"/drivetrain/leftPos",0
10.709875,"/drivetrain/leftVelocity",0
10.709892,"/drivetrain/rightPos",0
10.709904,"/drivetrain/rightVelocity",0
10.709941,"/drivetrain/heading",-2.240000009536743
10.70995,"/drivetrain/headingVelocity",-0.1831054538488388
10.709956,"/drivetrain/xAcceleration",0
10.709961,"/drivetrain/yAcceleration",0
10.709965,"/drivetrain/leftOutputLog",0
10.709969,"/drivetrain/rightOutputLog",0
10.710163,"/intake/pos",0
10.710168,"/intake/output",0
10.710565,"/shooter/rpm",0
10.710591,"/shooter/output",0.1
10.710634,"/shooter/hasBall",true
10.710683,"/shooter/temperature",40
10.711265,"/climber/rightPos",0
10.729443,"/drivetrain/leftPos",0
10.729618,"/drivetrain/leftVelocity",0
10.729643,"/drivetrain/rightPos",0
10.729658,"/drivetrain/rightVelocity",0
10.7297,"/drivetrain/heading",-2.2200000286102295
10.729709,"/drivetrain/headingVelocity",-0.6713866591453552
10.729715,"/drivetrain/xAcceleration",0.003000000026077032
10.729721,"/drivetrain/yAcceleration",0.006000000052154064
10.729727,"/drivetrain/leftOutputLog",0
10.729731,"/drivetrain/rightOutputLog",0
10.732591,"/intake/pos",0
10.732598,"/intake/output",0
10.733047,"/shooter/rpm",0
10.733082,"/shooter/output",0.1
10.733134,"/shooter/hasBall",true
10.733191,"/shooter/temperature",40
10.733432,"/climber/rightPos",0
10.749471,"/drivetrain/leftPos",0
10.749492,"/drivetrain/leftVelocity",0
10.749507,"/drivetrain/rightPos",0
10.74953,"/drivetrain/rightVelocity",0
10.749565,"/drivetrain/heading",-2.2100000381469727
10.749573,"/drivetrain/headingVelocity",-0.9155272841453552
10.749578,"/drivetrain/xAcceleration",0
10.749584,"/drivetrain/yAcceleration",0.006000000052154064
10.749588,"/drivetrain/leftOutputLog",0
10.749592,"/drivetrain/rightOutputLog",0
10.749803,"/intake/pos",0
10.749808,"/intake/output",0
10.750017,"/shooter/rpm",0
10.750079,"/shooter/output",0.1
10.750119,"/shooter/hasBall",true
10.750161,"/shooter/temperature",40
10.750447,"/climber/rightPos",0
10.769317,"/drivetrain/leftPos",0
10.769337,"/drivetrain/leftVelocity",0
10.769352,"/drivetrain/rightPos",0
10.769365,"/drivetrain/rightVelocity",0
10.7694,"/drivetrain/heading",-2.190000057220459
10.769409,"/drivetrain/headingVelocity",-1.03759765625
10.769414,"/drivetrain/xAcceleration",0
10.769419,"/drivetrain/yAcceleration",0.006000000052154064
10.769424,"/drivetrain/leftOutputLog",0
10.769428,"/drivetrain/rightOutputLog",0
10.769746,"/intake/pos",0
10.769751,"/intake/output",0
10.770053,"/shooter/rpm",0
10.770082,"/shooter/output",0.1
10.770123,"/shooter/hasBall",true
10.770163,"/shooter/temperature",40
10.770334,"/climber/rightPos",0
10.789372,"/drivetrain/leftPos",0
10.789394,"/drivetrain/leftVelocity",0
10.789409,"/drivetrain/rightPos",0
10.789422,"/drivetrain/rightVelocity",0
10.789457,"/drivetrain/heading",-2.1600000858306885
10.789466,"/drivetrain/headingVelocity",-1.15966796875
10.789471,"/drivetrain/xAcceleration",0
10.789476,"/drivetrain/yAcceleration",0
10.789481,"/drivetrain/leftOutputLog",0
10.789485,"/drivetrain/rightOutputLog",0
10.789805,"/intake/pos",0
10.78981,"/intake/output",0
10.790015,"/shooter/rpm",0
10.790078,"/shooter/output",0.1
10.790117,"/shooter/hasBall",true
10.790157,"/shooter/temperature",40
10.790313,"/climber/rightPos",0
10.8093,"/drivetrain/leftPos",0
10.809322,"/drivetrain/leftVelocity",0
10.809338,"/drivetrain/rightPos",0
10.809351,"/drivetrain/rightVelocity",0
10.809387,"/drivetrain/heading",-2.130000114440918
10.809395,"/drivetrain/headingVelocity",-0.9155272841453552
10.8094,"/drivetrain/xAcceleration",0
10.809405,"/drivetrain/yAcceleration",-0.004000000189989805
10.80941,"/drivetrain/leftOutputLog",0
10.809414,"/drivetrain/rightOutputLog",0
10.809708,"/intake/pos",0
10.809713,"/intake/output",0
10.810894,"/shooter/rpm",0
10.811035,"/shooter/output",0.1
10.811096,"/shooter/hasBall",true
10.811479,"/shooter/temperature",40
10.811694,"/climber/rightPos",0
10.829296,"/drivetrain/leftPos",0
10.829318,"/drivetrain/leftVelocity",0
10.829333,"/drivetrain/rightPos",0
10.829346,"/drivetrain/rightVelocity",0
10.829385,"/drivetrain/heading",-2.119999885559082
10.829394,"/drivetrain/headingVelocity",-0.6713866591453552
10.8294,"/drivetrain/xAcceleration",0
10.829405,"/drivetrain/yAcceleration",-0.010999999940395355
10.829409,"/drivetrain/leftOutputLog",0
10.829413,"/drivetrain/rightOutputLog",0
10.829675,"/intake/pos",0
10.82968,"/intake/output",0
10.830514,"/shooter/rpm",0
10.830542,"/shooter/output",0.1
10.830587,"/shooter/hasBall",true
10.830615,"/shooter/temperature",40
10.831409,"/climber/rightPos",0
10.849248,"/drivetrain/leftPos",0
10.849271,"/drivetrain/leftVelocity",0
10.849287,"/drivetrain/rightPos",0
10.8493,"/drivetrain/rightVelocity",0
10.849334,"/drivetrain/heading",-2.109999895095825
10.849342,"/drivetrain/headingVelocity",-0.6103515625
10.849347,"/drivetrain/xAcceleration",0
10.849352,"/drivetrain/yAcceleration",-0.00800000037997961
10.849357,"/drivetrain/leftOutputLog",0
10.84936,"/drivetrain/rightOutputLog",0
10.849693,"/intake/pos",0
10.849699,"/intake/output",0
10.850667,"/shooter/rpm",0
10.850692,"/shooter/output",0.1
10.85074,"/shooter/hasBall",true
10.850779,"/shooter/temperature",40
10.850985,"/climber/rightPos",0
10.869427,"/drivetrain/leftPos",0
10.869449,"/drivetrain/leftVelocity",0
10.869464,"/drivetrain/rightPos",0
10.869477,"/drivetrain/rightVelocity",0
10.869513,"/drivetrain/heading",-2.0999999046325684
10.869521,"/drivetrain/headingVelocity",-0.3662109076976776
10.869527,"/drivetrain/xAcceleration",-0.004000000189989805
10.869532,"/drivetrain/yAcceleration",-0.004999999888241291
10.869536,"/drivetrain/leftOutputLog",0
10.86954,"/drivetrain/rightOutputLog",0
10.870124,"/intake/pos",0
10.870129,"/intake/output",0
10.871293,"/shooter/rpm",0
10.871313,"/shooter/output",0.1
10.871356,"/shooter/hasBall",true
10.871383,"/shooter/temperature",40
10.871565,"/climber/rightPos",0
10.889295,"/drivetrain/leftPos",0
10.889316,"/drivetrain/leftVelocity",0
10.889332,"/drivetrain/rightPos",0
10.889345,"/drivetrain/rightVelocity",0
10.889386,"/drivetrain/heading",-2.0899999141693115
10.889395,"/drivetrain/headingVelocity",-0.2441406100988388
10.889401,"/drivetrain/xAcceleration",0.004000000189989805
10.889406,"/drivetrain/yAcceleration",0
10.88941,"/drivetrain/leftOutputLog",0
10.889414,"/drivetrain/rightOutputLog",0
10.889601,"/intake/pos",0
10.889606,"/intake/output",0
10.889809,"/shooter/rpm",0
10.889873,"/shooter/output",0.1
10.889911,"/shooter/hasBall",true
10.889937,"/shooter/temperature",40
10.890107,"/climber/rightPos",0
10.90932,"/drivetrain/leftPos",0
10.909342,"/drivetrain/leftVelocity",0
10.909357,"/drivetrain/rightPos",0
10.90937,"/drivetrain/rightVelocity",0
10.90946,"/drivetrain/heading",-2.0899999141693115
10.90947,"/drivetrain/headingVelocity",-0.1220703050494194
10.909476,"/drivetrain/xAcceleration",0
10.909481,"/drivetrain/yAcceleration",0
10.909486,"/drivetrain/leftOutputLog",0
10.90949,"/drivetrain/rightOutputLog",0
10.909803,"/intake/pos",0
10.909808,"/intake/output",0
10.910032,"/shooter/rpm",0
10.910097,"/shooter/output",0.1
10.910135,"/shooter/hasBall",true
10.91018,"/shooter/temperature",40
10.910541,"/climber/rightPos",0
10.929401,"/drivetrain/leftPos",0
10.929422,"/drivetrain/leftVelocity",0
10.929437,"/drivetrain/rightPos",0
10.929449,"/drivetrain/rightVelocity",0
10.929488,"/drivetrain/heading",-2.0899999141693115
10.929496,"/drivetrain/headingVelocity",0
10.929502,"/drivetrain/xAcceleration",0
10.929507,"/drivetrain/yAcceleration",0.004999999888241291
10.929511,"/drivetrain/leftOutputLog",0
10.929515,"/drivetrain/rightOutputLog",0
10.929702,"/intake/pos",0
10.929707,"/intake/output",0
10.929982,"/shooter/rpm",0
10.930005,"/shooter/output",0.1
10.930044,"/shooter/hasBall",true
10.930226,"/shooter/temperature",40
10.930764,"/climber/rightPos",0
10.94928,"/drivetrain/leftPos",0
10.949301,"/drivetrain/leftVelocity",0
10.949317,"/drivetrain/rightPos",0
10.949329,"/drivetrain/rightVelocity",0
10.949371,"/drivetrain/heading",-2.0899999141693115
10.94938,"/drivetrain/headingVelocity",0
10.949386,"/drivetrain/xAcceleration",0
10.949391,"/drivetrain/yAcceleration",0
10.949395,"/drivetrain/leftOutputLog",0
10.949399,"/drivetrain/rightOutputLog",0
10.950043,"/intake/pos",0
10.950049,"/intake/output",0
10.950357,"/shooter/rpm",0
10.950388,"/shooter/output",0.1
10.950428,"/shooter/hasBall",true
10.950482,"/shooter/temperature",40
10.951125,"/climber/rightPos",0
10.969349,"/drivetrain/leftPos",0
10.969372,"/drivetrain/leftVelocity",0
10.969388,"/drivetrain/rightPos",0
10.9694,"/drivetrain/rightVelocity",0
10.969428,"/drivetrain/heading",-2.0899999141693115
10.969435,"/drivetrain/headingVelocity",0.0610351525247097
10.96944,"/drivetrain/xAcceleration",0
10.969445,"/drivetrain/yAcceleration",-0.003000000026077032
10.969669,"/drivetrain/leftOutputLog",0
10.969679,"/drivetrain/rightOutputLog",0
10.970549,"/intake/pos",0
10.97056,"/intake/output",0
10.97133,"/shooter/rpm",0
10.971354,"/shooter/output",0.1
10.971394,"/shooter/hasBall",true
10.971444,"/shooter/temperature",40
10.971602,"/climber/rightPos",0
10.989275,"/drivetrain/leftPos",0
10.989296,"/drivetrain/leftVelocity",0
10.989311,"/drivetrain/rightPos",0
10.989323,"/drivetrain/rightVelocity",0
10.989361,"/drivetrain/heading",-2.0899999141693115
10.98937,"/drivetrain/headingVelocity",0.1220703050494194
10.989375,"/drivetrain/xAcceleration",0
10.98938,"/drivetrain/yAcceleration",0
10.989385,"/drivetrain/leftOutputLog",0
10.989389,"/drivetrain/rightOutputLog",0
10.989566,"/intake/pos",0
10.989571,"/intake/output",0
10.989791,"/shooter/rpm",0
10.989817,"/shooter/output",0.1
10.989855,"/shooter/hasBall",true
10.989903,"/shooter/temperature",40
10.990143,"/climber/rightPos",0
11.009273,"/drivetrain/leftPos",0
11.009296,"/drivetrain/leftVelocity",0
11.009311,"/drivetrain/rightPos",0
11.009324,"/drivetrain/rightVelocity",0
11.009362,"/drivetrain/heading",-2.0999999046325684
11.009371,"/drivetrain/headingVelocity",0.1831054538488388
11.009377,"/drivetrain/xAcceleration",0
11.009382,"/drivetrain/yAcceleration",-0.004000000189989805
11.009386,"/drivetrain/leftOutputLog",0
11.00939,"/drivetrain/rightOutputLog",0
11.009569,"/intake/pos",0
11.009574,"/intake/output",0
11.009783,"/shooter/rpm",0
11.009845,"/shooter/output",0.1
11.009881,"/shooter/hasBall",true
11.010699,"/shooter/temperature",40
11.011259,"/climber/rightPos",0
11.029304,"/drivetrain/leftPos",0
11.029383,"/drivetrain/leftVelocity",0
11.0294,"/drivetrain/rightPos",0
11.029414,"/drivetrain/rightVelocity",0
11.029454,"/drivetrain/heading",-2.0999999046325684
11.029464,"/drivetrain/headingVelocity",0.1220703050494194
11.029469,"/drivetrain/xAcceleration",0
11.029474,"/drivetrain/yAcceleration",0
11.029479,"/drivetrain/leftOutputLog",0
11.029483,"/drivetrain/rightOutputLog",0
11.029734,"/intake/pos",0
11.02974,"/intake/output",0
11.030118,"/shooter/rpm",0
11.030144,"/shooter/output",0.1
11.030197,"/shooter/hasBall",true
11.0303,"/shooter/temperature",40
11.030642,"/climber/rightPos",0
11.04928,"/drivetrain/leftPos",0
11.049301,"/drivetrain/leftVelocity",0
11.049314,"/drivetrain/rightPos",0
11.049326,"/drivetrain/rightVelocity",0
11.049362,"/drivetrain/heading",-2.0999999046325684
11.049371,"/drivetrain/headingVelocity",0.1220703050494194
11.049376,"/drivetrain/xAcceleration",0
11.049381,"/drivetrain/yAcceleration",0
11.049386,"/drivetrain/leftOutputLog",0
11.049389,"/drivetrain/rightOutputLog",0
11.049659,"/intake/pos",0
11.049777,"/intake/output",0
11.050192,"/shooter/rpm",0
11.050223,"/shooter/output",0.1
11.050265,"/shooter/hasBall",true
11.050309,"/shooter/temperature",40
11.051191,"/climber/rightPos",0
11.069274,"/drivetrain/leftPos",0
11.069297,"/drivetrain/leftVelocity",0
11.069313,"/drivetrain/rightPos",0
11.069326,"/drivetrain/rightVelocity",0
11.069364,"/drivetrain/heading",-2.109999895095825
11.069373,"/drivetrain/headingVelocity",0.1220703050494194
11.069379,"/drivetrain/xAcceleration",0
11.069384,"/drivetrain/yAcceleration",0
11.069388,"/drivetrain/leftOutputLog",0
11.069392,"/drivetrain/rightOutputLog",0
11.069571,"/intake/pos",0
11.069576,"/intake/output",0
11.069875,"/shooter/rpm",0
11.069905,"/shooter/output",0.1
11.07018,"/shooter/hasBall",true
11.070349,"/shooter/temperature",40
11.070954,"/climber/rightPos",0
11.089283,"/drivetrain/leftPos",0
11.089304,"/drivetrain/leftVelocity",0
11.089319,"/drivetrain/rightPos",0
11.089332,"/drivetrain/rightVelocity",0
11.08937,"/drivetrain/heading",-2.109999895095825
11.089378,"/drivetrain/headingVelocity",0.0610351525247097
11.089384,"/drivetrain/xAcceleration",0
11.089389,"/drivetrain/yAcceleration",0
11.089394,"/drivetrain/leftOutputLog",0
11.089397,"/drivetrain/rightOutputLog",0
11.089576,"/intake/pos",0
11.08958,"/intake/output",0
11.090111,"/shooter/rpm",0
11.090138,"/shooter/output",0.1
11.090237,"/shooter/hasBall",true
11.090272,"/shooter/temperature",40
11.090607,"/climber/rightPos",0
11.109267,"/drivetrain/leftPos",0
11.109289,"/drivetrain/leftVelocity",0
11.109305,"/drivetrain/rightPos",0
11.109318,"/drivetrain/rightVelocity",0
11.109355,"/drivetrain/heading",-2.109999895095825
11.109363,"/drivetrain/headingVelocity",0
11.109369,"/drivetrain/xAcceleration",0
11.109374,"/drivetrain/yAcceleration",0
11.109379,"/drivetrain/leftOutputLog",0
11.109382,"/drivetrain/rightOutputLog",0
11.109563,"/intake/pos",0
11.109568,"/intake/output",0
11.109735,"/shooter/rpm",0
11.109756,"/shooter/output",0.1
11.10979,"/shooter/hasBall",true
11.109816,"/shooter/temperature",40
11.109978,"/climber/rightPos",0
11.129645,"/drivetrain/leftPos",0
11.129668,"/drivetrain/leftVelocity",0
11.129684,"/drivetrain/rightPos",0
11.129697,"/drivetrain/rightVelocity",0
11.129738,"/drivetrain/heading",-2.109999895095825
11.129746,"/drivetrain/headingVelocity",0
11.129752,"/drivetrain/xAcceleration",0
11.129757,"/drivetrain/yAcceleration",0
11.129762,"/drivetrain/leftOutputLog",0
11.129766,"/drivetrain/rightOutputLog",0
11.12996,"/intake/pos",0
11.129965,"/intake/output",0
11.130194,"/shooter/rpm",0
11.130261,"/shooter/output",0.1
11.130302,"/shooter/hasBall",true
11.130351,"/shooter/temperature",40
11.130519,"/climber/rightPos",0
11.14931,"/drivetrain/leftPos",0
11.149333,"/drivetrain/leftVelocity",0
11.149349,"/drivetrain/rightPos",0
11.149362,"/drivetrain/rightVelocity",0
11.1494,"/drivetrain/heading",-2.109999895095825
11.149409,"/drivetrain/headingVelocity",0
11.149415,"/drivetrain/xAcceleration",0
11.14942,"/drivetrain/yAcceleration",0
11.149425,"/drivetrain/leftOutputLog",0
11.149429,"/drivetrain/rightOutputLog",0
11.151124,"/intake/pos",0
11.151131,"/intake/output",0
11.151375,"/shooter/rpm",0
11.151404,"/shooter/output",0.1
11.151443,"/shooter/hasBall",true
11.151493,"/shooter/temperature",40
11.151685,"/climber/rightPos",0
11.169294,"/drivetrain/leftPos",0
11.169317,"/drivetrain/leftVelocity",0
11.169333,"/drivetrain/rightPos",0
11.169346,"/drivetrain/rightVelocity",0
11.169382,"/drivetrain/heading",-2.109999895095825
11.169391,"/drivetrain/headingVelocity",0.1831054538488388
11.169397,"/drivetrain/xAcceleration",0
11.169402,"/drivetrain/yAcceleration",0
11.169407,"/drivetrain/leftOutputLog",0
11.16941,"/drivetrain/rightOutputLog",0
11.169607,"/intake/pos",0
11.169612,"/intake/output",0
11.169896,"/shooter/rpm",0
11.169924,"/shooter/output",0.1
11.169965,"/shooter/hasBall",true
11.170025,"/shooter/temperature",40
11.171095,"/climber/rightPos",0
11.189333,"/drivetrain/leftPos",0
11.189355,"/drivetrain/leftVelocity",0
11.189371,"/drivetrain/rightPos",0
11.189383,"/drivetrain/rightVelocity",0
11.189419,"/drivetrain/heading",-2.119999885559082
11.189428,"/drivetrain/headingVelocity",0.2441406100988388
11.189433,"/drivetrain/xAcceleration",0
11.189438,"/drivetrain/yAcceleration",-0.003000000026077032
11.189443,"/drivetrain/leftOutputLog",0
11.189447,"/drivetrain/rightOutputLog",0
11.18965,"/intake/pos",0
11.189655,"/intake/output",0
11.190157,"/shooter/rpm",0
11.190189,"/shooter/output",0.1
11.19024,"/shooter/hasBall",true
11.190293,"/shooter/temperature",40
11.190509,"/climber/rightPos",0
11.20932,"/drivetrain/leftPos",0
11.209341,"/drivetrain/leftVelocity",0
11.209356,"/drivetrain/rightPos",0
11.209369,"/drivetrain/rightVelocity",0
11.209408,"/drivetrain/heading",-2.119999885559082
11.209416,"/drivetrain/headingVelocity",0.1831054538488388
11.209422,"/drivetrain/xAcceleration",0
11.209427,"/drivetrain/yAcceleration",-0.004999999888241291
11.209431,"/drivetrain/leftOutputLog",0
11.209435,"/drivetrain/rightOutputLog",0
11.209643,"/intake/pos",0
11.209649,"/intake/output",0
11.209896,"/shooter/rpm",0
11.209915,"/shooter/output",0.1
11.209954,"/shooter/hasBall",true
11.210001,"/shooter/temperature",40
11.210251,"/climber/rightPos",0
11.229281,"/drivetrain/leftPos",0
11.229302,"/drivetrain/leftVelocity",0
11.229318,"/drivetrain/rightPos",0
11.229331,"/drivetrain/rightVelocity",0
11.229372,"/drivetrain/heading",-2.119999885559082
11.22938,"/drivetrain/headingVelocity",0
11.229386,"/drivetrain/xAcceleration",0
11.229391,"/drivetrain/yAcceleration",0
11.229396,"/drivetrain/leftOutputLog",0
11.229399,"/drivetrain/rightOutputLog",0
11.229667,"/intake/pos",0
11.229674,"/intake/output",0
11.229903,"/shooter/rpm",0
11.229928,"/shooter/output",0.1
11.229966,"/shooter/hasBall",true
11.230007,"/shooter/temperature",40
11.230775,"/climber/rightPos",0
11.249249,"/drivetrain/leftPos",0
11.24927,"/drivetrain/leftVelocity",0
11.249286,"/drivetrain/rightPos",0
11.249299,"/drivetrain/rightVelocity",0
11.249336,"/drivetrain/heading",-2.119999885559082
11.249344,"/drivetrain/headingVelocity",0
11.24935,"/drivetrain/xAcceleration",0
11.249355,"/drivetrain/yAcceleration",0
11.24936,"/drivetrain/leftOutputLog",0
11.249364,"/drivetrain/rightOutputLog",0
11.249561,"/intake/pos",0
11.249566,"/intake/output",0
11.249741,"/shooter/rpm",0
11.249764,"/shooter/output",0.1
11.249799,"/shooter/hasBall",true
11.24984,"/shooter/temperature",40
11.250007,"/climber/rightPos",0
11.269282,"/drivetrain/leftPos",0
11.269304,"/drivetrain/leftVelocity",0
11.26932,"/drivetrain/rightPos",0
11.269332,"/drivetrain/rightVelocity",0
11.269368,"/drivetrain/heading",-2.119999885559082
11.269376,"/drivetrain/headingVelocity",0
11.269382,"/drivetrain/xAcceleration",0
11.269387,"/drivetrain/yAcceleration",0.006000000052154064
11.269391,"/drivetrain/leftOutputLog",0
11.269395,"/drivetrain/rightOutputLog",0
11.269872,"/intake/pos",0
11.269876,"/intake/output",0
11.270257,"/shooter/rpm",0
11.270286,"/shooter/output",0.1
11.270332,"/shooter/hasBall",true
11.270797,"/shooter/temperature",40
11.271439,"/climber/rightPos",0
11.289463,"/drivetrain/leftPos",0
11.289494,"/drivetrain/leftVelocity",0
11.28951,"/drivetrain/rightPos",0
11.289523,"/drivetrain/rightVelocity",0
11.289561,"/drivetrain/heading",-2.130000114440918
11.289569,"/drivetrain/headingVelocity",0.0610351525247097
11.289575,"/drivetrain/xAcceleration",0
11.28958,"/drivetrain/yAcceleration",0
11.289584,"/drivetrain/leftOutputLog",0
11.289588,"/drivetrain/rightOutputLog",0
11.289784,"/intake/pos",0
11.289788,"/intake/output",0
11.290028,"/shooter/rpm",0
11.290051,"/shooter/output",0.1
11.290088,"/shooter/hasBall",true
11.290128,"/shooter/temperature",40
11.290352,"/climber/rightPos",0
11.309306,"/drivetrain/leftPos",0
11.309329,"/drivetrain/leftVelocity",0
11.309345,"/drivetrain/rightPos",0
11.309358,"/drivetrain/rightVelocity",0
11.309396,"/drivetrain/heading",-2.130000114440918
11.309404,"/drivetrain/headingVelocity",0.0610351525247097
11.30941,"/drivetrain/xAcceleration",0
11.309415,"/drivetrain/yAcceleration",-0.004999999888241291
11.309419,"/drivetrain/leftOutputLog",0
11.309423,"/drivetrain/rightOutputLog",0
11.309616,"/intake/pos",0
11.309621,"/intake/output",0
11.309797,"/shooter/rpm",0
11.309818,"/shooter/output",0.1
11.30986,"/shooter/hasBall",true
11.309891,"/shooter/temperature",40
11.31018,"/climber/rightPos",0
11.329321,"/drivetrain/leftPos",0
11.329343,"/drivetrain/leftVelocity",0
11.329358,"/drivetrain/rightPos",0
11.32937,"/drivetrain/rightVelocity",0
11.329405,"/drivetrain/heading",-2.130000114440918
11.329413,"/drivetrain/headingVelocity",0
11.329418,"/drivetrain/xAcceleration",0
11.329423,"/drivetrain/yAcceleration",0
11.329428,"/drivetrain/leftOutputLog",0
11.329432,"/drivetrain/rightOutputLog",0
11.329627,"/intake/pos",0
11.329632,"/intake/output",0
11.330039,"/shooter/rpm",0
11.330056,"/shooter/output",0.1
11.330093,"/shooter/hasBall",true
11.330118,"/shooter/temperature",40
11.330658,"/climber/rightPos",0
11.349276,"/drivetrain/leftPos",0
11.349297,"/drivetrain/leftVelocity",0
11.349314,"/drivetrain/rightPos",0
11.349327,"/drivetrain/rightVelocity",0
11.349364,"/drivetrain/heading",-2.130000114440918
11.349373,"/drivetrain/headingVelocity",0
11.349379,"/drivetrain/xAcceleration",0
11.349384,"/drivetrain/yAcceleration",0
11.349389,"/drivetrain/leftOutputLog",0
11.349392,"/drivetrain/rightOutputLog",0
11.349601,"/intake/pos",0
11.349606,"/intake/output",0
11.350147,"/shooter/rpm",0
11.350175,"/shooter/output",0.1
11.350216,"/shooter/hasBall",true
11.350245,"/shooter/temperature",40
11.350779,"/climber/rightPos",0
11.369358,"/drivetrain/leftPos",0
11.369381,"/drivetrain/leftVelocity",0
11.369397,"/drivetrain/rightPos",0
11.36941,"/drivetrain/rightVelocity",0
11.369451,"/drivetrain/heading",-2.130000114440918
11.369459,"/drivetrain/headingVelocity",0
11.369465,"/drivetrain/xAcceleration",0
11.36947,"/drivetrain/yAcceleration",0
11.369475,"/drivetrain/leftOutputLog",0
11.369478,"/drivetrain/rightOutputLog",0
11.369683,"/intake/pos",0
11.369688,"/intake/output",0
11.370178,"/shooter/rpm",0
11.370213,"/shooter/output",0.1
11.370269,"/shooter/hasBall",true
11.370326,"/shooter/temperature",40
11.370892,"/climber/rightPos",0
11.389586,"/drivetrain/leftPos",0
11.389641,"/drivetrain/leftVelocity",0
11.38966,"/drivetrain/rightPos",0
11.389673,"/drivetrain/rightVelocity",0
11.389709,"/drivetrain/heading",-2.130000114440918
11.389718,"/drivetrain/headingVelocity",0.0610351525247097
11.389723,"/drivetrain/xAcceleration",0
11.389728,"/drivetrain/yAcceleration",0
11.389733,"/drivetrain/leftOutputLog",0
11.389737,"/drivetrain/rightOutputLog",0
11.38996,"/intake/pos",0
11.389965,"/intake/output",0
11.390149,"/shooter/rpm",0
11.390172,"/shooter/output",0.1
11.390207,"/shooter/hasBall",true
11.390403,"/shooter/temperature",40
11.390557,"/climber/rightPos",0
11.40934,"/drivetrain/leftPos",0
11.409368,"/drivetrain/leftVelocity",0
11.409385,"/drivetrain/rightPos",0
11.409398,"/drivetrain/rightVelocity",0
11.409435,"/drivetrain/heading",-2.140000104904175
11.409443,"/drivetrain/headingVelocity",0.1831054538488388
11.40945,"/drivetrain/xAcceleration",0
11.409455,"/drivetrain/yAcceleration",0
11.409459,"/drivetrain/leftOutputLog",0
11.409463,"/drivetrain/rightOutputLog",0
11.409684,"/intake/pos",0
11.409689,"/intake/output",0
11.409902,"/shooter/rpm",0
11.409924,"/shooter/output",0.1
11.40996,"/shooter/hasBall",true
11.410004,"/shooter/temperature",40
11.410167,"/climber/rightPos",0
11.42925,"/drivetrain/leftPos",0
11.429272,"/drivetrain/leftVelocity",0
11.429287,"/drivetrain/rightPos",0
11.429301,"/drivetrain/rightVelocity",0
11.429338,"/drivetrain/heading",-2.140000104904175
11.429346,"/drivetrain/headingVelocity",0.1831054538488388
11.429352,"/drivetrain/xAcceleration",0
11.429357,"/drivetrain/yAcceleration",0
11.429361,"/drivetrain/leftOutputLog",0
11.429365,"/drivetrain/rightOutputLog",0
11.429563,"/intake/pos",0
11.429568,"/intake/output",0
11.429744,"/shooter/rpm",0
11.429764,"/shooter/output",0.1
11.429798,"/shooter/hasBall",true
11.429844,"/shooter/temperature",40
11.430003,"/climber/rightPos",0
11.449356,"/drivetrain/leftPos",0
11.449378,"/drivetrain/leftVelocity",0
11.449392,"/drivetrain/rightPos",0
11.449405,"/drivetrain/rightVelocity",0
11.449437,"/drivetrain/heading",-2.1500000953674316
11.449446,"/drivetrain/headingVelocity",0.2441406100988388
11.449452,"/drivetrain/xAcceleration",0
11.449457,"/drivetrain/yAcceleration",0
11.449462,"/drivetrain/leftOutputLog",0
11.449465,"/drivetrain/rightOutputLog",0
11.449661,"/intake/pos",0
11.449666,"/intake/output",0
11.44985,"/shooter/rpm",0
11.449874,"/shooter/output",0.1
11.44991,"/shooter/hasBall",true
11.449952,"/shooter/temperature",40
11.450289,"/climber/rightPos",0
11.469542,"/drivetrain/leftPos",0
11.469565,"/drivetrain/leftVelocity",0
11.469581,"/drivetrain/rightPos",0
11.469593,"/drivetrain/rightVelocity",0
11.469627,"/drivetrain/heading",-2.1600000858306885
11.469636,"/drivetrain/headingVelocity",0.2441406100988388
11.469641,"/drivetrain/xAcceleration",0
11.469694,"/drivetrain/yAcceleration",0
11.4697,"/drivetrain/leftOutputLog",0
11.469704,"/drivetrain/rightOutputLog",0
11.469944,"/intake/pos",0
11.46995,"/intake/output",0
11.470226,"/shooter/rpm",0
11.470255,"/shooter/output",0.1
11.470294,"/shooter/hasBall",true
11.470332,"/shooter/temperature",40
11.472038,"/climber/rightPos",0
11.489488,"/drivetrain/leftPos",0
11.48951,"/drivetrain/leftVelocity",0
11.489525,"/drivetrain/rightPos",0
11.489537,"/drivetrain/rightVelocity",0
11.489627,"/drivetrain/heading",-2.1600000858306885
11.489635,"/drivetrain/headingVelocity",0.1220703050494194
11.489641,"/drivetrain/xAcceleration",0
11.489646,"/drivetrain/yAcceleration",0
11.489651,"/drivetrain/leftOutputLog",0
11.489655,"/drivetrain/rightOutputLog",0
11.48986,"/intake/pos",0
11.489865,"/intake/output",0
11.490091,"/shooter/rpm",0
11.490356,"/shooter/output",0.1
11.49061,"/shooter/hasBall",true
11.490673,"/shooter/temperature",40
11.491014,"/climber/rightPos",0
11.509448,"/drivetrain/leftPos",0
11.50947,"/drivetrain/leftVelocity",0
11.509486,"/drivetrain/rightPos",0
11.50951,"/drivetrain/rightVelocity",0
11.509545,"/drivetrain/heading",-2.1600000858306885
11.509554,"/drivetrain/headingVelocity",-0.0610351525247097
11.509559,"/drivetrain/xAcceleration",0
11.509564,"/drivetrain/yAcceleration",0
11.509569,"/drivetrain/leftOutputLog",0
11.509573,"/drivetrain/rightOutputLog",0
11.509777,"/intake/pos",0
11.509782,"/intake/output",0
11.510008,"/shooter/rpm",0
11.510032,"/shooter/output",0.1
11.510067,"/shooter/hasBall",true
11.510109,"/shooter/temperature",40
11.510295,"/climber/rightPos",0
11.529241,"/drivetrain/leftPos",0
11.529263,"/drivetrain/leftVelocity",0
11.529278,"/drivetrain/rightPos",0
11.529291,"/drivetrain/rightVelocity",0
11.529324,"/drivetrain/heading",-2.1500000953674316
11.529333,"/drivetrain/headingVelocity",-0.3662109076976776
11.529339,"/drivetrain/xAcceleration",0
11.529344,"/drivetrain/yAcceleration",0.004000000189989805
11.529349,"/drivetrain/leftOutputLog",0
11.529353,"/drivetrain/rightOutputLog",0
11.52984,"/intake/pos",0
11.529845,"/intake/output",0
11.530149,"/shooter/rpm",0
11.530176,"/shooter/output",0.1
11.530317,"/shooter/hasBall",true
11.530371,"/shooter/temperature",40
11.530621,"/climber/rightPos",0
11.54961,"/drivetrain/leftPos",0
11.54967,"/drivetrain/leftVelocity",0
11.549687,"/drivetrain/rightPos",0
11.549841,"/drivetrain/rightVelocity",0
11.549893,"/drivetrain/heading",-2.140000104904175
11.549902,"/drivetrain/headingVelocity",-0.2441406100988388
11.549908,"/drivetrain/xAcceleration",0
11.549913,"/drivetrain/yAcceleration",0
11.549918,"/drivetrain/leftOutputLog",0
11.549922,"/drivetrain/rightOutputLog",0
11.55057,"/intake/pos",0
11.550575,"/intake/output",0
11.551053,"/shooter/rpm",0
11.55149,"/shooter/output",0.1
11.551541,"/shooter/hasBall",true
11.551578,"/shooter/temperature",40
11.551834,"/climber/rightPos",0
11.569281,"/drivetrain/leftPos",0
11.569304,"/drivetrain/leftVelocity",0
11.569319,"/drivetrain/rightPos",0
11.569332,"/drivetrain/rightVelocity",0
11.569367,"/drivetrain/heading",-2.140000104904175
11.569375,"/drivetrain/headingVelocity",-0.30517578125
11.569381,"/drivetrain/xAcceleration",0
11.569386,"/drivetrain/yAcceleration",0
11.569391,"/drivetrain/leftOutputLog",0
11.569395,"/drivetrain/rightOutputLog",0
11.569587,"/intake/pos",0
11.569592,"/intake/output",0
11.570624,"/shooter/rpm",0
11.570656,"/shooter/output",0.1
11.57071,"/shooter/hasBall",true
11.570738,"/shooter/temperature",40
11.571365,"/climber/rightPos",0
11.589396,"/drivetrain/leftPos",0
11.589418,"/drivetrain/leftVelocity",0
11.589433,"/drivetrain/rightPos",0
11.589445,"/drivetrain/rightVelocity",0
11.589482,"/drivetrain/heading",-2.130000114440918
11.58949,"/drivetrain/headingVelocity",0
11.589496,"/drivetrain/xAcceleration",-0.003000000026077032
11.589501,"/drivetrain/yAcceleration",0
11.589505,"/drivetrain/leftOutputLog",0
11.589509,"/drivetrain/rightOutputLog",0
11.589705,"/intake/pos",0
11.58971,"/intake/output",0
11.589927,"/shooter/rpm",0
11.589949,"/shooter/output",0.1
11.589984,"/shooter/hasBall",true
11.590198,"/shooter/temperature",40
11.590483,"/climber/rightPos",0
11.609351,"/drivetrain/leftPos",0
11.609373,"/drivetrain/leftVelocity",0
11.609388,"/drivetrain/rightPos",0
11.609401,"/drivetrain/rightVelocity",0
11.609439,"/drivetrain/heading",-2.130000114440918
11.609448,"/drivetrain/headingVelocity",0
11.609454,"/drivetrain/xAcceleration",-0.003000000026077032
11.609459,"/drivetrain/yAcceleration",-0.004000000189989805
11.609464,"/drivetrain/leftOutputLog",0
11.609468,"/drivetrain/rightOutputLog",0
11.609662,"/intake/pos",0
11.609666,"/intake/output",0
11.609879,"/shooter/rpm",0
11.609944,"/shooter/output",0.1
11.609982,"/shooter/hasBall",true
11.610025,"/shooter/temperature",40
11.61021,"/climber/rightPos",0
11.629386,"/drivetrain/leftPos",0
11.629406,"/drivetrain/leftVelocity",0
11.62942,"/drivetrain/rightPos",0
11.629433,"/drivetrain/rightVelocity",0
11.629522,"/drivetrain/heading",-2.140000104904175
11.629532,"/drivetrain/headingVelocity",0
11.629538,"/drivetrain/xAcceleration",0
11.629543,"/drivetrain/yAcceleration",0
11.629548,"/drivetrain/leftOutputLog",0
11.629552,"/drivetrain/rightOutputLog",0
11.629736,"/intake/pos",0
11.629741,"/intake/output",0
11.629962,"/shooter/rpm",0
11.629985,"/shooter/output",0.1
11.63002,"/shooter/hasBall",true
11.630062,"/shooter/temperature",40
11.630231,"/climber/rightPos",0
11.649318,"/drivetrain/leftPos",0
11.649433,"/drivetrain/leftVelocity",0
11.649465,"/drivetrain/rightPos",0
11.649482,"/drivetrain/rightVelocity",0
11.649942,"/drivetrain/heading",-2.140000104904175
11.649954,"/drivetrain/headingVelocity",0.0610351525247097
11.64996,"/drivetrain/xAcceleration",0.003000000026077032
11.649978,"/drivetrain/yAcceleration",0
11.649985,"/drivetrain/leftOutputLog",0
11.64999,"/drivetrain/rightOutputLog",0
11.651024,"/intake/pos",0
11.65103,"/intake/output",0
11.651281,"/shooter/rpm",0
11.651305,"/shooter/output",0.1
11.651342,"/shooter/hasBall",true
11.651392,"/shooter/temperature",40
11.651622,"/climber/rightPos",0
11.669381,"/drivetrain/leftPos",0
11.669405,"/drivetrain/leftVelocity",0
11.669422,"/drivetrain/rightPos",0
11.669435,"/drivetrain/rightVelocity",0
11.669474,"/drivetrain/heading",-2.140000104904175
11.669482,"/drivetrain/headingVelocity",0.0610351525247097
11.669488,"/drivetrain/xAcceleration",0
11.669493,"/drivetrain/yAcceleration",0
11.669498,"/drivetrain/leftOutputLog",0
11.669502,"/drivetrain/rightOutputLog",0
11.670132,"/intake/pos",0
11.670137,"/intake/output",0
11.670392,"/shooter/rpm",0
11.670422,"/shooter/output",0.1
11.671018,"/shooter/hasBall",true
11.671082,"/shooter/temperature",40
11.6713,"/climber/rightPos",0
11.689561,"/drivetrain/leftPos",0
11.689584,"/drivetrain/leftVelocity",0
11.689599,"/drivetrain/rightPos",0
11.689612,"/drivetrain/rightVelocity",0
11.689656,"/drivetrain/heading",-2.140000104904175
11.689666,"/drivetrain/headingVelocity",0
11.689672,"/drivetrain/xAcceleration",0
11.689678,"/drivetrain/yAcceleration",0
11.689683,"/drivetrain/leftOutputLog",0
11.689687,"/drivetrain/rightOutputLog",0
11.690299,"/intake/pos",0
11.690305,"/intake/output",0
11.691213,"/shooter/rpm",0
11.691233,"/shooter/output",0.1
11.691275,"/shooter/hasBall",true
11.691321,"/shooter/temperature",40
11.691488,"/climber/rightPos",0
11.709276,"/drivetrain/leftPos",0
11.709298,"/drivetrain/leftVelocity",0
11.709314,"/drivetrain/rightPos",0
11.709326,"/drivetrain/rightVelocity",0
11.709363,"/drivetrain/heading",-2.140000104904175
11.709371,"/drivetrain/headingVelocity",-0.0610351525247097
11.709377,"/drivetrain/xAcceleration",0
11.709382,"/drivetrain/yAcceleration",0
11.709387,"/drivetrain/leftOutputLog",0
11.70939,"/drivetrain/rightOutputLog",0
11.709578,"/intake/pos",0
11.709583,"/intake/output",0
11.709788,"/shooter/rpm",0
11.709851,"/shooter/output",0.1
11.709889,"/shooter/hasBall",true
11.70993,"/shooter/temperature",40
11.710082,"/climber/rightPos",0
11.729293,"/drivetrain/leftPos",0
11.729316,"/drivetrain/leftVelocity",0
11.729333,"/drivetrain/rightPos",0
11.729346,"/drivetrain/rightVelocity",0
11.729386,"/drivetrain/heading",-2.140000104904175
11.729395,"/drivetrain/headingVelocity",-0.0610351525247097
11.729401,"/drivetrain/xAcceleration",0
11.729406,"/drivetrain/yAcceleration",0
11.72941,"/drivetrain/leftOutputLog",0
11.729414,"/drivetrain/rightOutputLog",0
11.730194,"/intake/pos",0
11.730201,"/intake/output",0
11.730961,"/shooter/rpm",0
11.730978,"/shooter/output",0.1
11.731023,"/shooter/hasBall",true
11.731069,"/shooter/temperature",40
11.73138,"/climber/rightPos",0
11.749521,"/drivetrain/leftPos",0
11.749545,"/drivetrain/leftVelocity",0
11.749562,"/drivetrain/rightPos",0
11.749575,"/drivetrain/rightVelocity",0
11.750352,"/drivetrain/heading",-2.140000104904175
11.750369,"/drivetrain/headingVelocity",0
11.750376,"/drivetrain/xAcceleration",0
11.750381,"/drivetrain/yAcceleration",0
11.750386,"/drivetrain/leftOutputLog",0
11.75039,"/drivetrain/rightOutputLog",0
11.751395,"/intake/pos",0
11.7514,"/intake/output",0
11.751651,"/shooter/rpm",0
11.751674,"/shooter/output",0.1
11.751714,"/shooter/hasBall",true
11.751754,"/shooter/temperature",40
11.751906,"/climber/rightPos",0
11.769282,"/drivetrain/leftPos",0
11.769304,"/drivetrain/leftVelocity",0
11.769319,"/drivetrain/rightPos",0
11.769332,"/drivetrain/rightVelocity",0
11.769501,"/drivetrain/heading",-2.140000104904175
11.769512,"/drivetrain/headingVelocity",0.1220703050494194
11.769519,"/drivetrain/xAcceleration",0
11.769524,"/drivetrain/yAcceleration",0
11.76953,"/drivetrain/leftOutputLog",0
11.769534,"/drivetrain/rightOutputLog",0
11.770177,"/intake/pos",0
11.770183,"/intake/output",0
11.771105,"/shooter/rpm",0
11.771125,"/shooter/output",0.1
11.771179,"/shooter/hasBall",true
11.771211,"/shooter/temperature",40
11.771461,"/climber/rightPos",0
11.789317,"/drivetrain/leftPos",0
11.789339,"/drivetrain/leftVelocity",0
11.789355,"/drivetrain/rightPos",0
11.789368,"/drivetrain/rightVelocity",0
11.789407,"/drivetrain/heading",-2.140000104904175
11.789415,"/drivetrain/headingVelocity",0.1220703050494194
11.789421,"/drivetrain/xAcceleration",0
11.789426,"/drivetrain/yAcceleration",0
11.78943,"/drivetrain/leftOutputLog",0
11.789434,"/drivetrain/rightOutputLog",0
11.789615,"/intake/pos",0
11.78962,"/intake/output",0
11.789896,"/shooter/rpm",0
11.789926,"/shooter/output",0.1
11.789972,"/shooter/hasBall",true
11.790056,"/shooter/temperature",40
11.79036,"/climber/rightPos",0
11.809587,"/drivetrain/leftPos",0
11.809609,"/drivetrain/leftVelocity",0
11.809625,"/drivetrain/rightPos",0
11.809638,"/drivetrain/rightVelocity",0
11.809678,"/drivetrain/heading",-2.140000104904175
11.809686,"/drivetrain/headingVelocity",0
11.809692,"/drivetrain/xAcceleration",0
11.809696,"/drivetrain/yAcceleration",0
11.809701,"/drivetrain/leftOutputLog",0
11.809705,"/drivetrain/rightOutputLog",0
11.8099,"/intake/pos",0
11.809905,"/intake/output",0
11.810094,"/shooter/rpm",0
11.810345,"/shooter/output",0.1
11.810407,"/shooter/hasBall",true
11.81044,"/shooter/temperature",40
11.811045,"/climber/rightPos",0
11.829264,"/drivetrain/leftPos",0
11.829286,"/drivetrain/leftVelocity",0
11.829301,"/drivetrain/rightPos",0
11.829314,"/drivetrain/rightVelocity",0
11.829352,"/drivetrain/heading",-2.140000104904175
11.82936,"/drivetrain/headingVelocity",-0.1220703050494194
11.829365,"/drivetrain/xAcceleration",0
11.829371,"/drivetrain/yAcceleration",0
11.829375,"/drivetrain/leftOutputLog",0
11.829379,"/drivetrain/rightOutputLog",0
11.82956,"/intake/pos",0
11.829565,"/intake/output",0
11.829932,"/shooter/rpm",0
11.829962,"/shooter/output",0.1
11.830011,"/shooter/hasBall",true
11.830065,"/shooter/temperature",40
11.830669,"/climber/rightPos",0
11.849312,"/drivetrain/leftPos",0
11.849334,"/drivetrain/leftVelocity",0
11.84935,"/drivetrain/rightPos",0
11.849363,"/drivetrain/rightVelocity",0
11.849402,"/drivetrain/heading",-2.140000104904175
11.849534,"/drivetrain/headingVelocity",-0.1831054538488388
11.849543,"/drivetrain/xAcceleration",0
11.849548,"/drivetrain/yAcceleration",0
11.849554,"/drivetrain/leftOutputLog",0
11.849558,"/drivetrain/rightOutputLog",0
11.850044,"/intake/pos",0
11.85005,"/intake/output",0
11.850564,"/shooter/rpm",0
11.850594,"/shooter/output",0.1
11.850641,"/shooter/hasBall",true
11.85069,"/shooter/temperature",40
11.851186,"/climber/rightPos",0
11.869264,"/drivetrain/leftPos",0
11.869286,"/drivetrain/leftVelocity",0
11.869301,"/drivetrain/rightPos",0
11.869313,"/drivetrain/rightVelocity",0
11.86935,"/drivetrain/heading",-2.130000114440918
11.869359,"/drivetrain/headingVelocity",-0.1220703050494194
11.869364,"/drivetrain/xAcceleration",0
11.869369,"/drivetrain/yAcceleration",0
11.869374,"/drivetrain/leftOutputLog",0
11.869378,"/drivetrain/rightOutputLog",0
11.869679,"/intake/pos",0
11.869684,"/intake/output",0
11.870306,"/shooter/rpm",0
11.870326,"/shooter/output",0.1
11.87037,"/shooter/hasBall",true
11.870422,"/shooter/temperature",40
11.871097,"/climber/rightPos",0
11.889528,"/drivetrain/leftPos",0
11.88955,"/drivetrain/leftVelocity",0
11.889566,"/drivetrain/rightPos",0
11.889579,"/drivetrain/rightVelocity",0
11.889619,"/drivetrain/heading",-2.130000114440918
11.889627,"/drivetrain/headingVelocity",0
11.889634,"/drivetrain/xAcceleration",0
11.889639,"/drivetrain/yAcceleration",-0.003000000026077032
11.889644,"/drivetrain/leftOutputLog",0
11.889648,"/drivetrain/rightOutputLog",0
11.890165,"/intake/pos",0
11.89017,"/intake/output",0
11.890798,"/shooter/rpm",0
11.89131,"/shooter/output",0.1
11.891365,"/shooter/hasBall",true
11.891422,"/shooter/temperature",40
11.891707,"/climber/rightPos",0
11.909638,"/drivetrain/leftPos",0
11.909661,"/drivetrain/leftVelocity",0
11.909733,"/drivetrain/rightPos",0
11.909751,"/drivetrain/rightVelocity",0
11.909794,"/drivetrain/heading",-2.130000114440918
11.909803,"/drivetrain/headingVelocity",0.0610351525247097
11.909809,"/drivetrain/xAcceleration",0
11.909814,"/drivetrain/yAcceleration",-0.004999999888241291
11.909819,"/drivetrain/leftOutputLog",0
11.909823,"/drivetrain/rightOutputLog",0
11.910033,"/intake/pos",0
11.910038,"/intake/output",0
11.910293,"/shooter/rpm",0
11.910316,"/shooter/output",0.1
11.910352,"/shooter/hasBall",true
11.910398,"/shooter/temperature",40
11.910542,"/climber/rightPos",0
11.929259,"/drivetrain/leftPos",0
11.929282,"/drivetrain/leftVelocity",0
11.929298,"/drivetrain/rightPos",0
11.92931,"/drivetrain/rightVelocity",0
11.929396,"/drivetrain/heading",-2.130000114440918
11.929406,"/drivetrain/headingVelocity",0.0610351525247097
11.929412,"/drivetrain/xAcceleration",0
11.929417,"/drivetrain/yAcceleration",0
11.929422,"/drivetrain/leftOutputLog",0
11.929426,"/drivetrain/rightOutputLog",0
11.930582,"/intake/pos",0
11.930588,"/intake/output",0
11.931323,"/shooter/rpm",0
11.931431,"/shooter/output",0.1
11.931721,"/shooter/hasBall",true
11.931779,"/shooter/temperature",40
11.932092,"/climber/rightPos",0
11.949287,"/drivetrain/leftPos",0
11.949308,"/drivetrain/leftVelocity",0
11.949323,"/drivetrain/rightPos",0
11.949335,"/drivetrain/rightVelocity",0
11.949435,"/drivetrain/heading",-2.140000104904175
11.949446,"/drivetrain/headingVelocity",0.0610351525247097
11.949452,"/drivetrain/xAcceleration",0
11.949457,"/drivetrain/yAcceleration",0
11.949567,"/drivetrain/leftOutputLog",0
11.949577,"/drivetrain/rightOutputLog",0
11.950022,"/intake/pos",0
11.950028,"/intake/output",0
11.950328,"/shooter/rpm",0
11.951022,"/shooter/output",0.1
11.9511,"/shooter/hasBall",true
11.95114,"/shooter/temperature",40
11.951335,"/climber/rightPos",0
11.969318,"/drivetrain/leftPos",0
11.96934,"/drivetrain/leftVelocity",0
11.969356,"/drivetrain/rightPos",0
11.969368,"/drivetrain/rightVelocity",0
11.969406,"/drivetrain/heading",-2.140000104904175
11.969414,"/drivetrain/headingVelocity",0.0610351525247097
11.96942,"/drivetrain/xAcceleration",0
11.969425,"/drivetrain/yAcceleration",0
11.969429,"/drivetrain/leftOutputLog",0
11.969433,"/drivetrain/rightOutputLog",0
11.969623,"/intake/pos",0
11.969628,"/intake/output",0
11.969884,"/shooter/rpm",0
11.96991,"/shooter/output",0.1
11.969948,"/shooter/hasBall",true
11.969974,"/shooter/temperature",40
11.970198,"/climber/rightPos",0
11.98929,"/drivetrain/leftPos",0
11.989314,"/drivetrain/leftVelocity",0
11.989329,"/drivetrain/rightPos",0
11.989342,"/drivetrain/rightVelocity",0
11.989386,"/drivetrain/heading",-2.140000104904175
11.989395,"/drivetrain/headingVelocity",0.1220703050494194
11.989401,"/drivetrain/xAcceleration",0
11.989407,"/drivetrain/yAcceleration",0
11.989411,"/drivetrain/leftOutputLog",0
11.989415,"/drivetrain/rightOutputLog",0
11.990993,"/intake/pos",0
11.991,"/intake/output",0
11.991248,"/shooter/rpm",0
11.991276,"/shooter/output",0.1
11.991487,"/shooter/hasBall",true
11.991542,"/shooter/temperature",40
11.991904,"/climber/rightPos",0
12.009269,"/drivetrain/leftPos",0
12.009292,"/drivetrain/leftVelocity",0
12.009307,"/drivetrain/rightPos",0
12.009319,"/drivetrain/rightVelocity",0
12.009416,"/drivetrain/heading",-2.1500000953674316
12.009465,"/drivetrain/headingVelocity",0.0610351525247097
12.009473,"/drivetrain/xAcceleration",0
12.009478,"/drivetrain/yAcceleration",0
12.009483,"/drivetrain/leftOutputLog",0
12.009487,"/drivetrain/rightOutputLog",0
12.009777,"/intake/pos",0
12.009782,"/intake/output",0
12.010002,"/shooter/rpm",0
12.010026,"/shooter/output",0.1
12.010117,"/shooter/hasBall",true
12.010143,"/shooter/temperature",40
12.010318,"/climber/rightPos",0
12.029339,"/drivetrain/leftPos",0
12.029361,"/drivetrain/leftVelocity",0
12.029377,"/drivetrain/rightPos",0
12.029389,"/drivetrain/rightVelocity",0
12.029428,"/drivetrain/heading",-2.1500000953674316
12.029437,"/drivetrain/headingVelocity",0.1220703050494194
12.029443,"/drivetrain/xAcceleration",0
12.029448,"/drivetrain/yAcceleration",0
12.029452,"/drivetrain/leftOutputLog",0
12.029456,"/drivetrain/rightOutputLog",0
12.029748,"/intake/pos",0
12.029753,"/intake/output",0
12.03009,"/shooter/rpm",0
12.030117,"/shooter/output",0.1
12.030155,"/shooter/hasBall",true
12.03024,"/shooter/temperature",40
12.030391,"/climber/rightPos",0
12.049286,"/drivetrain/leftPos",0
12.049308,"/drivetrain/leftVelocity",0
12.049323,"/drivetrain/rightPos",0
12.049336,"/drivetrain/rightVelocity",0
12.049375,"/drivetrain/heading",-2.1500000953674316
12.049384,"/drivetrain/headingVelocity",0.0610351525247097
12.04939,"/drivetrain/xAcceleration",0
12.049395,"/drivetrain/yAcceleration",-0.004000000189989805
12.0494,"/drivetrain/leftOutputLog",0
12.049403,"/drivetrain/rightOutputLog",0
12.049585,"/intake/pos",0
12.04959,"/intake/output",0
12.0498,"/shooter/rpm",0
12.049822,"/shooter/output",0.1
12.050074,"/shooter/hasBall",true
12.050121,"/shooter/temperature",40
12.050668,"/climber/rightPos",0
12.06945,"/drivetrain/leftPos",0
12.069471,"/drivetrain/leftVelocity",0
12.069486,"/drivetrain/rightPos",0
12.069498,"/drivetrain/rightVelocity",0
12.069533,"/drivetrain/heading",-2.1600000858306885
12.069541,"/drivetrain/headingVelocity",0.2441406100988388
12.069546,"/drivetrain/xAcceleration",0
12.069552,"/drivetrain/yAcceleration",-0.004999999888241291
12.069556,"/drivetrain/leftOutputLog",0
12.06956,"/drivetrain/rightOutputLog",0
12.069762,"/intake/pos",0
12.069811,"/intake/output",0
12.069989,"/shooter/rpm",0
12.070011,"/shooter/output",0.1
12.070044,"/shooter/hasBall",true
12.070071,"/shooter/temperature",40
12.070318,"/climber/rightPos",0
12.089314,"/drivetrain/leftPos",0
12.089336,"/drivetrain/leftVelocity",0
12.089352,"/drivetrain/rightPos",0
12.089365,"/drivetrain/rightVelocity",0
12.089403,"/drivetrain/heading",-2.1600000858306885
12.089411,"/drivetrain/headingVelocity",0.3662109076976776
12.089416,"/drivetrain/xAcceleration",0
12.089421,"/drivetrain/yAcceleration",-0.004000000189989805
12.089426,"/drivetrain/leftOutputLog",0
12.089429,"/drivetrain/rightOutputLog",0
12.089615,"/intake/pos",0
12.08962,"/intake/output",0
12.089996,"/shooter/rpm",0
12.090027,"/shooter/output",0.1
12.090073,"/shooter/hasBall",true
12.090123,"/shooter/temperature",40
12.09074,"/climber/rightPos",0
12.109438,"/drivetrain/leftPos",0
12.10947,"/drivetrain/leftVelocity",0
12.109486,"/drivetrain/rightPos",0
12.109499,"/drivetrain/rightVelocity",0
12.10954,"/drivetrain/heading",-2.1700000762939453
12.109548,"/drivetrain/headingVelocity",0.3662109076976776
12.109554,"/drivetrain/xAcceleration",0
12.109559,"/drivetrain/yAcceleration",-0.003000000026077032
12.109564,"/drivetrain/leftOutputLog",0
12.109567,"/drivetrain/rightOutputLog",0
12.109757,"/intake/pos",0
12.109761,"/intake/output",0
12.110075,"/shooter/rpm",0
12.110099,"/shooter/output",0.1
12.110139,"/shooter/hasBall",true
12.110222,"/shooter/temperature",40
12.110441,"/climber/rightPos",0
12.129451,"/drivetrain/leftPos",0
12.129476,"/drivetrain/leftVelocity",0
12.129493,"/drivetrain/rightPos",0
12.129506,"/drivetrain/rightVelocity",0
12.129545,"/drivetrain/heading",-2.180000066757202
12.129553,"/drivetrain/headingVelocity",0.30517578125
12.129559,"/drivetrain/xAcceleration",0
12.129564,"/drivetrain/yAcceleration",0.004999999888241291
12.129569,"/drivetrain/leftOutputLog",0
12.129573,"/drivetrain/rightOutputLog",0
12.129767,"/intake/pos",0
12.129772,"/intake/output",0
12.130034,"/shooter/rpm",0
12.130056,"/shooter/output",0.1
12.130095,"/shooter/hasBall",true
12.130142,"/shooter/temperature",40
12.130296,"/climber/rightPos",0
12.149404,"/drivetrain/leftPos",0
12.149425,"/drivetrain/leftVelocity",0
12.14944,"/drivetrain/rightPos",0
12.149454,"/drivetrain/rightVelocity",0
12.149491,"/drivetrain/heading",-2.190000057220459
12.1495,"/drivetrain/headingVelocity",0.30517578125
12.149506,"/drivetrain/xAcceleration",0.004000000189989805
12.149511,"/drivetrain/yAcceleration",0.00800000037997961
12.149516,"/drivetrain/leftOutputLog",0
12.14952,"/drivetrain/rightOutputLog",0
12.149706,"/intake/pos",0
12.149711,"/intake/output",0
12.15024,"/shooter/rpm",0
12.150942,"/shooter/output",0.1
12.151004,"/shooter/hasBall",true
12.151061,"/shooter/temperature",40
12.151278,"/climber/rightPos",0
12.169329,"/drivetrain/leftPos",0
12.169352,"/drivetrain/leftVelocity",0
12.169368,"/drivetrain/rightPos",0
12.169381,"/drivetrain/rightVelocity",0
12.169422,"/drivetrain/heading",-2.190000057220459
12.169431,"/drivetrain/headingVelocity",0.1831054538488388
12.169436,"/drivetrain/xAcceleration",0
12.169442,"/drivetrain/yAcceleration",0.00800000037997961
12.169446,"/drivetrain/leftOutputLog",0
12.16945,"/drivetrain/rightOutputLog",0
12.169718,"/intake/pos",0
12.169723,"/intake/output",0
12.169972,"/shooter/rpm",0
12.169992,"/shooter/output",0.1
12.170032,"/shooter/hasBall",true
12.170083,"/shooter/temperature",40
12.17057,"/climber/rightPos",0
12.189271,"/drivetrain/leftPos",0
12.189294,"/drivetrain/leftVelocity",0
12.18931,"/drivetrain/rightPos",0
12.189322,"/drivetrain/rightVelocity",0
12.18936,"/drivetrain/heading",-2.200000047683716
12.189368,"/drivetrain/headingVelocity",0.0610351525247097
12.189374,"/drivetrain/xAcceleration",0
12.189379,"/drivetrain/yAcceleration",0
12.189383,"/drivetrain/leftOutputLog",0
12.189387,"/drivetrain/rightOutputLog",0
12.189584,"/intake/pos",0
12.189589,"/intake/output",0
12.189766,"/shooter/rpm",0
12.189787,"/shooter/output",0.1
12.189822,"/shooter/hasBall",true
12.189862,"/shooter/temperature",40
12.190022,"/climber/rightPos",0
12.209343,"/drivetrain/leftPos",0
12.209366,"/drivetrain/leftVelocity",0
12.209382,"/drivetrain/rightPos",0
12.209395,"/drivetrain/rightVelocity",0
12.209433,"/drivetrain/heading",-2.200000047683716
12.209442,"/drivetrain/headingVelocity",0.1220703050494194
12.209447,"/drivetrain/xAcceleration",0
12.209452,"/drivetrain/yAcceleration",0
12.209456,"/drivetrain/leftOutputLog",0
12.20946,"/drivetrain/rightOutputLog",0
12.209657,"/intake/pos",0
12.209662,"/intake/output",0
12.209845,"/shooter/rpm",0
12.209866,"/shooter/output",0.1
12.209902,"/shooter/hasBall",true
12.20994,"/shooter/temperature",40
12.210102,"/climber/rightPos",0
12.229296,"/drivetrain/leftPos",0
12.229317,"/drivetrain/leftVelocity",0
12.229332,"/drivetrain/rightPos",0
12.229344,"/drivetrain/rightVelocity",0
12.229384,"/drivetrain/heading",-2.200000047683716
12.229392,"/drivetrain/headingVelocity",0.1220703050494194
12.229398,"/drivetrain/xAcceleration",0
12.229403,"/drivetrain/yAcceleration",0
12.229531,"/drivetrain/leftOutputLog",0
12.229541,"/drivetrain/rightOutputLog",0
12.230117,"/intake/pos",0
12.230122,"/intake/output",0
12.230406,"/shooter/rpm",0
12.230436,"/shooter/output",0.1
12.230478,"/shooter/hasBall",true
12.230521,"/shooter/temperature",40
12.231074,"/climber/rightPos",0
12.249278,"/drivetrain/leftPos",0
12.2493,"/drivetrain/leftVelocity",0
12.249317,"/drivetrain/rightPos",0
12.24933,"/drivetrain/rightVelocity",0
12.249365,"/drivetrain/heading",-2.2100000381469727
12.249373,"/drivetrain/headingVelocity",0.1220703050494194
12.24938,"/drivetrain/xAcceleration",0
12.249385,"/drivetrain/yAcceleration",0
12.24939,"/drivetrain/leftOutputLog",0
12.249393,"/drivetrain/rightOutputLog",0
12.249597,"/intake/pos",0
12.249716,"/intake/output",0
12.250285,"/shooter/rpm",0
12.250315,"/shooter/output",0.1
12.250358,"/shooter/hasBall",true
12.250403,"/shooter/temperature",40
12.250623,"/climber/rightPos",0
12.269309,"/drivetrain/leftPos",0
12.269331,"/drivetrain/leftVelocity",0
12.269347,"/drivetrain/rightPos",0
12.269359,"/drivetrain/rightVelocity",0
12.269399,"/drivetrain/heading",-2.2100000381469727
12.269407,"/drivetrain/headingVelocity",0.1831054538488388
12.269413,"/drivetrain/xAcceleration",0
12.269418,"/drivetrain/yAcceleration",0
12.269423,"/drivetrain/leftOutputLog",0
12.269426,"/drivetrain/rightOutputLog",0
12.269625,"/intake/pos",0
12.26963,"/intake/output",0
12.27118,"/shooter/rpm",0
12.27122,"/shooter/output",0.1
12.271288,"/shooter/hasBall",true
12.271326,"/shooter/temperature",40
12.27178,"/climber/rightPos",0
12.289378,"/drivetrain/leftPos",0
12.289402,"/drivetrain/leftVelocity",0
12.289418,"/drivetrain/rightPos",0
12.289432,"/drivetrain/rightVelocity",0
12.289474,"/drivetrain/heading",-2.2200000286102295
12.289483,"/drivetrain/headingVelocity",0.1220703050494194
12.289489,"/drivetrain/xAcceleration",0
12.289494,"/drivetrain/yAcceleration",0.003000000026077032
12.289499,"/drivetrain/leftOutputLog",0
12.289529,"/drivetrain/rightOutputLog",0
12.28976,"/intake/pos",0
12.290084,"/intake/output",0
12.291043,"/shooter/rpm",0
12.291067,"/shooter/output",0.1
12.291132,"/shooter/hasBall",true
12.291163,"/shooter/temperature",40
12.291376,"/climber/rightPos",0
12.309368,"/drivetrain/leftPos",0
12.30939,"/drivetrain/leftVelocity",0
12.309404,"/drivetrain/rightPos",0
12.309417,"/drivetrain/rightVelocity",0
12.309452,"/drivetrain/heading",-2.2100000381469727
12.30946,"/drivetrain/headingVelocity",-0.0610351525247097
12.309466,"/drivetrain/xAcceleration",0
12.309471,"/drivetrain/yAcceleration",0
12.309476,"/drivetrain/leftOutputLog",0
12.30948,"/drivetrain/rightOutputLog",0
12.309672,"/intake/pos",0
12.309677,"/intake/output",0
12.30985,"/shooter/rpm",0
12.309872,"/shooter/output",0.1
12.309904,"/shooter/hasBall",true
12.30993,"/shooter/temperature",40
12.310088,"/climber/rightPos",0
12.329373,"/drivetrain/leftPos",0
12.329399,"/drivetrain/leftVelocity",0
12.329415,"/drivetrain/rightPos",0
12.329429,"/drivetrain/rightVelocity",0
12.329472,"/drivetrain/heading",-2.2100000381469727
12.329481,"/drivetrain/headingVelocity",-0.0610351525247097
12.329488,"/drivetrain/xAcceleration",0
12.329493,"/drivetrain/yAcceleration",0
12.329499,"/drivetrain/leftOutputLog",0
12.329502,"/drivetrain/rightOutputLog",0
12.329864,"/intake/pos",0
12.329869,"/intake/output",0
12.330887,"/shooter/rpm",0
12.330906,"/shooter/output",0.1
12.330947,"/shooter/hasBall",true
12.330995,"/shooter/temperature",40
12.331184,"/climber/rightPos",0
12.349463,"/drivetrain/leftPos",0
12.349487,"/drivetrain/leftVelocity",0
12.349504,"/drivetrain/rightPos",0
12.349517,"/drivetrain/rightVelocity",0
12.349553,"/drivetrain/heading",-2.2100000381469727
12.349562,"/drivetrain/headingVelocity",-0.0610351525247097
12.349568,"/drivetrain/xAcceleration",-0.00800000037997961
12.349573,"/drivetrain/yAcceleration",0.02199999988079071
12.349578,"/drivetrain/leftOutputLog",0
12.349581,"/drivetrain/rightOutputLog",0
12.349779,"/intake/pos",0
12.349784,"/intake/output",0
12.350676,"/shooter/rpm",0
12.350707,"/shooter/output",0.1
12.35075,"/shooter/hasBall",true
12.35081,"/shooter/temperature",40
12.35109,"/climber/rightPos",0
12.369296,"/drivetrain/leftPos",0
12.369319,"/drivetrain/leftVelocity",0
12.369334,"/drivetrain/rightPos",0
12.369347,"/drivetrain/rightVelocity",0
12.369384,"/drivetrain/heading",-2.200000047683716
12.369392,"/drivetrain/headingVelocity",-0.1831054538488388
12.369398,"/drivetrain/xAcceleration",-0.00800000037997961
12.369403,"/drivetrain/yAcceleration",0
12.369408,"/drivetrain/leftOutputLog",0
12.369411,"/drivetrain/rightOutputLog",0
12.369604,"/intake/pos",0
12.369609,"/intake/output",0
12.369786,"/shooter/rpm",0
12.369807,"/shooter/output",0.1
12.36984,"/shooter/hasBall",true
12.369883,"/shooter/temperature",40
12.370038,"/climber/rightPos",0
12.389311,"/drivetrain/leftPos",0
12.389333,"/drivetrain/leftVelocity",0
12.389348,"/drivetrain/rightPos",0
12.389361,"/drivetrain/rightVelocity",0
12.3894,"/drivetrain/heading",-2.200000047683716
12.389409,"/drivetrain/headingVelocity",-0.1831054538488388
12.389415,"/drivetrain/xAcceleration",-0.004000000189989805
12.38942,"/drivetrain/yAcceleration",-0.004999999888241291
12.389424,"/drivetrain/leftOutputLog",0
12.389428,"/drivetrain/rightOutputLog",0
12.389631,"/intake/pos",0
12.389635,"/intake/output",0
12.389821,"/shooter/rpm",0
12.389843,"/shooter/output",0.1
12.389877,"/shooter/hasBall",true
12.389921,"/shooter/temperature",40
12.39008,"/climber/rightPos",0
12.409441,"/drivetrain/leftPos",0
12.409472,"/drivetrain/leftVelocity",0
12.409488,"/drivetrain/rightPos",0
12.409501,"/drivetrain/rightVelocity",0
12.409537,"/drivetrain/heading",-2.200000047683716
12.409545,"/drivetrain/headingVelocity",-0.1220703050494194
12.409551,"/drivetrain/xAcceleration",0.00800000037997961
12.409556,"/drivetrain/yAcceleration",-0.009999999776482582
12.409561,"/drivetrain/leftOutputLog",0
12.409565,"/drivetrain/rightOutputLog",0
12.409811,"/intake/pos",0
12.409816,"/intake/output",0
12.410051,"/shooter/rpm",0
12.410073,"/shooter/output",0.1
12.410115,"/shooter/hasBall",true
12.410164,"/shooter/temperature",40
12.410334,"/climber/rightPos",0
12.42954,"/drivetrain/leftPos",0
12.429561,"/drivetrain/leftVelocity",0
12.429575,"/drivetrain/rightPos",0
12.429589,"/drivetrain/rightVelocity",0
12.429626,"/drivetrain/heading",-2.200000047683716
12.429634,"/drivetrain/headingVelocity",0.0610351525247097
12.42964,"/drivetrain/xAcceleration",-0.014999999664723873
12.429645,"/drivetrain/yAcceleration",0.017999999225139618
12.429649,"/drivetrain/leftOutputLog",0
12.429653,"/drivetrain/rightOutputLog",0
12.429859,"/intake/pos",0
12.429864,"/intake/output",0
12.430076,"/shooter/rpm",0
12.430099,"/shooter/output",0.1
12.430137,"/shooter/hasBall",true
12.430176,"/shooter/temperature",40
12.430346,"/climber/rightPos",0
12.450373,"/drivetrain/leftPos",0
12.450402,"/drivetrain/leftVelocity",0
12.450419,"/drivetrain/rightPos",0
12.450432,"/drivetrain/rightVelocity",0
12.450463,"/drivetrain/heading",-2.200000047683716
12.450472,"/drivetrain/headingVelocity",0.0610351525247097
12.450477,"/drivetrain/xAcceleration",0.014000000432133675
12.450482,"/drivetrain/yAcceleration",-0.026000000536441803
12.450487,"/drivetrain/leftOutputLog",0
12.450491,"/drivetrain/rightOutputLog",0
12.45071,"/intake/pos",0
12.450715,"/intake/output",0
12.450936,"/shooter/rpm",0
12.451036,"/shooter/output",0.1
12.451075,"/shooter/hasBall",true
12.451116,"/shooter/temperature",40
12.451288,"/climber/rightPos",0
12.469303,"/drivetrain/leftPos",0
12.46937,"/drivetrain/leftVelocity",0
12.469397,"/drivetrain/rightPos",0
12.469414,"/drivetrain/rightVelocity",0
12.469455,"/drivetrain/heading",-2.200000047683716
12.469464,"/drivetrain/headingVelocity",-0.0610351525247097
12.46947,"/drivetrain/xAcceleration",0.014999999664723873
12.469475,"/drivetrain/yAcceleration",0.006000000052154064
12.469481,"/drivetrain/leftOutputLog",0
12.469484,"/drivetrain/rightOutputLog",0
12.46974,"/intake/pos",0
12.469745,"/intake/output",0
12.470149,"/shooter/rpm",0
12.470178,"/shooter/output",0.1
12.47022,"/shooter/hasBall",true
12.47025,"/shooter/temperature",40
12.471175,"/climber/rightPos",0
12.489262,"/drivetrain/leftPos",0
12.489283,"/drivetrain/leftVelocity",0
12.489299,"/drivetrain/rightPos",0
12.489311,"/drivetrain/rightVelocity",0
12.489347,"/drivetrain/heading",-2.200000047683716
12.489355,"/drivetrain/headingVelocity",0
12.489361,"/drivetrain/xAcceleration",-0.003000000026077032
12.489366,"/drivetrain/yAcceleration",0
12.48937,"/drivetrain/leftOutputLog",0
12.489374,"/drivetrain/rightOutputLog",0
12.489625,"/intake/pos",0
12.48963,"/intake/output",0
12.490052,"/shooter/rpm",0
12.490085,"/shooter/output",0.1
12.490179,"/shooter/hasBall",true
12.490227,"/shooter/temperature",40
12.49043,"/climber/rightPos",0
12.509315,"/drivetrain/leftPos",0
12.509337,"/drivetrain/leftVelocity",0
12.509353,"/drivetrain/rightPos",0
12.509366,"/drivetrain/rightVelocity",0
12.509406,"/drivetrain/heading",-2.200000047683716
12.509414,"/drivetrain/headingVelocity",-0.1220703050494194
12.50942,"/drivetrain/xAcceleration",0
12.509425,"/drivetrain/yAcceleration",0.009999999776482582
12.50943,"/drivetrain/leftOutputLog",0
12.509433,"/drivetrain/rightOutputLog",0
12.509638,"/intake/pos",0
12.509643,"/intake/output",0
12.509862,"/shooter/rpm",0
12.509929,"/shooter/output",0.1
12.509969,"/shooter/hasBall",true
12.510003,"/shooter/temperature",40
12.510177,"/climber/rightPos",0
12.529383,"/drivetrain/leftPos",0
12.529405,"/drivetrain/leftVelocity",0
12.529419,"/drivetrain/rightPos",0
12.529432,"/drivetrain/rightVelocity",0
12.529462,"/drivetrain/heading",-2.190000057220459
12.529471,"/drivetrain/headingVelocity",-0.0610351525247097
12.529477,"/drivetrain/xAcceleration",0.003000000026077032
12.529482,"/drivetrain/yAcceleration",0.004000000189989805
12.529487,"/drivetrain/leftOutputLog",0
12.529491,"/drivetrain/rightOutputLog",0
12.529711,"/intake/pos",0
12.529716,"/intake/output",0
12.529911,"/shooter/rpm",0
12.529934,"/shooter/output",0.1
12.529971,"/shooter/hasBall",true
12.529996,"/shooter/temperature",40
12.530171,"/climber/rightPos",0
12.549281,"/drivetrain/leftPos",0
12.549304,"/drivetrain/leftVelocity",0
12.549319,"/drivetrain/rightPos",0
12.549332,"/drivetrain/rightVelocity",0
12.549369,"/drivetrain/heading",-2.190000057220459
12.549377,"/drivetrain/headingVelocity",0
12.549383,"/drivetrain/xAcceleration",0
12.549388,"/drivetrain/yAcceleration",-0.003000000026077032
12.549392,"/drivetrain/leftOutputLog",0
12.549396,"/drivetrain/rightOutputLog",0
12.549594,"/intake/pos",0
12.549599,"/intake/output",0
12.549773,"/shooter/rpm",0
12.549795,"/shooter/output",0.1
12.549837,"/shooter/hasBall",true
12.549863,"/shooter/temperature",40
12.551007,"/climber/rightPos",0
12.569521,"/drivetrain/leftPos",0
12.569542,"/drivetrain/leftVelocity",0
12.569557,"/drivetrain/rightPos",0
12.569569,"/drivetrain/rightVelocity",0
12.569612,"/drivetrain/heading",-2.190000057220459
12.569621,"/drivetrain/headingVelocity",0
12.569626,"/drivetrain/xAcceleration",0
12.569631,"/drivetrain/yAcceleration",-0.00800000037997961
12.569636,"/drivetrain/leftOutputLog",0
12.56964,"/drivetrain/rightOutputLog",0
12.570029,"/intake/pos",0
12.570035,"/intake/output",0
12.570433,"/shooter/rpm",0
12.570462,"/shooter/output",0.1
12.570503,"/shooter/hasBall",true
12.570554,"/shooter/temperature",40
12.57079,"/climber/rightPos",0
12.589459,"/drivetrain/leftPos",0
12.58959,"/drivetrain/leftVelocity",0
12.589618,"/drivetrain/rightPos",0
12.589633,"/drivetrain/rightVelocity",0
12.589671,"/drivetrain/heading",-2.190000057220459
12.589864,"/drivetrain/headingVelocity",0
12.589874,"/drivetrain/xAcceleration",0
12.58988,"/drivetrain/yAcceleration",-0.003000000026077032
12.589885,"/drivetrain/leftOutputLog",0
12.589954,"/drivetrain/rightOutputLog",0
12.590289,"/intake/pos",0
12.590295,"/intake/output",0
12.590506,"/shooter/rpm",0
12.590539,"/shooter/output",0.1
12.591399,"/shooter/hasBall",true
12.591458,"/shooter/temperature",40
12.591669,"/climber/rightPos",0
12.609306,"/drivetrain/leftPos",0
12.609327,"/drivetrain/leftVelocity",0
12.609342,"/drivetrain/rightPos",0
12.609355,"/drivetrain/rightVelocity",0
12.609391,"/drivetrain/heading",-2.200000047683716
12.6094,"/drivetrain/headingVelocity",0.0610351525247097
12.609405,"/drivetrain/xAcceleration",0.008999999612569809
12.60941,"/drivetrain/yAcceleration",-0.004000000189989805
12.609415,"/drivetrain/leftOutputLog",0
12.609418,"/drivetrain/rightOutputLog",0
12.609608,"/intake/pos",0
12.609613,"/intake/output",0
12.609788,"/shooter/rpm",0
12.60981,"/shooter/output",0.1
12.609851,"/shooter/hasBall",true
12.609893,"/shooter/temperature",40
12.610048,"/climber/rightPos",0
12.629409,"/drivetrain/leftPos",0
12.629429,"/drivetrain/leftVelocity",0
12.629444,"/drivetrain/rightPos",0
12.629457,"/drivetrain/rightVelocity",0
12.629496,"/drivetrain/heading",-2.200000047683716
12.629505,"/drivetrain/headingVelocity",0.1220703050494194
12.629511,"/drivetrain/xAcceleration",-0.004000000189989805
12.629516,"/drivetrain/yAcceleration",0
12.629521,"/drivetrain/leftOutputLog",0
12.629525,"/drivetrain/rightOutputLog",0
12.629763,"/intake/pos",0
12.629768,"/intake/output",0
12.629984,"/shooter/rpm",0
12.630007,"/shooter/output",0.1
12.630042,"/shooter/hasBall",true
12.630085,"/shooter/temperature",40
12.630252,"/climber/rightPos",0
12.649502,"/drivetrain/leftPos",0
12.649525,"/drivetrain/leftVelocity",0
12.649541,"/drivetrain/rightPos",0
12.649554,"/drivetrain/rightVelocity",0
12.649586,"/drivetrain/heading",-2.200000047683716
12.649594,"/drivetrain/headingVelocity",0
12.6496,"/drivetrain/xAcceleration",0
12.649605,"/drivetrain/yAcceleration",0
12.64961,"/drivetrain/leftOutputLog",0
12.649614,"/drivetrain/rightOutputLog",0
12.649927,"/intake/pos",0
12.649933,"/intake/output",0
12.650755,"/shooter/rpm",0
12.650793,"/shooter/output",0.1
12.650845,"/shooter/hasBall",true
12.650941,"/shooter/temperature",40
12.651426,"/climber/rightPos",0
12.669342,"/drivetrain/leftPos",0
12.669364,"/drivetrain/leftVelocity",0
12.669379,"/drivetrain/rightPos",0
12.669392,"/drivetrain/rightVelocity",0
12.669426,"/drivetrain/heading",-2.200000047683716
12.669435,"/drivetrain/headingVelocity",0
12.669441,"/drivetrain/xAcceleration",-0.013000000268220901
12.669446,"/drivetrain/yAcceleration",0.03400000184774399
12.66945,"/drivetrain/leftOutputLog",0
12.669454,"/drivetrain/rightOutputLog",0
12.669763,"/intake/pos",0
12.669768,"/intake/output",0
12.670365,"/shooter/rpm",0
12.670394,"/shooter/output",0.1
12.670441,"/shooter/hasBall",true
12.670486,"/shooter/temperature",40
12.671176,"/climber/rightPos",0
12.689307,"/drivetrain/leftPos",0
12.689329,"/drivetrain/leftVelocity",0
12.689345,"/drivetrain/rightPos",0
12.689358,"/drivetrain/rightVelocity",0
12.689398,"/drivetrain/heading",-2.200000047683716
12.689407,"/drivetrain/headingVelocity",0
12.689413,"/drivetrain/xAcceleration",0.020999999716877937
12.689418,"/drivetrain/yAcceleration",0.003000000026077032
12.689423,"/drivetrain/leftOutputLog",0
12.689426,"/drivetrain/rightOutputLog",0
12.689609,"/intake/pos",0
12.689614,"/intake/output",0
12.689872,"/shooter/rpm",0
12.689895,"/shooter/output",0.1
12.689937,"/shooter/hasBall",true
12.68998,"/shooter/temperature",40
12.690448,"/climber/rightPos",0
12.709427,"/drivetrain/leftPos",0
12.709452,"/drivetrain/leftVelocity",0
12.709468,"/drivetrain/rightPos",0
12.709481,"/drivetrain/rightVelocity",0
12.709514,"/drivetrain/heading",-2.200000047683716
12.709522,"/drivetrain/headingVelocity",0
12.709528,"/drivetrain/xAcceleration",0.02199999988079071
12.709533,"/drivetrain/yAcceleration",-0.012000000104308128
12.709538,"/drivetrain/leftOutputLog",0
12.709542,"/drivetrain/rightOutputLog",0
12.709735,"/intake/pos",0
12.709739,"/intake/output",0
12.709985,"/shooter/rpm",0
12.710007,"/shooter/output",0.1
12.710044,"/shooter/hasBall",true
12.710122,"/shooter/temperature",40
12.710356,"/climber/rightPos",0
12.729532,"/drivetrain/leftPos",0
12.729557,"/drivetrain/leftVelocity",0
12.729576,"/drivetrain/rightPos",0
12.729691,"/drivetrain/rightVelocity",0
12.729737,"/drivetrain/heading",-2.200000047683716
12.729746,"/drivetrain/headingVelocity",-0.1831054538488388
12.729752,"/drivetrain/xAcceleration",0.017000000923871994
12.729757,"/drivetrain/yAcceleration",0
12.729762,"/drivetrain/leftOutputLog",0
12.729766,"/drivetrain/rightOutputLog",0
12.730356,"/intake/pos",0
12.730362,"/intake/output",0
12.730776,"/shooter/rpm",0
12.730808,"/shooter/output",0.1
12.73085,"/shooter/hasBall",true
12.730897,"/shooter/temperature",40
12.731678,"/climber/rightPos",0
12.750204,"/drivetrain/leftPos",0
12.750243,"/drivetrain/leftVelocity",0
12.750263,"/drivetrain/rightPos",0
12.750276,"/drivetrain/rightVelocity",0
12.750327,"/drivetrain/heading",-2.200000047683716
12.750336,"/drivetrain/headingVelocity",0
12.750342,"/drivetrain/xAcceleration",0.014000000432133675
12.750348,"/drivetrain/yAcceleration",0
12.750353,"/drivetrain/leftOutputLog",0
12.750357,"/drivetrain/rightOutputLog",0
12.750847,"/intake/pos",0
12.750868,"/intake/output",0
12.751468,"/shooter/rpm",0
12.751496,"/shooter/output",0.1
12.751543,"/shooter/hasBall",true
12.751818,"/shooter/temperature",40
12.751993,"/climber/rightPos",0
12.769624,"/drivetrain/leftPos",0
12.769646,"/drivetrain/leftVelocity",0
12.769661,"/drivetrain/rightPos",0
12.769673,"/drivetrain/rightVelocity",0
12.769708,"/drivetrain/heading",-2.200000047683716
12.769717,"/drivetrain/headingVelocity",0.1831054538488388
12.769725,"/drivetrain/xAcceleration",-0.009999999776482582
12.769731,"/drivetrain/yAcceleration",0.003000000026077032
12.769736,"/drivetrain/leftOutputLog",0
12.76974,"/drivetrain/rightOutputLog",0
12.770414,"/intake/pos",0
12.77042,"/intake/output",0
12.771228,"/shooter/rpm",0
12.771806,"/shooter/output",0.1
12.772067,"/shooter/hasBall",true
12.772096,"/shooter/temperature",40
12.77237,"/climber/rightPos",0
12.789295,"/drivetrain/leftPos",0
12.789318,"/drivetrain/leftVelocity",0
12.789334,"/drivetrain/rightPos",0
12.789346,"/drivetrain/rightVelocity",0
12.789522,"/drivetrain/heading",-2.2100000381469727
12.789533,"/drivetrain/headingVelocity",0.1220703050494194
12.789539,"/drivetrain/xAcceleration",0
12.789545,"/drivetrain/yAcceleration",0
12.78955,"/drivetrain/leftOutputLog",0
12.789554,"/drivetrain/rightOutputLog",0
12.790464,"/intake/pos",0
12.790471,"/intake/output",0
12.79093,"/shooter/rpm",0
12.790962,"/shooter/output",0.1
12.791017,"/shooter/hasBall",true
12.791046,"/shooter/temperature",40
12.791515,"/climber/rightPos",0
12.809446,"/drivetrain/leftPos",0
12.809467,"/drivetrain/leftVelocity",0
12.809482,"/drivetrain/rightPos",0
12.809493,"/drivetrain/rightVelocity",0
12.809529,"/drivetrain/heading",-2.2100000381469727
12.809538,"/drivetrain/headingVelocity",0.1831054538488388
12.809543,"/drivetrain/xAcceleration",0
12.809548,"/drivetrain/yAcceleration",0
12.809553,"/drivetrain/leftOutputLog",0
12.809556,"/drivetrain/rightOutputLog",0
12.809763,"/intake/pos",0
12.809768,"/intake/output",0
12.810063,"/shooter/rpm",0
12.810085,"/shooter/output",0.1
12.81012,"/shooter/hasBall",true
12.810164,"/shooter/temperature",40
12.810405,"/climber/rightPos",0
12.829555,"/drivetrain/leftPos",0
12.829581,"/drivetrain/leftVelocity",0
12.8296,"/drivetrain/rightPos",0
12.829614,"/drivetrain/rightVelocity",0
12.829663,"/drivetrain/heading",-2.2100000381469727
12.829673,"/drivetrain/headingVelocity",0.1831054538488388
12.82968,"/drivetrain/xAcceleration",0.006000000052154064
12.829685,"/drivetrain/yAcceleration",-0.004999999888241291
12.829691,"/drivetrain/leftOutputLog",0
12.829694,"/drivetrain/rightOutputLog",0
12.830686,"/intake/pos",0
12.830691,"/intake/output",0
12.831091,"/shooter/rpm",0
12.831121,"/shooter/output",0.1
12.831183,"/shooter/hasBall",true
12.831231,"/shooter/temperature",40
12.831484,"/climber/rightPos",0
12.849379,"/drivetrain/leftPos",0
12.849433,"/drivetrain/leftVelocity",0
12.84945,"/drivetrain/rightPos",0
12.849463,"/drivetrain/rightVelocity",0
12.849505,"/drivetrain/heading",-2.2200000286102295
12.849514,"/drivetrain/headingVelocity",0.0610351525247097
12.849522,"/drivetrain/xAcceleration",-0.003000000026077032
12.849527,"/drivetrain/yAcceleration",0.004999999888241291
12.849532,"/drivetrain/leftOutputLog",0
12.849536,"/drivetrain/rightOutputLog",0
12.850127,"/intake/pos",0
12.850132,"/intake/output",0
12.850615,"/shooter/rpm",0
12.850644,"/shooter/output",0.1
12.850686,"/shooter/hasBall",true
12.85074,"/shooter/temperature",40
12.85144,"/climber/rightPos",0
12.869289,"/drivetrain/leftPos",0
12.869311,"/drivetrain/leftVelocity",0
12.869327,"/drivetrain/rightPos",0
12.86934,"/drivetrain/rightVelocity",0
12.869379,"/drivetrain/heading",-2.2200000286102295
12.869387,"/drivetrain/headingVelocity",0
12.869393,"/drivetrain/xAcceleration",0
12.869398,"/drivetrain/yAcceleration",0.007000000216066837
12.869402,"/drivetrain/leftOutputLog",0
12.869406,"/drivetrain/rightOutputLog",0
12.869892,"/intake/pos",0
12.869898,"/intake/output",0
12.870211,"/shooter/rpm",0
12.87024,"/shooter/output",0.1
12.870282,"/shooter/hasBall",true
12.870329,"/shooter/temperature",40
12.87078,"/climber/rightPos",0
12.889335,"/drivetrain/leftPos",0
12.889361,"/drivetrain/leftVelocity",0
12.889376,"/drivetrain/rightPos",0
12.889389,"/drivetrain/rightVelocity",0
12.889421,"/drivetrain/heading",-2.2200000286102295
12.88943,"/drivetrain/headingVelocity",0
12.889436,"/drivetrain/xAcceleration",0.006000000052154064
12.889441,"/drivetrain/yAcceleration",0.003000000026077032
12.889446,"/drivetrain/leftOutputLog",0
12.88945,"/drivetrain/rightOutputLog",0
12.889793,"/intake/pos",0
12.889798,"/intake/output",0
12.889975,"/shooter/rpm",0
12.889996,"/shooter/output",0.1
12.890028,"/shooter/hasBall",true
12.890075,"/shooter/temperature",40
12.890228,"/climber/rightPos",0
12.909267,"/drivetrain/leftPos",0
12.909288,"/drivetrain/leftVelocity",0
12.909303,"/drivetrain/rightPos",0
12.909315,"/drivetrain/rightVelocity",0
12.909351,"/drivetrain/heading",-2.2100000381469727
12.909359,"/drivetrain/headingVelocity",-0.1220703050494194
12.909365,"/drivetrain/xAcceleration",-0.003000000026077032
12.90937,"/drivetrain/yAcceleration",0.004000000189989805
12.909374,"/drivetrain/leftOutputLog",0
12.909378,"/drivetrain/rightOutputLog",0
12.909756,"/intake/pos",0
12.909762,"/intake/output",0
12.909965,"/shooter/rpm",0
12.909988,"/shooter/output",0.1
12.910023,"/shooter/hasBall",true
12.910062,"/shooter/temperature",40
12.910218,"/climber/rightPos",0
12.92959,"/drivetrain/leftPos",0
12.92961,"/drivetrain/leftVelocity",0
12.929735,"/drivetrain/rightPos",0
12.929758,"/drivetrain/rightVelocity",0
12.929806,"/drivetrain/heading",-2.2100000381469727
12.929816,"/drivetrain/headingVelocity",-0.2441406100988388
12.929823,"/drivetrain/xAcceleration",0.00800000037997961
12.929828,"/drivetrain/yAcceleration",0
12.929834,"/drivetrain/leftOutputLog",0
12.929837,"/drivetrain/rightOutputLog",0
12.930327,"/intake/pos",0
12.930332,"/intake/output",0
12.931512,"/shooter/rpm",0
12.931531,"/shooter/output",0.1
12.93158,"/shooter/hasBall",true
12.93163,"/shooter/temperature",40
12.931836,"/climber/rightPos",0
12.949362,"/drivetrain/leftPos",0
12.949383,"/drivetrain/leftVelocity",0
12.949399,"/drivetrain/rightPos",0
12.949411,"/drivetrain/rightVelocity",0
12.949445,"/drivetrain/heading",-2.2100000381469727
12.949454,"/drivetrain/headingVelocity",-0.1220703050494194
12.94946,"/drivetrain/xAcceleration",0.004000000189989805
12.949465,"/drivetrain/yAcceleration",-0.004000000189989805
12.94947,"/drivetrain/leftOutputLog",0
12.949474,"/drivetrain/rightOutputLog",0
12.949924,"/intake/pos",0
12.949931,"/intake/output",0
12.950313,"/shooter/rpm",0
12.95034,"/shooter/output",0.1
12.95038,"/shooter/hasBall",true
12.95041,"/shooter/temperature",40
12.950747,"/climber/rightPos",0
12.969303,"/drivetrain/leftPos",0
12.969325,"/drivetrain/leftVelocity",0
12.96934,"/drivetrain/rightPos",0
12.969352,"/drivetrain/rightVelocity",0
12.969387,"/drivetrain/heading",-2.200000047683716
12.969395,"/drivetrain/headingVelocity",-0.1831054538488388
12.969401,"/drivetrain/xAcceleration",0.003000000026077032
12.969405,"/drivetrain/yAcceleration",-0.004000000189989805
12.96941,"/drivetrain/leftOutputLog",0
12.969414,"/drivetrain/rightOutputLog",0
12.969898,"/intake/pos",0
12.969904,"/intake/output",0
12.970223,"/shooter/rpm",0
12.970252,"/shooter/output",0.1
12.970293,"/shooter/hasBall",true
12.970334,"/shooter/temperature",40
12.97074,"/climber/rightPos",0
12.989342,"/drivetrain/leftPos",0
12.989364,"/drivetrain/leftVelocity",0
12.98938,"/drivetrain/rightPos",0
12.989394,"/drivetrain/rightVelocity",0
12.989434,"/drivetrain/heading",-2.200000047683716
12.989442,"/drivetrain/headingVelocity",-0.1831054538488388
12.989448,"/drivetrain/xAcceleration",0.004999999888241291
12.989453,"/drivetrain/yAcceleration",0
12.989458,"/drivetrain/leftOutputLog",0
12.989462,"/drivetrain/rightOutputLog",0
12.989654,"/intake/pos",0
12.989658,"/intake/output",0
12.989919,"/shooter/rpm",0
12.989943,"/shooter/output",0.1
12.989988,"/shooter/hasBall",true
12.990271,"/shooter/temperature",40
12.990549,"/climber/rightPos",0
13.009334,"/drivetrain/leftPos",0
13.009355,"/drivetrain/leftVelocity",0
13.009371,"/drivetrain/rightPos",0
13.009383,"/drivetrain/rightVelocity",0
13.009415,"/drivetrain/heading",-2.190000057220459
13.009425,"/drivetrain/headingVelocity",-0.1220703050494194
13.009431,"/drivetrain/xAcceleration",0
13.009436,"/drivetrain/yAcceleration",0
13.009441,"/drivetrain/leftOutputLog",0
13.009445,"/drivetrain/rightOutputLog",0
13.009681,"/intake/pos",0
13.009686,"/intake/output",0
13.01002,"/shooter/rpm",0
13.010043,"/shooter/output",0.1
13.010082,"/shooter/hasBall",true
13.010108,"/shooter/temperature",40
13.010385,"/climber/rightPos",0
13.029323,"/drivetrain/leftPos",0
13.029344,"/drivetrain/leftVelocity",0
13.02936,"/drivetrain/rightPos",0
13.029373,"/drivetrain/rightVelocity",0
13.029409,"/drivetrain/heading",-2.190000057220459
13.029417,"/drivetrain/headingVelocity",-0.0610351525247097
13.029423,"/drivetrain/xAcceleration",0
13.029428,"/drivetrain/yAcceleration",0
13.029432,"/drivetrain/leftOutputLog",0
13.029436,"/drivetrain/rightOutputLog",0
13.029616,"/intake/pos",0
13.029621,"/intake/output",0
13.02993,"/shooter/rpm",0
13.029951,"/shooter/output",0.1
13.029987,"/shooter/hasBall",true
13.030013,"/shooter/temperature",40
13.03017,"/climber/rightPos",0
13.049264,"/drivetrain/leftPos",0
13.049286,"/drivetrain/leftVelocity",0
13.049301,"/drivetrain/rightPos",0
13.049315,"/drivetrain/rightVelocity",0
13.049352,"/drivetrain/heading",-2.190000057220459
13.04936,"/drivetrain/headingVelocity",0
13.049366,"/drivetrain/xAcceleration",0
13.049371,"/drivetrain/yAcceleration",0
13.049376,"/drivetrain/leftOutputLog",0
13.049379,"/drivetrain/rightOutputLog",0
13.049862,"/intake/pos",0
13.049868,"/intake/output",0
13.050306,"/shooter/rpm",0
13.050402,"/shooter/output",0.1
13.050446,"/shooter/hasBall",true
13.050499,"/shooter/temperature",40
13.050764,"/climber/rightPos",0
13.069842,"/drivetrain/leftPos",0
13.069868,"/drivetrain/leftVelocity",0
13.069905,"/drivetrain/rightPos",0
13.069923,"/drivetrain/rightVelocity",0
13.069969,"/drivetrain/heading",-2.190000057220459
13.069979,"/drivetrain/headingVelocity",0
13.070347,"/drivetrain/xAcceleration",-0.003000000026077032
13.070358,"/drivetrain/yAcceleration",0
13.070364,"/drivetrain/leftOutputLog",0
13.070368,"/drivetrain/rightOutputLog",0
13.071149,"/intake/pos",0
13.071155,"/intake/output",0
13.071457,"/shooter/rpm",0
13.07148,"/shooter/output",0.1
13.071516,"/shooter/hasBall",true
13.071564,"/shooter/temperature",40
13.071772,"/climber/rightPos",0
13.089272,"/drivetrain/leftPos",0
13.089294,"/drivetrain/leftVelocity",0
13.08931,"/drivetrain/rightPos",0
13.089322,"/drivetrain/rightVelocity",0
13.08936,"/drivetrain/heading",-2.200000047683716
13.089368,"/drivetrain/headingVelocity",0.2441406100988388
13.089374,"/drivetrain/xAcceleration",0.009999999776482582
13.089378,"/drivetrain/yAcceleration",-0.004999999888241291
13.089383,"/drivetrain/leftOutputLog",0
13.089387,"/drivetrain/rightOutputLog",0
13.089648,"/intake/pos",0
13.089653,"/intake/output",0
13.090007,"/shooter/rpm",0
13.090038,"/shooter/output",0.1
13.090086,"/shooter/hasBall",true
13.09014,"/shooter/temperature",40
13.090637,"/climber/rightPos",0
13.109326,"/drivetrain/leftPos",0
13.109348,"/drivetrain/leftVelocity",0
13.109363,"/drivetrain/rightPos",0
13.109376,"/drivetrain/rightVelocity",0
13.109416,"/drivetrain/heading",-2.200000047683716
13.109425,"/drivetrain/headingVelocity",0.3662109076976776
13.10943,"/drivetrain/xAcceleration",-0.00800000037997961
13.109435,"/drivetrain/yAcceleration",0.003000000026077032
13.10944,"/drivetrain/leftOutputLog",0
13.109444,"/drivetrain/rightOutputLog",0
13.109638,"/intake/pos",0
13.109643,"/intake/output",0
13.109907,"/shooter/rpm",0
13.109931,"/shooter/output",0.1
13.10997,"/shooter/hasBall",true
13.110018,"/shooter/temperature",40
13.110174,"/climber/rightPos",0
13.129361,"/drivetrain/leftPos",0
13.129386,"/drivetrain/leftVelocity",0
13.129404,"/drivetrain/rightPos",0
13.129417,"/drivetrain/rightVelocity",0
13.12945,"/drivetrain/heading",-2.200000047683716
13.129459,"/drivetrain/headingVelocity",0.1220703050494194
13.129465,"/drivetrain/xAcceleration",0.007000000216066837
13.12947,"/drivetrain/yAcceleration",-0.010999999940395355
13.129526,"/drivetrain/leftOutputLog",0
13.129532,"/drivetrain/rightOutputLog",0
13.129737,"/intake/pos",0
13.129742,"/intake/output",0
13.129989,"/shooter/rpm",0
13.130013,"/shooter/output",0.1
13.130052,"/shooter/hasBall",true
13.130096,"/shooter/temperature",40
13.130256,"/climber/rightPos",0
13.149319,"/drivetrain/leftPos",0
13.149342,"/drivetrain/leftVelocity",0
13.149357,"/drivetrain/rightPos",0
13.149369,"/drivetrain/rightVelocity",0
13.149407,"/drivetrain/heading",-2.200000047683716
13.149415,"/drivetrain/headingVelocity",-0.0610351525247097
13.149421,"/drivetrain/xAcceleration",-0.004000000189989805
13.149426,"/drivetrain/yAcceleration",0
13.149431,"/drivetrain/leftOutputLog",0
13.149435,"/drivetrain/rightOutputLog",0
13.150119,"/intake/pos",0
13.150124,"/intake/output",0
13.151171,"/shooter/rpm",0
13.151197,"/shooter/output",0.1
13.151251,"/shooter/hasBall",true
13.151298,"/shooter/temperature",40
13.151543,"/climber/rightPos",0
13.170255,"/drivetrain/leftPos",0
13.170739,"/drivetrain/leftVelocity",0
13.170888,"/drivetrain/rightPos",0
13.170906,"/drivetrain/rightVelocity",0
13.170937,"/drivetrain/heading",-2.200000047683716
13.170945,"/drivetrain/headingVelocity",-0.1831054538488388
13.170951,"/drivetrain/xAcceleration",0
13.170956,"/drivetrain/yAcceleration",0
13.170961,"/drivetrain/leftOutputLog",0
13.170964,"/drivetrain/rightOutputLog",0
13.17124,"/intake/pos",0
13.171245,"/intake/output",0
13.171504,"/shooter/rpm",0
13.171525,"/shooter/output",0.1
13.171562,"/shooter/hasBall",true
13.171601,"/shooter/temperature",40
13.171767,"/climber/rightPos",0
13.189444,"/drivetrain/leftPos",0
13.189466,"/drivetrain/leftVelocity",0
13.189482,"/drivetrain/rightPos",0
13.189495,"/drivetrain/rightVelocity",0
13.189531,"/drivetrain/heading",-2.190000057220459
13.18954,"/drivetrain/headingVelocity",-0.2441406100988388
13.189546,"/drivetrain/xAcceleration",0.004000000189989805
13.189551,"/drivetrain/yAcceleration",0.003000000026077032
13.189556,"/drivetrain/leftOutputLog",0
13.18956,"/drivetrain/rightOutputLog",0
13.190448,"/intake/pos",0
13.190454,"/intake/output",0
13.191037,"/shooter/rpm",0
13.19107,"/shooter/output",0.1
13.191458,"/shooter/hasBall",true
13.19155,"/shooter/temperature",40
13.191883,"/climber/rightPos",0
13.209287,"/drivetrain/leftPos",0
13.209309,"/drivetrain/leftVelocity",0
13.209325,"/drivetrain/rightPos",0
13.209338,"/drivetrain/rightVelocity",0
13.209377,"/drivetrain/heading",-2.190000057220459
13.209385,"/drivetrain/headingVelocity",-0.1831054538488388
13.209391,"/drivetrain/xAcceleration",0
13.209396,"/drivetrain/yAcceleration",0
13.209401,"/drivetrain/leftOutputLog",0
13.209405,"/drivetrain/rightOutputLog",0
13.209601,"/intake/pos",0
13.209606,"/intake/output",0
13.209784,"/shooter/rpm",0
13.209805,"/shooter/output",0.1
13.209839,"/shooter/hasBall",true
13.209864,"/shooter/temperature",40
13.210018,"/climber/rightPos",0
13.229389,"/drivetrain/leftPos",0
13.229535,"/drivetrain/leftVelocity",0
13.229561,"/drivetrain/rightPos",0
13.229576,"/drivetrain/rightVelocity",0
13.229619,"/drivetrain/heading",-2.180000066757202
13.229628,"/drivetrain/headingVelocity",-0.1831054538488388
13.229884,"/drivetrain/xAcceleration",0.003000000026077032
13.229892,"/drivetrain/yAcceleration",-0.004000000189989805
13.229897,"/drivetrain/leftOutputLog",0
13.229901,"/drivetrain/rightOutputLog",0
13.230221,"/intake/pos",0
13.230225,"/intake/output",0
13.230981,"/shooter/rpm",0
13.231011,"/shooter/output",0.1
13.231058,"/shooter/hasBall",true
13.231097,"/shooter/temperature",40
13.231506,"/climber/rightPos",0
13.24935,"/drivetrain/leftPos",0
13.249374,"/drivetrain/leftVelocity",0
13.24939,"/drivetrain/rightPos",0
13.249402,"/drivetrain/rightVelocity",0
13.249564,"/drivetrain/heading",-2.180000066757202
13.249574,"/drivetrain/headingVelocity",-0.0610351525247097
13.249581,"/drivetrain/xAcceleration",0.004999999888241291
13.249586,"/drivetrain/yAcceleration",-0.010999999940395355
13.249591,"/drivetrain/leftOutputLog",0
13.249595,"/drivetrain/rightOutputLog",0
13.250055,"/intake/pos",0
13.250456,"/intake/output",0
13.251039,"/shooter/rpm",0
13.251061,"/shooter/output",0.1
13.251131,"/shooter/hasBall",true
13.251159,"/shooter/temperature",40
13.251613,"/climber/rightPos",0
13.269403,"/drivetrain/leftPos",0
13.269429,"/drivetrain/leftVelocity",0
13.269446,"/drivetrain/rightPos",0
13.269459,"/drivetrain/rightVelocity",0
13.269504,"/drivetrain/heading",-2.180000066757202
13.269514,"/drivetrain/headingVelocity",0.0610351525247097
13.26952,"/drivetrain/xAcceleration",0.007000000216066837
13.269525,"/drivetrain/yAcceleration",0.006000000052154064
13.269531,"/drivetrain/leftOutputLog",0
13.269535,"/drivetrain/rightOutputLog",0
13.269992,"/intake/pos",0
13.269998,"/intake/output",0
13.270856,"/shooter/rpm",0
13.270877,"/shooter/output",0.1
13.270925,"/shooter/hasBall",true
13.270951,"/shooter/temperature",40
13.271146,"/climber/rightPos",0
13.28928,"/drivetrain/leftPos",0
13.289302,"/drivetrain/leftVelocity",0
13.289317,"/drivetrain/rightPos",0
13.289331,"/drivetrain/rightVelocity",0
13.289371,"/drivetrain/heading",-2.190000057220459
13.28938,"/drivetrain/headingVelocity",0.2441406100988388
13.289386,"/drivetrain/xAcceleration",0.008999999612569809
13.289391,"/drivetrain/yAcceleration",0.004999999888241291
13.289396,"/drivetrain/leftOutputLog",0
13.289399,"/drivetrain/rightOutputLog",0
13.289595,"/intake/pos",0
13.289601,"/intake/output",0
13.289776,"/shooter/rpm",0
13.289798,"/shooter/output",0.1
13.289831,"/shooter/hasBall",true
13.289877,"/shooter/temperature",40
13.290168,"/climber/rightPos",0
13.309283,"/drivetrain/leftPos",0
13.309305,"/drivetrain/leftVelocity",0
13.309321,"/drivetrain/rightPos",0
13.309333,"/drivetrain/rightVelocity",0
13.309369,"/drivetrain/heading",-2.200000047683716
13.309377,"/drivetrain/headingVelocity",0.3662109076976776
13.309383,"/drivetrain/xAcceleration",0.003000000026077032
13.309388,"/drivetrain/yAcceleration",-0.006000000052154064
13.309393,"/drivetrain/leftOutputLog",0
13.309396,"/drivetrain/rightOutputLog",0
13.309591,"/intake/pos",0
13.309597,"/intake/output",0
13.309788,"/shooter/rpm",0
13.309809,"/shooter/output",0.1
13.309845,"/shooter/hasBall",true
13.309889,"/shooter/temperature",40
13.31009,"/climber/rightPos",0
13.329309,"/drivetrain/leftPos",0
13.32933,"/drivetrain/leftVelocity",0
13.329346,"/drivetrain/rightPos",0
13.329359,"/drivetrain/rightVelocity",0
13.329404,"/drivetrain/heading",-2.200000047683716
13.329413,"/drivetrain/headingVelocity",0.0610351525247097
13.329419,"/drivetrain/xAcceleration",-0.006000000052154064
13.329424,"/drivetrain/yAcceleration",-0.004999999888241291
13.329429,"/drivetrain/leftOutputLog",0
13.329433,"/drivetrain/rightOutputLog",0
13.32981,"/intake/pos",0
13.329816,"/intake/output",0
13.330254,"/shooter/rpm",0
13.330284,"/shooter/output",0.1
13.330332,"/shooter/hasBall",true
13.330382,"/shooter/temperature",40
13.33057,"/climber/rightPos",0
13.349315,"/drivetrain/leftPos",0
13.349336,"/drivetrain/leftVelocity",0
13.349353,"/drivetrain/rightPos",0
13.349366,"/drivetrain/rightVelocity",0
13.349405,"/drivetrain/heading",-2.200000047683716
13.349414,"/drivetrain/headingVelocity",0
13.349419,"/drivetrain/xAcceleration",0
13.349424,"/drivetrain/yAcceleration",0
13.349429,"/drivetrain/leftOutputLog",0
13.349433,"/drivetrain/rightOutputLog",0
13.349666,"/intake/pos",0
13.349672,"/intake/output",0
13.350342,"/shooter/rpm",0
13.350373,"/shooter/output",0.1
13.350422,"/shooter/hasBall",true
13.350475,"/shooter/temperature",40
13.351137,"/climber/rightPos",0
13.370464,"/drivetrain/leftPos",0
13.370485,"/drivetrain/leftVelocity",0
13.370501,"/drivetrain/rightPos",0
13.370514,"/drivetrain/rightVelocity",0
13.370545,"/drivetrain/heading",-2.200000047683716
13.370553,"/drivetrain/headingVelocity",0
13.370559,"/drivetrain/xAcceleration",0.006000000052154064
13.370564,"/drivetrain/yAcceleration",0.007000000216066837
13.370568,"/drivetrain/leftOutputLog",0
13.370572,"/drivetrain/rightOutputLog",0
13.371017,"/intake/pos",0
13.371022,"/intake/output",0
13.371253,"/shooter/rpm",0
13.371279,"/shooter/output",0.1
13.37132,"/shooter/hasBall",true
13.371368,"/shooter/temperature",40
13.371555,"/climber/rightPos",0
13.389543,"/drivetrain/leftPos",0
13.389569,"/drivetrain/leftVelocity",0
13.389586,"/drivetrain/rightPos",0
13.3896,"/drivetrain/rightVelocity",0
13.389647,"/drivetrain/heading",-2.200000047683716
13.389656,"/drivetrain/headingVelocity",0
13.389662,"/drivetrain/xAcceleration",-0.003000000026077032
13.389667,"/drivetrain/yAcceleration",0
13.389672,"/drivetrain/leftOutputLog",0
13.389676,"/drivetrain/rightOutputLog",0
13.390539,"/intake/pos",0
13.390544,"/intake/output",0
13.391205,"/shooter/rpm",0
13.391226,"/shooter/output",0.1
13.391263,"/shooter/hasBall",true
13.391307,"/shooter/temperature",40
13.391473,"/climber/rightPos",0
13.409281,"/drivetrain/leftPos",0
13.409303,"/drivetrain/leftVelocity",0
13.40932,"/drivetrain/rightPos",0
13.409332,"/drivetrain/rightVelocity",0
13.409374,"/drivetrain/heading",-2.200000047683716
13.409382,"/drivetrain/headingVelocity",0
13.409513,"/drivetrain/xAcceleration",0
13.40952,"/drivetrain/yAcceleration",0
13.409525,"/drivetrain/leftOutputLog",0
13.409529,"/drivetrain/rightOutputLog",0
13.409789,"/intake/pos",0
13.409794,"/intake/output",0
13.410423,"/shooter/rpm",0
13.41046,"/shooter/output",0.1
13.410506,"/shooter/hasBall",true
13.410534,"/shooter/temperature",40
13.410774,"/climber/rightPos",0
13.429427,"/drivetrain/leftPos",0
13.429451,"/drivetrain/leftVelocity",0
13.429467,"/drivetrain/rightPos",0
13.42948,"/drivetrain/rightVelocity",0
13.429522,"/drivetrain/heading",-2.2100000381469727
13.429531,"/drivetrain/headingVelocity",0.0610351525247097
13.429537,"/drivetrain/xAcceleration",0.009999999776482582
13.429542,"/drivetrain/yAcceleration",-0.008999999612569809
13.429547,"/drivetrain/leftOutputLog",0
13.429551,"/drivetrain/rightOutputLog",0
13.430204,"/intake/pos",0
13.43021,"/intake/output",0
13.43068,"/shooter/rpm",0
13.430712,"/shooter/output",0.1
13.430795,"/shooter/hasBall",true
13.431097,"/shooter/temperature",40
13.431507,"/climber/rightPos",0
13.449554,"/drivetrain/leftPos",0
13.449577,"/drivetrain/leftVelocity",0
13.449593,"/drivetrain/rightPos",0
13.449606,"/drivetrain/rightVelocity",0
13.449648,"/drivetrain/heading",-2.2100000381469727
13.449657,"/drivetrain/headingVelocity",0.0610351525247097
13.449663,"/drivetrain/xAcceleration",0
13.449668,"/drivetrain/yAcceleration",0
13.449673,"/drivetrain/leftOutputLog",0
13.449676,"/drivetrain/rightOutputLog",0
13.4505,"/intake/pos",0
13.450506,"/intake/output",0
13.450815,"/shooter/rpm",0
13.45084,"/shooter/output",0.1
13.450879,"/shooter/hasBall",true
13.450921,"/shooter/temperature",40
13.451105,"/climber/rightPos",0
13.469318,"/drivetrain/leftPos",0
13.469342,"/drivetrain/leftVelocity",0
13.469358,"/drivetrain/rightPos",0
13.469371,"/drivetrain/rightVelocity",0
13.46941,"/drivetrain/heading",-2.2200000286102295
13.469418,"/drivetrain/headingVelocity",0.1831054538488388
13.469559,"/drivetrain/xAcceleration",0
13.469565,"/drivetrain/yAcceleration",0
13.469572,"/drivetrain/leftOutputLog",0
13.469576,"/drivetrain/rightOutputLog",0
13.469847,"/intake/pos",0
13.469853,"/intake/output",0
13.470074,"/shooter/rpm",0
13.470104,"/shooter/output",0.1
13.470142,"/shooter/hasBall",true
13.470171,"/shooter/temperature",40
13.47041,"/climber/rightPos",0
13.489259,"/drivetrain/leftPos",0
13.489282,"/drivetrain/leftVelocity",0
13.489298,"/drivetrain/rightPos",0
13.489311,"/drivetrain/rightVelocity",0
13.489348,"/drivetrain/heading",-2.2200000286102295
13.489357,"/drivetrain/headingVelocity",0.1831054538488388
13.489363,"/drivetrain/xAcceleration",0
13.489368,"/drivetrain/yAcceleration",0.004000000189989805
13.489372,"/drivetrain/leftOutputLog",0
13.489376,"/drivetrain/rightOutputLog",0
13.489584,"/intake/pos",0
13.489589,"/intake/output",0
13.489812,"/shooter/rpm",0
13.489888,"/shooter/output",0.1
13.489935,"/shooter/hasBall",true
13.489965,"/shooter/temperature",40
13.490126,"/climber/rightPos",0
13.509422,"/drivetrain/leftPos",0
13.509444,"/drivetrain/leftVelocity",0
13.509461,"/drivetrain/rightPos",0
13.509474,"/drivetrain/rightVelocity",0
13.509513,"/drivetrain/heading",-2.2200000286102295
13.509521,"/drivetrain/headingVelocity",0
13.509527,"/drivetrain/xAcceleration",0
13.509532,"/drivetrain/yAcceleration",0.004000000189989805
13.509537,"/drivetrain/leftOutputLog",0
13.50954,"/drivetrain/rightOutputLog",0
13.509741,"/intake/pos",0
13.509746,"/intake/output",0
13.510018,"/shooter/rpm",0
13.510042,"/shooter/output",0.1
13.51008,"/shooter/hasBall",true
13.510106,"/shooter/temperature",40
13.510281,"/climber/rightPos",0
13.529512,"/drivetrain/leftPos",0
13.529534,"/drivetrain/leftVelocity",0
13.52955,"/drivetrain/rightPos",0
13.529563,"/drivetrain/rightVelocity",0
13.529603,"/drivetrain/heading",-2.2200000286102295
13.529612,"/drivetrain/headingVelocity",-0.0610351525247097
13.529618,"/drivetrain/xAcceleration",0
13.529623,"/drivetrain/yAcceleration",0.004000000189989805
13.529627,"/drivetrain/leftOutputLog",0
13.529631,"/drivetrain/rightOutputLog",0
13.529834,"/intake/pos",0
13.529838,"/intake/output",0
13.530383,"/shooter/rpm",0
13.530412,"/shooter/output",0.1
13.530462,"/shooter/hasBall",true
13.531024,"/shooter/temperature",40
13.531224,"/climber/rightPos",0
13.549314,"/drivetrain/leftPos",0
13.549336,"/drivetrain/leftVelocity",0
13.549481,"/drivetrain/rightPos",0
13.549503,"/drivetrain/rightVelocity",0
13.549547,"/drivetrain/heading",-2.2200000286102295
13.549558,"/drivetrain/headingVelocity",-0.0610351525247097
13.54978,"/drivetrain/xAcceleration",0
13.549787,"/drivetrain/yAcceleration",0.003000000026077032
13.549793,"/drivetrain/leftOutputLog",0
13.549797,"/drivetrain/rightOutputLog",0
13.550204,"/intake/pos",0
13.550209,"/intake/output",0
13.551085,"/shooter/rpm",0
13.551107,"/shooter/output",0.1
13.55116,"/shooter/hasBall",true
13.551212,"/shooter/temperature",40
13.551888,"/climber/rightPos",0
13.570561,"/drivetrain/leftPos",0
13.570584,"/drivetrain/leftVelocity",0
13.5706,"/drivetrain/rightPos",0
13.570612,"/drivetrain/rightVelocity",0
13.570643,"/drivetrain/heading",-2.2200000286102295
13.570651,"/drivetrain/headingVelocity",0
13.570657,"/drivetrain/xAcceleration",0.004000000189989805
13.570662,"/drivetrain/yAcceleration",0
13.570666,"/drivetrain/leftOutputLog",0
13.57067,"/drivetrain/rightOutputLog",0
13.570891,"/intake/pos",0
13.570896,"/intake/output",0
13.571095,"/shooter/rpm",0
13.571119,"/shooter/output",0.1
13.571154,"/shooter/hasBall",true
13.571198,"/shooter/temperature",40
13.57136,"/climber/rightPos",0
13.589321,"/drivetrain/leftPos",0
13.589344,"/drivetrain/leftVelocity",0
13.58936,"/drivetrain/rightPos",0
13.589372,"/drivetrain/rightVelocity",0
13.589413,"/drivetrain/heading",-2.2200000286102295
13.589422,"/drivetrain/headingVelocity",0
13.589427,"/drivetrain/xAcceleration",0
13.589432,"/drivetrain/yAcceleration",0
13.589437,"/drivetrain/leftOutputLog",0
13.589441,"/drivetrain/rightOutputLog",0
13.589658,"/intake/pos",0
13.589663,"/intake/output",0
13.590911,"/shooter/rpm",0
13.590942,"/shooter/output",0.1
13.590999,"/shooter/hasBall",true
13.591045,"/shooter/temperature",40
13.591476,"/climber/rightPos",0
13.609563,"/drivetrain/leftPos",0
13.609584,"/drivetrain/leftVelocity",0
13.609599,"/drivetrain/rightPos",0
13.609611,"/drivetrain/rightVelocity",0
13.609648,"/drivetrain/heading",-2.2200000286102295
13.609656,"/drivetrain/headingVelocity",0
13.609662,"/drivetrain/xAcceleration",-0.003000000026077032
13.609667,"/drivetrain/yAcceleration",0
13.609671,"/drivetrain/leftOutputLog",0
13.609675,"/drivetrain/rightOutputLog",0
13.609919,"/intake/pos",0
13.609924,"/intake/output",0
13.610156,"/shooter/rpm",0
13.610182,"/shooter/output",0.1
13.610222,"/shooter/hasBall",true
13.610272,"/shooter/temperature",40
13.611115,"/climber/rightPos",0
13.629296,"/drivetrain/leftPos",0
13.629317,"/drivetrain/leftVelocity",0
13.629333,"/drivetrain/rightPos",0
13.629346,"/drivetrain/rightVelocity",0
13.629384,"/drivetrain/heading",-2.2200000286102295
13.629392,"/drivetrain/headingVelocity",0
13.629398,"/drivetrain/xAcceleration",0
13.629403,"/drivetrain/yAcceleration",0
13.629408,"/drivetrain/leftOutputLog",0
13.629412,"/drivetrain/rightOutputLog",0
13.629612,"/intake/pos",0
13.629617,"/intake/output",0
13.62979,"/shooter/rpm",0
13.62981,"/shooter/output",0.1
13.629853,"/shooter/hasBall",true
13.629895,"/shooter/temperature",40
13.63005,"/climber/rightPos",0
13.649308,"/drivetrain/leftPos",0
13.649331,"/drivetrain/leftVelocity",0
13.649345,"/drivetrain/rightPos",0
13.649357,"/drivetrain/rightVelocity",0
13.649393,"/drivetrain/heading",-2.2200000286102295
13.649401,"/drivetrain/headingVelocity",0
13.649407,"/drivetrain/xAcceleration",0
13.649412,"/drivetrain/yAcceleration",0.003000000026077032
13.649417,"/drivetrain/leftOutputLog",0
13.64942,"/drivetrain/rightOutputLog",0
13.649607,"/intake/pos",0
13.649612,"/intake/output",0
13.649901,"/shooter/rpm",0
13.649927,"/shooter/output",0.1
13.649964,"/shooter/hasBall",true
13.650049,"/shooter/temperature",40
13.65021,"/climber/rightPos",0
13.66943,"/drivetrain/leftPos",0
13.669454,"/drivetrain/leftVelocity",0
13.66947,"/drivetrain/rightPos",0
13.669484,"/drivetrain/rightVelocity",0
13.669533,"/drivetrain/heading",-2.2200000286102295
13.669544,"/drivetrain/headingVelocity",0.1831054538488388
13.66955,"/drivetrain/xAcceleration",0.004999999888241291
13.669555,"/drivetrain/yAcceleration",0
13.66956,"/drivetrain/leftOutputLog",0
13.669564,"/drivetrain/rightOutputLog",0
13.67021,"/intake/pos",0
13.670216,"/intake/output",0
13.670651,"/shooter/rpm",0
13.670681,"/shooter/output",0.1
13.670727,"/shooter/hasBall",true
13.670771,"/shooter/temperature",40
13.670975,"/climber/rightPos",0
13.689439,"/drivetrain/leftPos",0
13.689516,"/drivetrain/leftVelocity",0
13.689536,"/drivetrain/rightPos",0
13.689552,"/drivetrain/rightVelocity",0
13.689599,"/drivetrain/heading",-2.2300000190734863
13.689609,"/drivetrain/headingVelocity",0.1831054538488388
13.689615,"/drivetrain/xAcceleration",0
13.689621,"/drivetrain/yAcceleration",0
13.689626,"/drivetrain/leftOutputLog",0
13.68963,"/drivetrain/rightOutputLog",0
13.68998,"/intake/pos",0
13.689985,"/intake/output",0
13.69046,"/shooter/rpm",0
13.690487,"/shooter/output",0.1
13.690532,"/shooter/hasBall",true
13.690574,"/shooter/temperature",40
13.691145,"/climber/rightPos",0
13.709313,"/drivetrain/leftPos",0
13.709336,"/drivetrain/leftVelocity",0
13.709352,"/drivetrain/rightPos",0
13.709364,"/drivetrain/rightVelocity",0
13.709406,"/drivetrain/heading",-2.2300000190734863
13.709414,"/drivetrain/headingVelocity",0.0610351525247097
13.70942,"/drivetrain/xAcceleration",0
13.709425,"/drivetrain/yAcceleration",0
13.70943,"/drivetrain/leftOutputLog",0
13.709434,"/drivetrain/rightOutputLog",0
13.709731,"/intake/pos",0
13.709737,"/intake/output",0
13.709977,"/shooter/rpm",0
13.710047,"/shooter/output",0.1
13.710125,"/shooter/hasBall",true
13.710164,"/shooter/temperature",40
13.710325,"/climber/rightPos",0
13.72947,"/drivetrain/leftPos",0
13.729497,"/drivetrain/leftVelocity",0
13.729516,"/drivetrain/rightPos",0
13.72953,"/drivetrain/rightVelocity",0
13.729633,"/drivetrain/heading",-2.2300000190734863
13.729647,"/drivetrain/headingVelocity",0
13.729654,"/drivetrain/xAcceleration",0
13.72966,"/drivetrain/yAcceleration",0
13.729664,"/drivetrain/leftOutputLog",0
13.729668,"/drivetrain/rightOutputLog",0
13.730473,"/intake/pos",0
13.73048,"/intake/output",0
13.730944,"/shooter/rpm",0
13.730964,"/shooter/output",0.1
13.731002,"/shooter/hasBall",true
13.73103,"/shooter/temperature",40
13.731203,"/climber/rightPos",0
13.749282,"/drivetrain/leftPos",0
13.749425,"/drivetrain/leftVelocity",0
13.749446,"/drivetrain/rightPos",0
13.74946,"/drivetrain/rightVelocity",0
13.749762,"/drivetrain/heading",-2.2200000286102295
13.749774,"/drivetrain/headingVelocity",-0.1220703050494194
13.749781,"/drivetrain/xAcceleration",0
13.749786,"/drivetrain/yAcceleration",0
13.749791,"/drivetrain/leftOutputLog",0
13.749795,"/drivetrain/rightOutputLog",0
13.750225,"/intake/pos",0
13.75023,"/intake/output",0
13.750992,"/shooter/rpm",0
13.75101,"/shooter/output",0.1
13.75105,"/shooter/hasBall",true
13.751076,"/shooter/temperature",40
13.751327,"/climber/rightPos",0
13.769494,"/drivetrain/leftPos",0
13.76952,"/drivetrain/leftVelocity",0
13.769537,"/drivetrain/rightPos",0
13.769551,"/drivetrain/rightVelocity",0
13.769869,"/drivetrain/heading",-2.2200000286102295
13.769968,"/drivetrain/headingVelocity",0
13.769975,"/drivetrain/xAcceleration",0
13.769981,"/drivetrain/yAcceleration",0
13.769986,"/drivetrain/leftOutputLog",0
13.76999,"/drivetrain/rightOutputLog",0
13.770532,"/intake/pos",0
13.770553,"/intake/output",0
13.771156,"/shooter/rpm",0
13.771176,"/shooter/output",0.1
13.771215,"/shooter/hasBall",true
13.77126,"/shooter/temperature",40
13.771415,"/climber/rightPos",0
13.789246,"/drivetrain/leftPos",0
13.789269,"/drivetrain/leftVelocity",0
13.789284,"/drivetrain/rightPos",0
13.789297,"/drivetrain/rightVelocity",0
13.789337,"/drivetrain/heading",-2.2200000286102295
13.789346,"/drivetrain/headingVelocity",0
13.789352,"/drivetrain/xAcceleration",0
13.789356,"/drivetrain/yAcceleration",-0.004000000189989805
13.789361,"/drivetrain/leftOutputLog",0
13.789365,"/drivetrain/rightOutputLog",0
13.789581,"/intake/pos",0
13.789586,"/intake/output",0
13.789864,"/shooter/rpm",0
13.789887,"/shooter/output",0.1
13.789928,"/shooter/hasBall",true
13.790026,"/shooter/temperature",40
13.79028,"/climber/rightPos",0
13.809465,"/drivetrain/leftPos",0
13.809487,"/drivetrain/leftVelocity",0
13.809503,"/drivetrain/rightPos",0
13.809516,"/drivetrain/rightVelocity",0
13.809562,"/drivetrain/heading",-2.2200000286102295
13.809572,"/drivetrain/headingVelocity",0.0610351525247097
13.809578,"/drivetrain/xAcceleration",0
13.809584,"/drivetrain/yAcceleration",-0.004000000189989805
13.809589,"/drivetrain/leftOutputLog",0
13.809593,"/drivetrain/rightOutputLog",0
13.809912,"/intake/pos",0
13.809917,"/intake/output",0
13.810151,"/shooter/rpm",0
13.810321,"/shooter/output",0.1
13.810365,"/shooter/hasBall",true
13.810415,"/shooter/temperature",40
13.810636,"/climber/rightPos",0
13.829505,"/drivetrain/leftPos",0
13.829531,"/drivetrain/leftVelocity",0
13.829549,"/drivetrain/rightPos",0
13.829564,"/drivetrain/rightVelocity",0
13.829611,"/drivetrain/heading",-2.2200000286102295
13.829622,"/drivetrain/headingVelocity",0
13.82963,"/drivetrain/xAcceleration",0
13.829635,"/drivetrain/yAcceleration",0
13.82964,"/drivetrain/leftOutputLog",0
13.829644,"/drivetrain/rightOutputLog",0
13.830512,"/intake/pos",0
13.830518,"/intake/output",0
13.831075,"/shooter/rpm",0
13.831097,"/shooter/output",0.1
13.831134,"/shooter/hasBall",true
13.831182,"/shooter/temperature",40
13.831343,"/climber/rightPos",0
13.849376,"/drivetrain/leftPos",0
13.849406,"/drivetrain/leftVelocity",0
13.849424,"/drivetrain/rightPos",0
13.849438,"/drivetrain/rightVelocity",0
13.849485,"/drivetrain/heading",-2.2200000286102295
13.849495,"/drivetrain/headingVelocity",0
13.849501,"/drivetrain/xAcceleration",0
13.849506,"/drivetrain/yAcceleration",0
13.849511,"/drivetrain/leftOutputLog",0
13.849515,"/drivetrain/rightOutputLog",0
13.849852,"/intake/pos",0
13.849858,"/intake/output",0
13.850167,"/shooter/rpm",0
13.850186,"/shooter/output",0.1
13.850223,"/shooter/hasBall",true
13.850273,"/shooter/temperature",40
13.850471,"/climber/rightPos",0
13.86941,"/drivetrain/leftPos",0
13.869435,"/drivetrain/leftVelocity",0
13.869452,"/drivetrain/rightPos",0
13.869466,"/drivetrain/rightVelocity",0
13.869639,"/drivetrain/heading",-2.2300000190734863
13.86965,"/drivetrain/headingVelocity",0.0610351525247097
13.869657,"/drivetrain/xAcceleration",0
13.869663,"/drivetrain/yAcceleration",0
13.869668,"/drivetrain/leftOutputLog",0
13.869735,"/drivetrain/rightOutputLog",0
13.870654,"/intake/pos",0
13.870659,"/intake/output",0
13.871362,"/shooter/rpm",0
13.871388,"/shooter/output",0.1
13.871428,"/shooter/hasBall",true
13.87147,"/shooter/temperature",40
13.871641,"/climber/rightPos",0
13.889251,"/drivetrain/leftPos",0
13.889273,"/drivetrain/leftVelocity",0
13.889289,"/drivetrain/rightPos",0
13.889301,"/drivetrain/rightVelocity",0
13.889342,"/drivetrain/heading",-2.2300000190734863
13.889349,"/drivetrain/headingVelocity",0
13.889355,"/drivetrain/xAcceleration",0
13.88936,"/drivetrain/yAcceleration",0
13.889364,"/drivetrain/leftOutputLog",0
13.889368,"/drivetrain/rightOutputLog",0
13.88956,"/intake/pos",0
13.889565,"/intake/output",0
13.889773,"/shooter/rpm",0
13.889938,"/shooter/output",0.1
13.889984,"/shooter/hasBall",true
13.890015,"/shooter/temperature",40
13.890548,"/climber/rightPos",0
13.909403,"/drivetrain/leftPos",0
13.909424,"/drivetrain/leftVelocity",0
13.909441,"/drivetrain/rightPos",0
13.909453,"/drivetrain/rightVelocity",0
13.909502,"/drivetrain/heading",-2.2300000190734863
13.909511,"/drivetrain/headingVelocity",0
13.909517,"/drivetrain/xAcceleration",0
13.909523,"/drivetrain/yAcceleration",0
13.909528,"/drivetrain/leftOutputLog",0
13.909532,"/drivetrain/rightOutputLog",0
13.909747,"/intake/pos",0
13.909752,"/intake/output",0
13.91001,"/shooter/rpm",0
13.91003,"/shooter/output",0.1
13.910068,"/shooter/hasBall",true
13.91027,"/shooter/temperature",40
13.910988,"/climber/rightPos",0
13.929393,"/drivetrain/leftPos",0
13.929416,"/drivetrain/leftVelocity",0
13.929431,"/drivetrain/rightPos",0
13.929444,"/drivetrain/rightVelocity",0
13.929491,"/drivetrain/heading",-2.2300000190734863
13.9295,"/drivetrain/headingVelocity",0
13.929506,"/drivetrain/xAcceleration",0
13.929512,"/drivetrain/yAcceleration",0
13.929517,"/drivetrain/leftOutputLog",0
13.92952,"/drivetrain/rightOutputLog",0
13.929998,"/intake/pos",0
13.930005,"/intake/output",0
13.930588,"/shooter/rpm",0
13.930622,"/shooter/output",0.1
13.930693,"/shooter/hasBall",true
13.931112,"/shooter/temperature",40
13.931332,"/climber/rightPos",0
13.949938,"/drivetrain/leftPos",0
13.950247,"/drivetrain/leftVelocity",0
13.950447,"/drivetrain/rightPos",0
13.950468,"/drivetrain/rightVelocity",0
13.950508,"/drivetrain/heading",-2.2300000190734863
13.950517,"/drivetrain/headingVelocity",0
13.950523,"/drivetrain/xAcceleration",0.003000000026077032
13.950528,"/drivetrain/yAcceleration",0
13.950532,"/drivetrain/leftOutputLog",0
13.950536,"/drivetrain/rightOutputLog",0
13.950866,"/intake/pos",0
13.950871,"/intake/output",0
13.951168,"/shooter/rpm",0
13.951193,"/shooter/output",0.1
13.951233,"/shooter/hasBall",true
13.951267,"/shooter/temperature",40
13.951425,"/climber/rightPos",0
13.96954,"/drivetrain/leftPos",0
13.969562,"/drivetrain/leftVelocity",0
13.969577,"/drivetrain/rightPos",0
13.969589,"/drivetrain/rightVelocity",0
13.969622,"/drivetrain/heading",-2.2300000190734863
13.96963,"/drivetrain/headingVelocity",0
13.969635,"/drivetrain/xAcceleration",0
13.96964,"/drivetrain/yAcceleration",0
13.969645,"/drivetrain/leftOutputLog",0
13.969649,"/drivetrain/rightOutputLog",0
13.969937,"/intake/pos",0
13.969942,"/intake/output",0
13.970903,"/shooter/rpm",0
13.970941,"/shooter/output",0.1
13.971027,"/shooter/hasBall",true
13.971058,"/shooter/temperature",40
13.971498,"/climber/rightPos",0
13.989255,"/drivetrain/leftPos",0
13.989276,"/drivetrain/leftVelocity",0
13.989291,"/drivetrain/rightPos",0
13.989304,"/drivetrain/rightVelocity",0
13.989342,"/drivetrain/heading",-2.2300000190734863
13.989351,"/drivetrain/headingVelocity",0
13.989356,"/drivetrain/xAcceleration",0
13.989361,"/drivetrain/yAcceleration",0
13.989366,"/drivetrain/leftOutputLog",0
13.989369,"/drivetrain/rightOutputLog",0
13.989923,"/intake/pos",0
13.989929,"/intake/output",0
13.990589,"/shooter/rpm",0
13.990616,"/shooter/output",0.1
13.990661,"/shooter/hasBall",true
13.990689,"/shooter/temperature",40
13.991177,"/climber/rightPos",0
14.009378,"/drivetrain/leftPos",0
14.009399,"/drivetrain/leftVelocity",0
14.009426,"/drivetrain/rightPos",0
14.009439,"/drivetrain/rightVelocity",0
14.00948,"/drivetrain/heading",-2.2300000190734863
14.009488,"/drivetrain/headingVelocity",0
14.009493,"/drivetrain/xAcceleration",0
14.009498,"/drivetrain/yAcceleration",0
14.009503,"/drivetrain/leftOutputLog",0
14.009507,"/drivetrain/rightOutputLog",0
14.009691,"/intake/pos",0
14.009695,"/intake/output",0
14.009943,"/shooter/rpm",0
14.009965,"/shooter/output",0.1
14.010002,"/shooter/hasBall",true
14.010046,"/shooter/temperature",40
14.010203,"/climber/rightPos",0
14.02949,"/drivetrain/leftPos",0
14.029513,"/drivetrain/leftVelocity",0
14.029528,"/drivetrain/rightPos",0
14.029541,"/drivetrain/rightVelocity",0
14.029577,"/drivetrain/heading",-2.2300000190734863
14.029586,"/drivetrain/headingVelocity",0
14.029591,"/drivetrain/xAcceleration",0
14.029596,"/drivetrain/yAcceleration",0
14.029601,"/drivetrain/leftOutputLog",0
14.029604,"/drivetrain/rightOutputLog",0
14.029808,"/intake/pos",0
14.029813,"/intake/output",0
14.030261,"/shooter/rpm",0
14.030282,"/shooter/output",0.1
14.030322,"/shooter/hasBall",true
14.030368,"/shooter/temperature",40
14.030894,"/climber/rightPos",0
14.049271,"/drivetrain/leftPos",0
14.049293,"/drivetrain/leftVelocity",0
14.049309,"/drivetrain/rightPos",0
14.049321,"/drivetrain/rightVelocity",0
14.049359,"/drivetrain/heading",-2.2200000286102295
14.049368,"/drivetrain/headingVelocity",-0.30517578125
14.049373,"/drivetrain/xAcceleration",0
14.049378,"/drivetrain/yAcceleration",0.004999999888241291
14.049383,"/drivetrain/leftOutputLog",0
14.049387,"/drivetrain/rightOutputLog",0
14.049696,"/intake/pos",0
14.049701,"/intake/output",0
14.050195,"/shooter/rpm",0
14.050287,"/shooter/output",0.1
14.050335,"/shooter/hasBall",true
14.050382,"/shooter/temperature",40
14.050816,"/climber/rightPos",0
14.069815,"/drivetrain/leftPos",0
14.069842,"/drivetrain/leftVelocity",0
14.06986,"/drivetrain/rightPos",0
14.069873,"/drivetrain/rightVelocity",0
14.069923,"/drivetrain/heading",-2.2100000381469727
14.069932,"/drivetrain/headingVelocity",-0.54931640625
14.069938,"/drivetrain/xAcceleration",0
14.069943,"/drivetrain/yAcceleration",0.007000000216066837
14.069948,"/drivetrain/leftOutputLog",0
14.069952,"/drivetrain/rightOutputLog",0
14.070566,"/intake/pos",0
14.070817,"/intake/output",0
14.071114,"/shooter/rpm",0
14.071135,"/shooter/output",0.1
14.071172,"/shooter/hasBall",true
14.071223,"/shooter/temperature",40
14.071379,"/climber/rightPos",0
14.089278,"/drivetrain/leftPos",0
14.0893,"/drivetrain/leftVelocity",0
14.089315,"/drivetrain/rightPos",0
14.089327,"/drivetrain/rightVelocity",0
14.089362,"/drivetrain/heading",-2.200000047683716
14.089371,"/drivetrain/headingVelocity",-0.54931640625
14.089376,"/drivetrain/xAcceleration",0.004000000189989805
14.089381,"/drivetrain/yAcceleration",0.00800000037997961
14.089386,"/drivetrain/leftOutputLog",0
14.089389,"/drivetrain/rightOutputLog",0
14.089569,"/intake/pos",0
14.089574,"/intake/output",0
14.089857,"/shooter/rpm",0
14.089984,"/shooter/output",0.1
14.090037,"/shooter/hasBall",true
14.090612,"/shooter/temperature",40
14.091334,"/climber/rightPos",0
14.109574,"/drivetrain/leftPos",0
14.1096,"/drivetrain/leftVelocity",0
14.109616,"/drivetrain/rightPos",0
14.109629,"/drivetrain/rightVelocity",0
14.109675,"/drivetrain/heading",-2.200000047683716
14.109684,"/drivetrain/headingVelocity",0
14.109689,"/drivetrain/xAcceleration",-0.004000000189989805
14.109695,"/drivetrain/yAcceleration",-0.008999999612569809
14.109699,"/drivetrain/leftOutputLog",0
14.109703,"/drivetrain/rightOutputLog",0
14.109994,"/intake/pos",0
14.109999,"/intake/output",0
14.110216,"/shooter/rpm",0
14.110279,"/shooter/output",0.1
14.110318,"/shooter/hasBall",true
14.110356,"/shooter/temperature",40
14.110506,"/climber/rightPos",0
14.129288,"/drivetrain/leftPos",0
14.129311,"/drivetrain/leftVelocity",0
14.129326,"/drivetrain/rightPos",0
14.129339,"/drivetrain/rightVelocity",0
14.129377,"/drivetrain/heading",-2.200000047683716
14.129385,"/drivetrain/headingVelocity",0.1220703050494194
14.129391,"/drivetrain/xAcceleration",-0.007000000216066837
14.129396,"/drivetrain/yAcceleration",-0.008999999612569809
14.129401,"/drivetrain/leftOutputLog",0
14.129405,"/drivetrain/rightOutputLog",0
14.129594,"/intake/pos",0
14.129599,"/intake/output",0
14.129804,"/shooter/rpm",0
14.129868,"/shooter/output",0.1
14.129913,"/shooter/hasBall",true
14.12995,"/shooter/temperature",40
14.130102,"/climber/rightPos",0
14.150056,"/drivetrain/leftPos",0
14.15008,"/drivetrain/leftVelocity",0
14.150096,"/drivetrain/rightPos",0
14.15011,"/drivetrain/rightVelocity",0
14.150151,"/drivetrain/heading",-2.200000047683716
14.150161,"/drivetrain/headingVelocity",0.1220703050494194
14.150167,"/drivetrain/xAcceleration",0
14.150172,"/drivetrain/yAcceleration",-0.004999999888241291
14.150177,"/drivetrain/leftOutputLog",0
14.150181,"/drivetrain/rightOutputLog",0
14.15053,"/intake/pos",0
14.150535,"/intake/output",0
14.150782,"/shooter/rpm",0
14.150808,"/shooter/output",0.1
14.150847,"/shooter/hasBall",true
14.150893,"/shooter/temperature",40
14.152513,"/climber/rightPos",0
14.169803,"/drivetrain/leftPos",0
14.169834,"/drivetrain/leftVelocity",0
14.169851,"/drivetrain/rightPos",0
14.169864,"/drivetrain/rightVelocity",0
14.169908,"/drivetrain/heading",-2.2100000381469727
14.169917,"/drivetrain/headingVelocity",0.0610351525247097
14.169923,"/drivetrain/xAcceleration",0.003000000026077032
14.169928,"/drivetrain/yAcceleration",0.004000000189989805
14.169934,"/drivetrain/leftOutputLog",0
14.169938,"/drivetrain/rightOutputLog",0
14.170425,"/intake/pos",0
14.170431,"/intake/output",0
14.170702,"/shooter/rpm",0
14.170727,"/shooter/output",0.1
14.170766,"/shooter/hasBall",true
14.170793,"/shooter/temperature",40
14.171,"/climber/rightPos",0
14.189733,"/drivetrain/leftPos",0
14.189761,"/drivetrain/leftVelocity",0
14.189778,"/drivetrain/rightPos",0
14.189791,"/drivetrain/rightVelocity",0
14.189834,"/drivetrain/heading",-2.2100000381469727
14.189843,"/drivetrain/headingVelocity",0
14.189849,"/drivetrain/xAcceleration",0
14.189854,"/drivetrain/yAcceleration",0.004999999888241291
14.189859,"/drivetrain/leftOutputLog",0
14.189862,"/drivetrain/rightOutputLog",0
14.190598,"/intake/pos",0
14.190604,"/intake/output",0
14.190826,"/shooter/rpm",0
14.190852,"/shooter/output",0.1
14.19089,"/shooter/hasBall",true
14.190924,"/shooter/temperature",40
14.191125,"/climber/rightPos",0
14.209589,"/drivetrain/leftPos",0
14.209614,"/drivetrain/leftVelocity",0
14.20963,"/drivetrain/rightPos",0
14.209643,"/drivetrain/rightVelocity",0
14.209688,"/drivetrain/heading",-2.2100000381469727
14.209697,"/drivetrain/headingVelocity",0
14.209703,"/drivetrain/xAcceleration",0
14.209708,"/drivetrain/yAcceleration",0.004000000189989805
14.209713,"/drivetrain/leftOutputLog",0
14.209717,"/drivetrain/rightOutputLog",0
14.210078,"/intake/pos",0
14.210084,"/intake/output",0
14.210494,"/shooter/rpm",0
14.210628,"/shooter/output",0.1
14.211486,"/shooter/hasBall",true
14.211523,"/shooter/temperature",40
14.211809,"/climber/rightPos",0
14.229416,"/drivetrain/leftPos",0
14.22944,"/drivetrain/leftVelocity",0
14.229456,"/drivetrain/rightPos",0
14.229468,"/drivetrain/rightVelocity",0
14.229517,"/drivetrain/heading",-2.200000047683716
14.229527,"/drivetrain/headingVelocity",-0.1220703050494194
14.229533,"/drivetrain/xAcceleration",0
14.229538,"/drivetrain/yAcceleration",-0.003000000026077032
14.229543,"/drivetrain/leftOutputLog",0
14.229547,"/drivetrain/rightOutputLog",0
14.230133,"/intake/pos",0
14.230138,"/intake/output",0
14.230473,"/shooter/rpm",0
14.230502,"/shooter/output",0.1
14.230546,"/shooter/hasBall",true
14.230808,"/shooter/temperature",40
14.231002,"/climber/rightPos",0
14.250952,"/drivetrain/leftPos",0
14.250974,"/drivetrain/leftVelocity",0
14.25099,"/drivetrain/rightPos",0
14.251004,"/drivetrain/rightVelocity",0
14.251041,"/drivetrain/heading",-2.200000047683716
14.25105,"/drivetrain/headingVelocity",0
14.251056,"/drivetrain/xAcceleration",-0.004000000189989805
14.251061,"/drivetrain/yAcceleration",-0.006000000052154064
14.251066,"/drivetrain/leftOutputLog",0
14.25107,"/drivetrain/rightOutputLog",0
14.251318,"/intake/pos",0
14.251323,"/intake/output",0
14.251677,"/shooter/rpm",0
14.251708,"/shooter/output",0.1
14.251749,"/shooter/hasBall",true
14.251885,"/shooter/temperature",40
14.252103,"/climber/rightPos",0
14.271944,"/drivetrain/leftPos",0
14.271966,"/drivetrain/leftVelocity",0
14.271981,"/drivetrain/rightPos",0
14.271994,"/drivetrain/rightVelocity",0
14.272031,"/drivetrain/heading",-2.2100000381469727
14.27204,"/drivetrain/headingVelocity",0.2441406100988388
14.272045,"/drivetrain/xAcceleration",0
14.27205,"/drivetrain/yAcceleration",0
14.272055,"/drivetrain/leftOutputLog",0
14.272059,"/drivetrain/rightOutputLog",0
14.272336,"/intake/pos",0
14.272341,"/intake/output",0
14.272563,"/shooter/rpm",0
14.27259,"/shooter/output",0.1
14.272628,"/shooter/hasBall",true
14.272673,"/shooter/temperature",40
14.272878,"/climber/rightPos",0
14.28928,"/drivetrain/leftPos",0
14.289302,"/drivetrain/leftVelocity",0
14.289317,"/drivetrain/rightPos",0
14.289329,"/drivetrain/rightVelocity",0
14.289368,"/drivetrain/heading",-2.2100000381469727
14.289376,"/drivetrain/headingVelocity",0.2441406100988388
14.289381,"/drivetrain/xAcceleration",0
14.289386,"/drivetrain/yAcceleration",0
14.289391,"/drivetrain/leftOutputLog",0
14.289395,"/drivetrain/rightOutputLog",0
14.289698,"/intake/pos",0
14.289707,"/intake/output",0
14.290178,"/shooter/rpm",0
14.290209,"/shooter/output",0.1
14.290251,"/shooter/hasBall",true
14.291271,"/shooter/temperature",40
14.291501,"/climber/rightPos",0
14.309368,"/drivetrain/leftPos",0
14.3094,"/drivetrain/leftVelocity",0
14.309416,"/drivetrain/rightPos",0
14.309429,"/drivetrain/rightVelocity",0
14.30947,"/drivetrain/heading",-2.2100000381469727
14.309478,"/drivetrain/headingVelocity",0.1831054538488388
14.309484,"/drivetrain/xAcceleration",0
14.309489,"/drivetrain/yAcceleration",0.003000000026077032
14.309494,"/drivetrain/leftOutputLog",0
14.309498,"/drivetrain/rightOutputLog",0
14.309691,"/intake/pos",0
14.309696,"/intake/output",0
14.309951,"/shooter/rpm",0
14.309977,"/shooter/output",0.1
14.310016,"/shooter/hasBall",true
14.31006,"/shooter/temperature",40
14.310223,"/climber/rightPos",0
14.330009,"/drivetrain/leftPos",0
14.330033,"/drivetrain/leftVelocity",0
14.33005,"/drivetrain/rightPos",0
14.330064,"/drivetrain/rightVelocity",0
14.330109,"/drivetrain/heading",-2.2200000286102295
14.330118,"/drivetrain/headingVelocity",0.1220703050494194
14.330124,"/drivetrain/xAcceleration",0
14.330129,"/drivetrain/yAcceleration",0.004000000189989805
14.330134,"/drivetrain/leftOutputLog",0
14.330138,"/drivetrain/rightOutputLog",0
14.33066,"/intake/pos",0
14.330665,"/intake/output",0
14.331266,"/shooter/rpm",0
14.331295,"/shooter/output",0.1
14.331342,"/shooter/hasBall",true
14.33181,"/shooter/temperature",40
14.332044,"/climber/rightPos",0
14.349274,"/drivetrain/leftPos",0
14.349297,"/drivetrain/leftVelocity",0
14.349467,"/drivetrain/rightPos",0
14.349494,"/drivetrain/rightVelocity",0
14.34954,"/drivetrain/heading",-2.2200000286102295
14.349564,"/drivetrain/headingVelocity",0.1220703050494194
14.349571,"/drivetrain/xAcceleration",-0.006000000052154064
14.349576,"/drivetrain/yAcceleration",0.00800000037997961
14.349581,"/drivetrain/leftOutputLog",0
14.349586,"/drivetrain/rightOutputLog",0
14.350368,"/intake/pos",0
14.350374,"/intake/output",0
14.351566,"/shooter/rpm",0
14.351584,"/shooter/output",0.1
14.351627,"/shooter/hasBall",true
14.351672,"/shooter/temperature",40
14.35186,"/climber/rightPos",0
14.369869,"/drivetrain/leftPos",0
14.369893,"/drivetrain/leftVelocity",0
14.36991,"/drivetrain/rightPos",0
14.369923,"/drivetrain/rightVelocity",0
14.370144,"/drivetrain/heading",-2.2300000190734863
14.370155,"/drivetrain/headingVelocity",0.1831054538488388
14.370162,"/drivetrain/xAcceleration",0
14.370167,"/drivetrain/yAcceleration",0
14.370172,"/drivetrain/leftOutputLog",0
14.370176,"/drivetrain/rightOutputLog",0
14.371116,"/intake/pos",0
14.371122,"/intake/output",0
14.37135,"/shooter/rpm",0
14.371445,"/shooter/output",0.1
14.371487,"/shooter/hasBall",true
14.371531,"/shooter/temperature",40
14.371687,"/climber/rightPos",0
14.390014,"/drivetrain/leftPos",0
14.390037,"/drivetrain/leftVelocity",0
14.390053,"/drivetrain/rightPos",0
14.390065,"/drivetrain/rightVelocity",0
14.390102,"/drivetrain/heading",-2.2300000190734863
14.390111,"/drivetrain/headingVelocity",0.3662109076976776
14.390116,"/drivetrain/xAcceleration",0.003000000026077032
14.390121,"/drivetrain/yAcceleration",-0.003000000026077032
14.390126,"/drivetrain/leftOutputLog",0
14.39013,"/drivetrain/rightOutputLog",0
14.390348,"/intake/pos",0
14.390353,"/intake/output",0
14.39062,"/shooter/rpm",0
14.390647,"/shooter/output",0.1
14.390693,"/shooter/hasBall",true
14.39072,"/shooter/temperature",40
14.392303,"/climber/rightPos",0
14.409293,"/drivetrain/leftPos",0
14.409315,"/drivetrain/leftVelocity",0
14.40933,"/drivetrain/rightPos",0
14.409353,"/drivetrain/rightVelocity",0
14.409394,"/drivetrain/heading",-2.240000009536743
14.409403,"/drivetrain/headingVelocity",0.1220703050494194
14.409409,"/drivetrain/xAcceleration",0
14.409414,"/drivetrain/yAcceleration",0
14.409418,"/drivetrain/leftOutputLog",0
14.409422,"/drivetrain/rightOutputLog",0
14.409627,"/intake/pos",0
14.409631,"/intake/output",0
14.409883,"/shooter/rpm",0
14.409906,"/shooter/output",0.1
14.409942,"/shooter/hasBall",true
14.40998,"/shooter/temperature",40
14.410136,"/climber/rightPos",0
14.429437,"/drivetrain/leftPos",0
14.429458,"/drivetrain/leftVelocity",0
14.429473,"/drivetrain/rightPos",0
14.429485,"/drivetrain/rightVelocity",0
14.429523,"/drivetrain/heading",-2.240000009536743
14.429532,"/drivetrain/headingVelocity",0
14.429537,"/drivetrain/xAcceleration",0.003000000026077032
14.429543,"/drivetrain/yAcceleration",0
14.429547,"/drivetrain/leftOutputLog",0
14.429551,"/drivetrain/rightOutputLog",0
14.429781,"/intake/pos",0
14.429787,"/intake/output",0
14.430324,"/shooter/rpm",0
14.430355,"/shooter/output",0.1
14.4304,"/shooter/hasBall",true
14.430436,"/shooter/temperature",40
14.430847,"/climber/rightPos",0
14.449303,"/drivetrain/leftPos",0
14.449328,"/drivetrain/leftVelocity",0
14.449792,"/drivetrain/rightPos",0
14.449844,"/drivetrain/rightVelocity",0
14.449882,"/drivetrain/heading",-2.240000009536743
14.449891,"/drivetrain/headingVelocity",-0.0610351525247097
14.449898,"/drivetrain/xAcceleration",0.003000000026077032
14.449903,"/drivetrain/yAcceleration",0
14.449908,"/drivetrain/leftOutputLog",0
14.449912,"/drivetrain/rightOutputLog",0
14.450425,"/intake/pos",0
14.45043,"/intake/output",0
14.450667,"/shooter/rpm",0
14.450694,"/shooter/output",0.1
14.450735,"/shooter/hasBall",true
14.450764,"/shooter/temperature",40
14.451626,"/climber/rightPos",0
14.469303,"/drivetrain/leftPos",0
14.469326,"/drivetrain/leftVelocity",0
14.469343,"/drivetrain/rightPos",0
14.469362,"/drivetrain/rightVelocity",0
14.4694,"/drivetrain/heading",-2.240000009536743
14.469408,"/drivetrain/headingVelocity",0
14.469413,"/drivetrain/xAcceleration",0
14.469542,"/drivetrain/yAcceleration",0
14.46955,"/drivetrain/leftOutputLog",0
14.469554,"/drivetrain/rightOutputLog",0
14.469823,"/intake/pos",0
14.469829,"/intake/output",0
14.470241,"/shooter/rpm",0
14.470865,"/shooter/output",0.1
14.470922,"/shooter/hasBall",true
14.470951,"/shooter/temperature",40
14.471169,"/climber/rightPos",0
14.489241,"/drivetrain/leftPos",0
14.489263,"/drivetrain/leftVelocity",0
14.489279,"/drivetrain/rightPos",0
14.489292,"/drivetrain/rightVelocity",0
14.489331,"/drivetrain/heading",-2.240000009536743
14.489339,"/drivetrain/headingVelocity",0
14.489345,"/drivetrain/xAcceleration",-0.003000000026077032
14.48935,"/drivetrain/yAcceleration",0
14.489354,"/drivetrain/leftOutputLog",0
14.489358,"/drivetrain/rightOutputLog",0
14.48969,"/intake/pos",0
14.489695,"/intake/output",0
14.490103,"/shooter/rpm",0
14.490194,"/shooter/output",0.1
14.490243,"/shooter/hasBall",true
14.490292,"/shooter/temperature",40
14.490534,"/climber/rightPos",0
14.509419,"/drivetrain/leftPos",0
14.509443,"/drivetrain/leftVelocity",0
14.509464,"/drivetrain/rightPos",0
14.509476,"/drivetrain/rightVelocity",0
14.509512,"/drivetrain/heading",-2.240000009536743
14.50952,"/drivetrain/headingVelocity",0
14.509526,"/drivetrain/xAcceleration",0
14.509531,"/drivetrain/yAcceleration",0
14.509535,"/drivetrain/leftOutputLog",0
14.509539,"/drivetrain/rightOutputLog",0
14.509736,"/intake/pos",0
14.509741,"/intake/output",0
14.509978,"/shooter/rpm",0
14.51,"/shooter/output",0.1
14.510038,"/shooter/hasBall",true
14.510085,"/shooter/temperature",40
14.510451,"/climber/rightPos",0
14.529286,"/drivetrain/leftPos",0
14.529308,"/drivetrain/leftVelocity",0
14.529324,"/drivetrain/rightPos",0
14.529338,"/drivetrain/rightVelocity",0
14.529502,"/drivetrain/heading",-2.240000009536743
14.529513,"/drivetrain/headingVelocity",0.0610351525247097
14.529518,"/drivetrain/xAcceleration",0
14.529524,"/drivetrain/yAcceleration",0
14.529529,"/drivetrain/leftOutputLog",0
14.529533,"/drivetrain/rightOutputLog",0
14.531063,"/intake/pos",0
14.53107,"/intake/output",0
14.531319,"/shooter/rpm",0
14.531339,"/shooter/output",0.1
14.531375,"/shooter/hasBall",true
14.53142,"/shooter/temperature",40
14.531594,"/climber/rightPos",0
14.54935,"/drivetrain/leftPos",0
14.549372,"/drivetrain/leftVelocity",0
14.549388,"/drivetrain/rightPos",0
14.54941,"/drivetrain/rightVelocity",0
14.549451,"/drivetrain/heading",-2.240000009536743
14.549459,"/drivetrain/headingVelocity",0
14.549465,"/drivetrain/xAcceleration",0
14.54947,"/drivetrain/yAcceleration",0
14.549475,"/drivetrain/leftOutputLog",0
14.549479,"/drivetrain/rightOutputLog",0
14.550043,"/intake/pos",0
14.550048,"/intake/output",0
14.550342,"/shooter/rpm",0
14.551076,"/shooter/output",0.1
14.551211,"/shooter/hasBall",true
14.55126,"/shooter/temperature",40
14.551531,"/climber/rightPos",0
14.569477,"/drivetrain/leftPos",0
14.569499,"/drivetrain/leftVelocity",0
14.569515,"/drivetrain/rightPos",0
14.569528,"/drivetrain/rightVelocity",0
14.569563,"/drivetrain/heading",-2.240000009536743
14.569571,"/drivetrain/headingVelocity",0
14.569577,"/drivetrain/xAcceleration",0
14.569582,"/drivetrain/yAcceleration",0.003000000026077032
14.569586,"/drivetrain/leftOutputLog",0
14.56959,"/drivetrain/rightOutputLog",0
14.570026,"/intake/pos",0
14.570032,"/intake/output",0
14.571578,"/shooter/rpm",0
14.571603,"/shooter/output",0.1
14.57165,"/shooter/hasBall",true
14.571707,"/shooter/temperature",40
14.571948,"/climber/rightPos",0
14.589393,"/drivetrain/leftPos",0
14.589415,"/drivetrain/leftVelocity",0
14.589431,"/drivetrain/rightPos",0
14.589443,"/drivetrain/rightVelocity",0
14.589482,"/drivetrain/heading",-2.240000009536743
14.58949,"/drivetrain/headingVelocity",0
14.589496,"/drivetrain/xAcceleration",0
14.589501,"/drivetrain/yAcceleration",0
14.589506,"/drivetrain/leftOutputLog",0
14.58951,"/drivetrain/rightOutputLog",0
14.589828,"/intake/pos",0
14.589833,"/intake/output",0
14.590278,"/shooter/rpm",0
14.590308,"/shooter/output",0.1
14.59035,"/shooter/hasBall",true
14.590398,"/shooter/temperature",40
14.590615,"/climber/rightPos",0
14.609643,"/drivetrain/leftPos",0
14.609666,"/drivetrain/leftVelocity",0
14.609681,"/drivetrain/rightPos",0
14.609693,"/drivetrain/rightVelocity",0
14.609733,"/drivetrain/heading",-2.240000009536743
14.609741,"/drivetrain/headingVelocity",0
14.609747,"/drivetrain/xAcceleration",0
14.609752,"/drivetrain/yAcceleration",0
14.609756,"/drivetrain/leftOutputLog",0
14.60976,"/drivetrain/rightOutputLog",0
14.609979,"/intake/pos",0
14.609984,"/intake/output",0
14.610267,"/shooter/rpm",0
14.610293,"/shooter/output",0.1
14.610332,"/shooter/hasBall",true
14.610375,"/shooter/temperature",40
14.610553,"/climber/rightPos",0
14.629275,"/drivetrain/leftPos",0
14.629297,"/drivetrain/leftVelocity",0
14.629312,"/drivetrain/rightPos",0
14.629325,"/drivetrain/rightVelocity",0
14.62936,"/drivetrain/heading",-2.240000009536743
14.629369,"/drivetrain/headingVelocity",0
14.629375,"/drivetrain/xAcceleration",0
14.62938,"/drivetrain/yAcceleration",0
14.629385,"/drivetrain/leftOutputLog",0
14.629389,"/drivetrain/rightOutputLog",0
14.629585,"/intake/pos",0
14.62959,"/intake/output",0
14.629949,"/shooter/rpm",0
14.629971,"/shooter/output",0.1
14.630009,"/shooter/hasBall",true
14.630048,"/shooter/temperature",40
14.630217,"/climber/rightPos",0
14.649283,"/drivetrain/leftPos",0
14.649304,"/drivetrain/leftVelocity",0
14.649319,"/drivetrain/rightPos",0
14.64933,"/drivetrain/rightVelocity",0
14.649367,"/drivetrain/heading",-2.240000009536743
14.649376,"/drivetrain/headingVelocity",0
14.649382,"/drivetrain/xAcceleration",0
14.649387,"/drivetrain/yAcceleration",0
14.649391,"/drivetrain/leftOutputLog",0
14.649395,"/drivetrain/rightOutputLog",0
14.650144,"/intake/pos",0
14.650157,"/intake/output",0
14.650477,"/shooter/rpm",0
14.650507,"/shooter/output",0.1
14.650548,"/shooter/hasBall",true
14.650593,"/shooter/temperature",40
14.651133,"/climber/rightPos",0
14.669263,"/drivetrain/leftPos",0
14.669284,"/drivetrain/leftVelocity",0
14.669299,"/drivetrain/rightPos",0
14.669312,"/drivetrain/rightVelocity",0
14.669351,"/drivetrain/heading",-2.240000009536743
14.669359,"/drivetrain/headingVelocity",0.0610351525247097
14.669365,"/drivetrain/xAcceleration",0
14.66937,"/drivetrain/yAcceleration",-0.003000000026077032
14.669375,"/drivetrain/leftOutputLog",0
14.669379,"/drivetrain/rightOutputLog",0
14.669557,"/intake/pos",0
14.669562,"/intake/output",0
14.66978,"/shooter/rpm",0
14.669804,"/shooter/output",0.1
14.669848,"/shooter/hasBall",true
14.669879,"/shooter/temperature",40
14.670054,"/climber/rightPos",0
14.689324,"/drivetrain/leftPos",0
14.689347,"/drivetrain/leftVelocity",0
14.689364,"/drivetrain/rightPos",0
14.689384,"/drivetrain/rightVelocity",0
14.689421,"/drivetrain/heading",-2.240000009536743
14.689429,"/drivetrain/headingVelocity",0
14.689435,"/drivetrain/xAcceleration",0
14.68944,"/drivetrain/yAcceleration",0
14.689444,"/drivetrain/leftOutputLog",0
14.689448,"/drivetrain/rightOutputLog",0
14.689886,"/intake/pos",0
14.689892,"/intake/output",0
14.690384,"/shooter/rpm",0
14.690416,"/shooter/output",0.1
14.690459,"/shooter/hasBall",true
14.690488,"/shooter/temperature",40
14.691514,"/climber/rightPos",0
14.709277,"/drivetrain/leftPos",0
14.709298,"/drivetrain/leftVelocity",0
14.709312,"/drivetrain/rightPos",0
14.709324,"/drivetrain/rightVelocity",0
14.709359,"/drivetrain/heading",-2.240000009536743
14.709367,"/drivetrain/headingVelocity",0
14.709373,"/drivetrain/xAcceleration",0
14.709378,"/drivetrain/yAcceleration",0
14.709382,"/drivetrain/leftOutputLog",0
14.709386,"/drivetrain/rightOutputLog",0
14.71059,"/intake/pos",0
14.710595,"/intake/output",0
14.710994,"/shooter/rpm",0
14.711033,"/shooter/output",0.1
14.711077,"/shooter/hasBall",true
14.711107,"/shooter/temperature",40
14.711829,"/climber/rightPos",0
14.729286,"/drivetrain/leftPos",0
14.729308,"/drivetrain/leftVelocity",0
14.729325,"/drivetrain/rightPos",0
14.729337,"/drivetrain/rightVelocity",0
14.729378,"/drivetrain/heading",-2.240000009536743
14.729386,"/drivetrain/headingVelocity",0
14.729392,"/drivetrain/xAcceleration",0
14.729397,"/drivetrain/yAcceleration",0
14.729401,"/drivetrain/leftOutputLog",0
14.729405,"/drivetrain/rightOutputLog",0
14.729584,"/intake/pos",0
14.729588,"/intake/output",0
14.729799,"/shooter/rpm",0
14.72986,"/shooter/output",0.1
14.729903,"/shooter/hasBall",true
14.729951,"/shooter/temperature",40
14.730109,"/climber/rightPos",0
14.74927,"/drivetrain/leftPos",0
14.749292,"/drivetrain/leftVelocity",0
14.749308,"/drivetrain/rightPos",0
14.749321,"/drivetrain/rightVelocity",0
14.749356,"/drivetrain/heading",-2.240000009536743
14.749365,"/drivetrain/headingVelocity",0
14.74937,"/drivetrain/xAcceleration",0
14.749375,"/drivetrain/yAcceleration",0
14.74938,"/drivetrain/leftOutputLog",0
14.749383,"/drivetrain/rightOutputLog",0
14.749564,"/intake/pos",0
14.74957,"/intake/output",0
14.750039,"/shooter/rpm",0
14.750066,"/shooter/output",0.1
14.750113,"/shooter/hasBall",true
14.750213,"/shooter/temperature",40
14.750557,"/climber/rightPos",0
14.769292,"/drivetrain/leftPos",0
14.769315,"/drivetrain/leftVelocity",0
14.769343,"/drivetrain/rightPos",0
14.769357,"/drivetrain/rightVelocity",0
14.769407,"/drivetrain/heading",-2.2300000190734863
14.769417,"/drivetrain/headingVelocity",-0.30517578125
14.769423,"/drivetrain/xAcceleration",0
14.769429,"/drivetrain/yAcceleration",0.003000000026077032
14.769666,"/drivetrain/leftOutputLog",0
14.76968,"/drivetrain/rightOutputLog",0
14.77005,"/intake/pos",0
14.770055,"/intake/output",0
14.770519,"/shooter/rpm",0
14.770546,"/shooter/output",0.1
14.770592,"/shooter/hasBall",true
14.770768,"/shooter/temperature",40
14.770983,"/climber/rightPos",0
14.789332,"/drivetrain/leftPos",0
14.789356,"/drivetrain/leftVelocity",0
14.789372,"/drivetrain/rightPos",0
14.789385,"/drivetrain/rightVelocity",0
14.78943,"/drivetrain/heading",-2.2200000286102295
14.789439,"/drivetrain/headingVelocity",-0.4882812201976776
14.789445,"/drivetrain/xAcceleration",0
14.78945,"/drivetrain/yAcceleration",0.003000000026077032
14.789455,"/drivetrain/leftOutputLog",0
14.789458,"/drivetrain/rightOutputLog",0
14.789689,"/intake/pos",0
14.789694,"/intake/output",0
14.790436,"/shooter/rpm",0
14.790467,"/shooter/output",0.1
14.790513,"/shooter/hasBall",true
14.790566,"/shooter/temperature",40
14.791486,"/climber/rightPos",0
14.809266,"/drivetrain/leftPos",0
14.809288,"/drivetrain/leftVelocity",0
14.809304,"/drivetrain/rightPos",0
14.809317,"/drivetrain/rightVelocity",0
14.809352,"/drivetrain/heading",-2.200000047683716
14.80936,"/drivetrain/headingVelocity",-0.7324218153953552
14.809365,"/drivetrain/xAcceleration",0
14.80937,"/drivetrain/yAcceleration",0
14.809375,"/drivetrain/leftOutputLog",0
14.809379,"/drivetrain/rightOutputLog",0
14.809608,"/intake/pos",0
14.809613,"/intake/output",0
14.80981,"/shooter/rpm",0
14.809831,"/shooter/output",0.1
14.809873,"/shooter/hasBall",true
14.809915,"/shooter/temperature",40
14.810093,"/climber/rightPos",0
14.829371,"/drivetrain/leftPos",0
14.830073,"/drivetrain/leftVelocity",0
14.830096,"/drivetrain/rightPos",0
14.83011,"/drivetrain/rightVelocity",0
14.83016,"/drivetrain/heading",-2.180000066757202
14.83017,"/drivetrain/headingVelocity",-0.4882812201976776
14.830177,"/drivetrain/xAcceleration",0
14.830182,"/drivetrain/yAcceleration",-0.007000000216066837
14.830187,"/drivetrain/leftOutputLog",0
14.830191,"/drivetrain/rightOutputLog",0
14.830625,"/intake/pos",0
14.83063,"/intake/output",0
14.83128,"/shooter/rpm",0
14.831301,"/shooter/output",0.1
14.831341,"/shooter/hasBall",true
14.831384,"/shooter/temperature",40
14.831574,"/climber/rightPos",0
14.849392,"/drivetrain/leftPos",0
14.849414,"/drivetrain/leftVelocity",0
14.849429,"/drivetrain/rightPos",0
14.849442,"/drivetrain/rightVelocity",0
14.849483,"/drivetrain/heading",-2.180000066757202
14.849491,"/drivetrain/headingVelocity",-0.1831054538488388
14.849497,"/drivetrain/xAcceleration",0
14.849502,"/drivetrain/yAcceleration",-0.008999999612569809
14.849507,"/drivetrain/leftOutputLog",0
14.84951,"/drivetrain/rightOutputLog",0
14.849695,"/intake/pos",0
14.8497,"/intake/output",0
14.849871,"/shooter/rpm",0
14.849893,"/shooter/output",0.1
14.849929,"/shooter/hasBall",true
14.849956,"/shooter/temperature",40
14.850418,"/climber/rightPos",0
14.869366,"/drivetrain/leftPos",0
14.869399,"/drivetrain/leftVelocity",0
14.869417,"/drivetrain/rightPos",0
14.869433,"/drivetrain/rightVelocity",0
14.869482,"/drivetrain/heading",-2.180000066757202
14.869492,"/drivetrain/headingVelocity",0
14.869498,"/drivetrain/xAcceleration",0
14.869823,"/drivetrain/yAcceleration",-0.009999999776482582
14.869829,"/drivetrain/leftOutputLog",0
14.869833,"/drivetrain/rightOutputLog",0
14.870321,"/intake/pos",0
14.870326,"/intake/output",0
14.870691,"/shooter/rpm",0
14.870726,"/shooter/output",0.1
14.870862,"/shooter/hasBall",true
14.870914,"/shooter/temperature",40
14.871528,"/climber/rightPos",0
14.889373,"/drivetrain/leftPos",0
14.889395,"/drivetrain/leftVelocity",0
14.889411,"/drivetrain/rightPos",0
14.889423,"/drivetrain/rightVelocity",0
14.889463,"/drivetrain/heading",-2.180000066757202
14.889472,"/drivetrain/headingVelocity",0.1220703050494194
14.889478,"/drivetrain/xAcceleration",0
14.889483,"/drivetrain/yAcceleration",-0.004000000189989805
14.889488,"/drivetrain/leftOutputLog",0
14.889492,"/drivetrain/rightOutputLog",0
14.889681,"/intake/pos",0
14.889685,"/intake/output",0
14.890431,"/shooter/rpm",0
14.890462,"/shooter/output",0.1
14.890576,"/shooter/hasBall",true
14.891196,"/shooter/temperature",40
14.891442,"/climber/rightPos",0
14.909282,"/drivetrain/leftPos",0
14.909305,"/drivetrain/leftVelocity",0
14.909399,"/drivetrain/rightPos",0
14.909415,"/drivetrain/rightVelocity",0
14.909458,"/drivetrain/heading",-2.180000066757202
14.909467,"/drivetrain/headingVelocity",0.1220703050494194
14.909472,"/drivetrain/xAcceleration",0
14.909478,"/drivetrain/yAcceleration",0
14.909482,"/drivetrain/leftOutputLog",0
14.909486,"/drivetrain/rightOutputLog",0
14.909745,"/intake/pos",0
14.909751,"/intake/output",0
14.909952,"/shooter/rpm",0
14.909972,"/shooter/output",0.1
14.910005,"/shooter/hasBall",true
14.91003,"/shooter/temperature",40
14.910176,"/climber/rightPos",0
14.929643,"/drivetrain/leftPos",0
14.930593,"/drivetrain/leftVelocity",0
14.93063,"/drivetrain/rightPos",0
14.93065,"/drivetrain/rightVelocity",0
14.930696,"/drivetrain/heading",-2.180000066757202
14.930706,"/drivetrain/headingVelocity",0
14.930712,"/drivetrain/xAcceleration",0
14.930717,"/drivetrain/yAcceleration",0.007000000216066837
14.930722,"/drivetrain/leftOutputLog",0
14.930726,"/drivetrain/rightOutputLog",0
14.930947,"/intake/pos",0
14.930952,"/intake/output",0
14.931167,"/shooter/rpm",0
14.931187,"/shooter/output",0.1
14.931226,"/shooter/hasBall",true
14.931259,"/shooter/temperature",40
14.931576,"/climber/rightPos",0
14.949278,"/drivetrain/leftPos",0
14.949302,"/drivetrain/leftVelocity",0
14.949348,"/drivetrain/rightPos",0
14.949364,"/drivetrain/rightVelocity",0
14.949403,"/drivetrain/heading",-2.180000066757202
14.949411,"/drivetrain/headingVelocity",0
14.949417,"/drivetrain/xAcceleration",0
14.949422,"/drivetrain/yAcceleration",0.007000000216066837
14.949427,"/drivetrain/leftOutputLog",0
14.94943,"/drivetrain/rightOutputLog",0
14.950089,"/intake/pos",0
14.950094,"/intake/output",0
14.950395,"/shooter/rpm",0
14.950424,"/shooter/output",0.1
14.950464,"/shooter/hasBall",true
14.950591,"/shooter/temperature",40
14.951121,"/climber/rightPos",0
14.969279,"/drivetrain/leftPos",0
14.969301,"/drivetrain/leftVelocity",0
14.969316,"/drivetrain/rightPos",0
14.969329,"/drivetrain/rightVelocity",0
14.969367,"/drivetrain/heading",-2.180000066757202
14.969376,"/drivetrain/headingVelocity",0
14.969382,"/drivetrain/xAcceleration",-0.003000000026077032
14.969387,"/drivetrain/yAcceleration",0.003000000026077032
14.969392,"/drivetrain/leftOutputLog",0
14.969396,"/drivetrain/rightOutputLog",0
14.969978,"/intake/pos",0
14.969985,"/intake/output",0
14.97112,"/shooter/rpm",0
14.971148,"/shooter/output",0.1
14.971198,"/shooter/hasBall",true
14.971226,"/shooter/temperature",40
14.971427,"/climber/rightPos",0
14.989303,"/drivetrain/leftPos",0
14.989325,"/drivetrain/leftVelocity",0
14.989342,"/drivetrain/rightPos",0
14.989357,"/drivetrain/rightVelocity",0
14.989395,"/drivetrain/heading",-2.180000066757202
14.989404,"/drivetrain/headingVelocity",0
14.98941,"/drivetrain/xAcceleration",0
14.989415,"/drivetrain/yAcceleration",0
14.98942,"/drivetrain/leftOutputLog",0
14.989424,"/drivetrain/rightOutputLog",0
14.989804,"/intake/pos",0
14.989809,"/intake/output",0
14.990394,"/shooter/rpm",0
14.990423,"/shooter/output",0.1
14.990466,"/shooter/hasBall",true
14.990519,"/shooter/temperature",40
14.991199,"/climber/rightPos",0
15.009268,"/drivetrain/leftPos",0
15.009378,"/drivetrain/leftVelocity",0
15.009399,"/drivetrain/rightPos",0
15.009414,"/drivetrain/rightVelocity",0
15.009453,"/drivetrain/heading",-2.180000066757202
15.009461,"/drivetrain/headingVelocity",0
15.009466,"/drivetrain/xAcceleration",0
15.009471,"/drivetrain/yAcceleration",-0.004999999888241291
15.009476,"/drivetrain/leftOutputLog",0
15.00948,"/drivetrain/rightOutputLog",0
15.009665,"/intake/pos",0
15.00967,"/intake/output",0
15.00992,"/shooter/rpm",0
15.009943,"/shooter/output",0.1
15.009979,"/shooter/hasBall",true
15.010023,"/shooter/temperature",40
15.010176,"/climber/rightPos",0
15.029305,"/drivetrain/leftPos",0
15.029327,"/drivetrain/leftVelocity",0
15.029344,"/drivetrain/rightPos",0
15.029358,"/drivetrain/rightVelocity",0
15.029397,"/drivetrain/heading",-2.180000066757202
15.029454,"/drivetrain/headingVelocity",0
15.029461,"/drivetrain/xAcceleration",0
15.029466,"/drivetrain/yAcceleration",-0.004999999888241291
15.029472,"/drivetrain/leftOutputLog",0
15.029475,"/drivetrain/rightOutputLog",0
15.029742,"/intake/pos",0
15.029748,"/intake/output",0
15.03014,"/shooter/rpm",0
15.030171,"/shooter/output",0.1
15.030214,"/shooter/hasBall",true
15.030265,"/shooter/temperature",40
15.031016,"/climber/rightPos",0
15.049291,"/drivetrain/leftPos",0
15.049312,"/drivetrain/leftVelocity",0
15.049329,"/drivetrain/rightPos",0
15.049342,"/drivetrain/rightVelocity",0
15.049378,"/drivetrain/heading",-2.180000066757202
15.049386,"/drivetrain/headingVelocity",0.0610351525247097
15.049392,"/drivetrain/xAcceleration",0
15.049397,"/drivetrain/yAcceleration",-0.003000000026077032
15.049402,"/drivetrain/leftOutputLog",0
15.049406,"/drivetrain/rightOutputLog",0
15.049857,"/intake/pos",0
15.049863,"/intake/output",0
15.050424,"/shooter/rpm",0
15.050456,"/shooter/output",0.1
15.050499,"/shooter/hasBall",true
15.050703,"/shooter/temperature",40
15.051544,"/climber/rightPos",0
15.069245,"/drivetrain/leftPos",0
15.069267,"/drivetrain/leftVelocity",0
15.069283,"/drivetrain/rightPos",0
15.069295,"/drivetrain/rightVelocity",0
15.069335,"/drivetrain/heading",-2.190000057220459
15.069343,"/drivetrain/headingVelocity",0.1831054538488388
15.069349,"/drivetrain/xAcceleration",0
15.069354,"/drivetrain/yAcceleration",0
15.069359,"/drivetrain/leftOutputLog",0
15.069363,"/drivetrain/rightOutputLog",0
15.069539,"/intake/pos",0
15.069544,"/intake/output",0
15.069783,"/shooter/rpm",0
15.069809,"/shooter/output",0.1
15.069864,"/shooter/hasBall",true
15.069974,"/shooter/temperature",40
15.070262,"/climber/rightPos",0
15.089281,"/drivetrain/leftPos",0
15.089304,"/drivetrain/leftVelocity",0
15.08932,"/drivetrain/rightPos",0
15.089333,"/drivetrain/rightVelocity",0
15.089378,"/drivetrain/heading",-2.190000057220459
15.089388,"/drivetrain/headingVelocity",0.0610351525247097
15.089394,"/drivetrain/xAcceleration",0
15.089399,"/drivetrain/yAcceleration",0
15.089403,"/drivetrain/leftOutputLog",0
15.089407,"/drivetrain/rightOutputLog",0
15.089793,"/intake/pos",0
15.089799,"/intake/output",0
15.0902,"/shooter/rpm",0
15.09023,"/shooter/output",0.1
15.090271,"/shooter/hasBall",true
15.090316,"/shooter/temperature",40
15.090914,"/climber/rightPos",0
15.10939,"/drivetrain/leftPos",0
15.109455,"/drivetrain/leftVelocity",0
15.109481,"/drivetrain/rightPos",0
15.109496,"/drivetrain/rightVelocity",0
15.109534,"/drivetrain/heading",-2.190000057220459
15.109543,"/drivetrain/headingVelocity",0
15.109549,"/drivetrain/xAcceleration",0
15.109554,"/drivetrain/yAcceleration",0
15.109559,"/drivetrain/leftOutputLog",0
15.109563,"/drivetrain/rightOutputLog",0
15.109902,"/intake/pos",0
15.109907,"/intake/output",0
15.110081,"/shooter/rpm",0
15.110102,"/shooter/output",0.1
15.110182,"/shooter/hasBall",true
15.11022,"/shooter/temperature",40
15.110435,"/climber/rightPos",0
15.130792,"/drivetrain/leftPos",0
15.130818,"/drivetrain/leftVelocity",0
15.130835,"/drivetrain/rightPos",0
15.130848,"/drivetrain/rightVelocity",0
15.130899,"/drivetrain/heading",-2.190000057220459
15.13091,"/drivetrain/headingVelocity",-0.1220703050494194
15.130916,"/drivetrain/xAcceleration",0
15.130921,"/drivetrain/yAcceleration",0
15.130927,"/drivetrain/leftOutputLog",0
15.130931,"/drivetrain/rightOutputLog",0
15.131308,"/intake/pos",0
15.131313,"/intake/output",0
15.131511,"/shooter/rpm",0
15.131534,"/shooter/output",0.1
15.131572,"/shooter/hasBall",true
15.131685,"/shooter/temperature",40
15.131884,"/climber/rightPos",0
15.149297,"/drivetrain/leftPos",0
15.149319,"/drivetrain/leftVelocity",0
15.149334,"/drivetrain/rightPos",0
15.149347,"/drivetrain/rightVelocity",0
15.149386,"/drivetrain/heading",-2.180000066757202
15.149395,"/drivetrain/headingVelocity",-0.0610351525247097
15.149401,"/drivetrain/xAcceleration",0
15.149406,"/drivetrain/yAcceleration",0
15.149411,"/drivetrain/leftOutputLog",0
15.149415,"/drivetrain/rightOutputLog",0
15.150142,"/intake/pos",0
15.150148,"/intake/output",0
15.15135,"/shooter/rpm",0
15.151383,"/shooter/output",0.1
15.151433,"/shooter/hasBall",true
15.151544,"/shooter/temperature",40
15.151913,"/climber/rightPos",0
15.169655,"/drivetrain/leftPos",0
15.169829,"/drivetrain/leftVelocity",0
15.16985,"/drivetrain/rightPos",0
15.169865,"/drivetrain/rightVelocity",0
15.169916,"/drivetrain/heading",-2.190000057220459
15.169925,"/drivetrain/headingVelocity",0
15.169931,"/drivetrain/xAcceleration",0
15.169937,"/drivetrain/yAcceleration",0
15.169942,"/drivetrain/leftOutputLog",0
15.169946,"/drivetrain/rightOutputLog",0
15.170646,"/intake/pos",0
15.170652,"/intake/output",0
15.171114,"/shooter/rpm",0
15.171134,"/shooter/output",0.1
15.171173,"/shooter/hasBall",true
15.171199,"/shooter/temperature",40
15.171369,"/climber/rightPos",0
15.189295,"/drivetrain/leftPos",0
15.189316,"/drivetrain/leftVelocity",0
15.189331,"/drivetrain/rightPos",0
15.189343,"/drivetrain/rightVelocity",0
15.189382,"/drivetrain/heading",-2.190000057220459
15.189391,"/drivetrain/headingVelocity",0.0610351525247097
15.189396,"/drivetrain/xAcceleration",-0.003000000026077032
15.189401,"/drivetrain/yAcceleration",0
15.189406,"/drivetrain/leftOutputLog",0
15.18941,"/drivetrain/rightOutputLog",0
15.189625,"/intake/pos",0
15.189631,"/intake/output",0
15.190194,"/shooter/rpm",0
15.190228,"/shooter/output",0.1
15.190273,"/shooter/hasBall",true
15.190329,"/shooter/temperature",40
15.191173,"/climber/rightPos",0
15.209338,"/drivetrain/leftPos",0
15.209362,"/drivetrain/leftVelocity",0
15.20938,"/drivetrain/rightPos",0
15.209393,"/drivetrain/rightVelocity",0
15.209438,"/drivetrain/heading",-2.190000057220459
15.209447,"/drivetrain/headingVelocity",0.0610351525247097
15.209453,"/drivetrain/xAcceleration",0
15.209458,"/drivetrain/yAcceleration",0
15.209462,"/drivetrain/leftOutputLog",0
15.209466,"/drivetrain/rightOutputLog",0
15.20974,"/intake/pos",0
15.209745,"/intake/output",0
15.209993,"/shooter/rpm",0
15.210019,"/shooter/output",0.1
15.210057,"/shooter/hasBall",true
15.210102,"/shooter/temperature",40
15.210259,"/climber/rightPos",0
15.229306,"/drivetrain/leftPos",0
15.229425,"/drivetrain/leftVelocity",0
15.229443,"/drivetrain/rightPos",0
15.229521,"/drivetrain/rightVelocity",0
15.229559,"/drivetrain/heading",-2.190000057220459
15.229567,"/drivetrain/headingVelocity",0
15.229573,"/drivetrain/xAcceleration",0
15.229578,"/drivetrain/yAcceleration",0
15.229583,"/drivetrain/leftOutputLog",0
15.229587,"/drivetrain/rightOutputLog",0
15.230442,"/intake/pos",0
15.230523,"/intake/output",0
15.231017,"/shooter/rpm",0
15.231048,"/shooter/output",0.1
15.23109,"/shooter/hasBall",true
15.231141,"/shooter/temperature",40
15.231343,"/climber/rightPos",0
15.249296,"/drivetrain/leftPos",0
15.249322,"/drivetrain/leftVelocity",0
15.24934,"/drivetrain/rightPos",0
15.249353,"/drivetrain/rightVelocity",0
15.249648,"/drivetrain/heading",-2.190000057220459
15.24966,"/drivetrain/headingVelocity",0.0610351525247097
15.249667,"/drivetrain/xAcceleration",0.003000000026077032
15.249673,"/drivetrain/yAcceleration",0
15.249678,"/drivetrain/leftOutputLog",0
15.249682,"/drivetrain/rightOutputLog",0
15.250046,"/intake/pos",0
15.250051,"/intake/output",0
15.250944,"/shooter/rpm",0
15.250967,"/shooter/output",0.1
15.251057,"/shooter/hasBall",true
15.251119,"/shooter/temperature",40
15.25129,"/climber/rightPos",0
15.26925,"/drivetrain/leftPos",0
15.269272,"/drivetrain/leftVelocity",0
15.269288,"/drivetrain/rightPos",0
15.2693,"/drivetrain/rightVelocity",0
15.269339,"/drivetrain/heading",-2.190000057220459
15.269348,"/drivetrain/headingVelocity",0
15.269353,"/drivetrain/xAcceleration",0
15.269358,"/drivetrain/yAcceleration",0
15.269363,"/drivetrain/leftOutputLog",0
15.269366,"/drivetrain/rightOutputLog",0
15.269934,"/intake/pos",0
15.269939,"/intake/output",0
15.270504,"/shooter/rpm",0
15.270535,"/shooter/output",0.1
15.270579,"/shooter/hasBall",true
15.270639,"/shooter/temperature",40
15.271056,"/climber/rightPos",0
15.289528,"/drivetrain/leftPos",0
15.289838,"/drivetrain/leftVelocity",0
15.289862,"/drivetrain/rightPos",0
15.289877,"/drivetrain/rightVelocity",0
15.289924,"/drivetrain/heading",-2.190000057220459
15.289933,"/drivetrain/headingVelocity",0
15.28994,"/drivetrain/xAcceleration",0
15.289945,"/drivetrain/yAcceleration",0
15.28995,"/drivetrain/leftOutputLog",0
15.289954,"/drivetrain/rightOutputLog",0
15.290434,"/intake/pos",0
15.29044,"/intake/output",0
15.291305,"/shooter/rpm",0
15.291327,"/shooter/output",0.1
15.291368,"/shooter/hasBall",true
15.291407,"/shooter/temperature",40
15.291663,"/climber/rightPos",0
15.309261,"/drivetrain/leftPos",0
15.309284,"/drivetrain/leftVelocity",0
15.3093,"/drivetrain/rightPos",0
15.309313,"/drivetrain/rightVelocity",0
15.309351,"/drivetrain/heading",-2.190000057220459
15.309359,"/drivetrain/headingVelocity",0
15.309365,"/drivetrain/xAcceleration",0
15.30937,"/drivetrain/yAcceleration",0
15.309375,"/drivetrain/leftOutputLog",0
15.309378,"/drivetrain/rightOutputLog",0
15.309628,"/intake/pos",0
15.309633,"/intake/output",0
15.309881,"/shooter/rpm",0
15.309903,"/shooter/output",0.1
15.30994,"/shooter/hasBall",true
15.309965,"/shooter/temperature",40
15.310126,"/climber/rightPos",0
15.329278,"/drivetrain/leftPos",0
15.329299,"/drivetrain/leftVelocity",0
15.329315,"/drivetrain/rightPos",0
15.329338,"/drivetrain/rightVelocity",0
15.329379,"/drivetrain/heading",-2.190000057220459
15.329388,"/drivetrain/headingVelocity",0
15.329393,"/drivetrain/xAcceleration",0
15.329508,"/drivetrain/yAcceleration",0.003000000026077032
15.329521,"/drivetrain/leftOutputLog",0
15.329525,"/drivetrain/rightOutputLog",0
15.329882,"/intake/pos",0
15.329888,"/intake/output",0
15.330771,"/shooter/rpm",0
15.33079,"/shooter/output",0.1
15.33083,"/shooter/hasBall",true
15.330873,"/shooter/temperature",40
15.33106,"/climber/rightPos",0
15.349312,"/drivetrain/leftPos",0
15.349333,"/drivetrain/leftVelocity",0
15.349348,"/drivetrain/rightPos",0
15.349361,"/drivetrain/rightVelocity",0
15.349518,"/drivetrain/heading",-2.190000057220459
15.34953,"/drivetrain/headingVelocity",0
15.349537,"/drivetrain/xAcceleration",0
15.349542,"/drivetrain/yAcceleration",0
15.349547,"/drivetrain/leftOutputLog",0
15.349551,"/drivetrain/rightOutputLog",0
15.350007,"/intake/pos",0
15.350013,"/intake/output",0
15.350413,"/shooter/rpm",0
15.350684,"/shooter/output",0.1
15.350737,"/shooter/hasBall",true
15.350786,"/shooter/temperature",40
15.351296,"/climber/rightPos",0
15.36925,"/drivetrain/leftPos",0
15.369271,"/drivetrain/leftVelocity",0
15.369288,"/drivetrain/rightPos",0
15.369301,"/drivetrain/rightVelocity",0
15.36934,"/drivetrain/heading",-2.190000057220459
15.369348,"/drivetrain/headingVelocity",0
15.369354,"/drivetrain/xAcceleration",0
15.369359,"/drivetrain/yAcceleration",0
15.369363,"/drivetrain/leftOutputLog",0
15.369367,"/drivetrain/rightOutputLog",0
15.36956,"/intake/pos",0
15.369565,"/intake/output",0
15.369869,"/shooter/rpm",0
15.369894,"/shooter/output",0.1
15.369939,"/shooter/hasBall",true
15.36999,"/shooter/temperature",40
15.370303,"/climber/rightPos",0
15.389281,"/drivetrain/leftPos",0
15.389303,"/drivetrain/leftVelocity",0
15.389319,"/drivetrain/rightPos",0
15.389331,"/drivetrain/rightVelocity",0
15.389371,"/drivetrain/heading",-2.190000057220459
15.389379,"/drivetrain/headingVelocity",0
15.389385,"/drivetrain/xAcceleration",0
15.38939,"/drivetrain/yAcceleration",0
15.389395,"/drivetrain/leftOutputLog",0
15.389398,"/drivetrain/rightOutputLog",0
15.389596,"/intake/pos",0
15.389601,"/intake/output",0
15.389942,"/shooter/rpm",0
15.389975,"/shooter/output",0.1
15.390067,"/shooter/hasBall",true
15.390474,"/shooter/temperature",40
15.391264,"/climber/rightPos",0
15.409303,"/drivetrain/leftPos",0
15.409325,"/drivetrain/leftVelocity",0
15.409341,"/drivetrain/rightPos",0
15.409364,"/drivetrain/rightVelocity",0
15.409401,"/drivetrain/heading",-2.190000057220459
15.409409,"/drivetrain/headingVelocity",0
15.409415,"/drivetrain/xAcceleration",0
15.40942,"/drivetrain/yAcceleration",0
15.409425,"/drivetrain/leftOutputLog",0
15.409428,"/drivetrain/rightOutputLog",0
15.409802,"/intake/pos",0
15.409807,"/intake/output",0
15.410004,"/shooter/rpm",0
15.410028,"/shooter/output",0.1
15.410064,"/shooter/hasBall",true
15.410089,"/shooter/temperature",40
15.410311,"/climber/rightPos",0
15.429279,"/drivetrain/leftPos",0
15.4293,"/drivetrain/leftVelocity",0
15.429315,"/drivetrain/rightPos",0
15.429329,"/drivetrain/rightVelocity",0
15.429367,"/drivetrain/heading",-2.190000057220459
15.429375,"/drivetrain/headingVelocity",0
15.429381,"/drivetrain/xAcceleration",0
15.429386,"/drivetrain/yAcceleration",0
15.42939,"/drivetrain/leftOutputLog",0
15.429394,"/drivetrain/rightOutputLog",0
15.42994,"/intake/pos",0
15.430446,"/intake/output",0
15.430892,"/shooter/rpm",0
15.430911,"/shooter/output",0.1
15.430951,"/shooter/hasBall",true
15.430977,"/shooter/temperature",40
15.43116,"/climber/rightPos",0
15.449852,"/drivetrain/leftPos",0
15.449877,"/drivetrain/leftVelocity",0
15.4499,"/drivetrain/rightPos",0
15.449919,"/drivetrain/rightVelocity",0
15.450013,"/drivetrain/heading",-2.190000057220459
15.450023,"/drivetrain/headingVelocity",0
15.450029,"/drivetrain/xAcceleration",0
15.450033,"/drivetrain/yAcceleration",-0.003000000026077032
15.450038,"/drivetrain/leftOutputLog",0
15.450042,"/drivetrain/rightOutputLog",0
15.450289,"/intake/pos",0
15.450294,"/intake/output",0
15.450492,"/shooter/rpm",0
15.450515,"/shooter/output",0.1
15.45055,"/shooter/hasBall",true
15.450599,"/shooter/temperature",40
15.45077,"/climber/rightPos",0
15.469251,"/drivetrain/leftPos",0
15.469274,"/drivetrain/leftVelocity",0
15.469291,"/drivetrain/rightPos",0
15.46931,"/drivetrain/rightVelocity",0
15.469347,"/drivetrain/heading",-2.190000057220459
15.469355,"/drivetrain/headingVelocity",0
15.469361,"/drivetrain/xAcceleration",0
15.469366,"/drivetrain/yAcceleration",0
15.469371,"/drivetrain/leftOutputLog",0
15.469374,"/drivetrain/rightOutputLog",0
15.469583,"/intake/pos",0
15.469588,"/intake/output",0
15.471916,"/shooter/rpm",0
15.47194,"/shooter/output",0.1
15.471985,"/shooter/hasBall",true
15.472037,"/shooter/temperature",40
15.472275,"/climber/rightPos",0
15.489279,"/drivetrain/leftPos",0
15.489301,"/drivetrain/leftVelocity",0
15.489316,"/drivetrain/rightPos",0
15.48934,"/drivetrain/rightVelocity",0
15.489379,"/drivetrain/heading",-2.200000047683716
15.489387,"/drivetrain/headingVelocity",0
15.489392,"/drivetrain/xAcceleration",0
15.489397,"/drivetrain/yAcceleration",0
15.489402,"/drivetrain/leftOutputLog",0
15.489406,"/drivetrain/rightOutputLog",0
15.489611,"/intake/pos",0
15.489616,"/intake/output",0
15.490064,"/shooter/rpm",0
15.490092,"/shooter/output",0.1
15.490139,"/shooter/hasBall",true
15.490195,"/shooter/temperature",40
15.490571,"/climber/rightPos",0
15.50928,"/drivetrain/leftPos",0
15.509302,"/drivetrain/leftVelocity",0
15.509318,"/drivetrain/rightPos",0
15.509341,"/drivetrain/rightVelocity",0
15.509382,"/drivetrain/heading",-2.200000047683716
15.50939,"/drivetrain/headingVelocity",0.1220703050494194
15.509395,"/drivetrain/xAcceleration",0
15.5094,"/drivetrain/yAcceleration",0
15.509405,"/drivetrain/leftOutputLog",0
15.509409,"/drivetrain/rightOutputLog",0
15.50961,"/intake/pos",0
15.509615,"/intake/output",0
15.509865,"/shooter/rpm",0
15.509887,"/shooter/output",0.1
15.509924,"/shooter/hasBall",true
15.509968,"/shooter/temperature",40
15.510132,"/climber/rightPos",0
15.529649,"/drivetrain/leftPos",0
15.52967,"/drivetrain/leftVelocity",0
15.529686,"/drivetrain/rightPos",0
15.529698,"/drivetrain/rightVelocity",0
15.529863,"/drivetrain/heading",-2.200000047683716
15.529874,"/drivetrain/headingVelocity",0.1220703050494194
15.52988,"/drivetrain/xAcceleration",0
15.529886,"/drivetrain/yAcceleration",-0.003000000026077032
15.529891,"/drivetrain/leftOutputLog",0
15.529894,"/drivetrain/rightOutputLog",0
15.530413,"/intake/pos",0
15.530418,"/intake/output",0
15.530763,"/shooter/rpm",0
15.531092,"/shooter/output",0.1
15.531149,"/shooter/hasBall",true
15.531207,"/shooter/temperature",40
15.531647,"/climber/rightPos",0
15.549302,"/drivetrain/leftPos",0
15.549324,"/drivetrain/leftVelocity",0
15.54934,"/drivetrain/rightPos",0
15.549362,"/drivetrain/rightVelocity",0
15.549402,"/drivetrain/heading",-2.200000047683716
15.54941,"/drivetrain/headingVelocity",0
15.549415,"/drivetrain/xAcceleration",0
15.54942,"/drivetrain/yAcceleration",-0.003000000026077032
15.549425,"/drivetrain/leftOutputLog",0
15.549429,"/drivetrain/rightOutputLog",0
15.549747,"/intake/pos",0
15.549752,"/intake/output",0
15.550023,"/shooter/rpm",0
15.550053,"/shooter/output",0.1
15.5503,"/shooter/hasBall",true
15.550355,"/shooter/temperature",40
15.550696,"/climber/rightPos",0
15.569334,"/drivetrain/leftPos",0
15.569355,"/drivetrain/leftVelocity",0
15.569371,"/drivetrain/rightPos",0
15.569384,"/drivetrain/rightVelocity",0
15.569423,"/drivetrain/heading",-2.200000047683716
15.569432,"/drivetrain/headingVelocity",0
15.569438,"/drivetrain/xAcceleration",0
15.569443,"/drivetrain/yAcceleration",0
15.569447,"/drivetrain/leftOutputLog",0
15.569451,"/drivetrain/rightOutputLog",0
15.570108,"/intake/pos",0
15.570114,"/intake/output",0
15.570456,"/shooter/rpm",0
15.570492,"/shooter/output",0.1
15.570535,"/shooter/hasBall",true
15.570711,"/shooter/temperature",40
15.571132,"/climber/rightPos",0
15.58933,"/drivetrain/leftPos",0
15.589354,"/drivetrain/leftVelocity",0
15.589371,"/drivetrain/rightPos",0
15.589385,"/drivetrain/rightVelocity",0
15.589421,"/drivetrain/heading",-2.200000047683716
15.589429,"/drivetrain/headingVelocity",0
15.589435,"/drivetrain/xAcceleration",0
15.58944,"/drivetrain/yAcceleration",0
15.589445,"/drivetrain/leftOutputLog",0
15.589449,"/drivetrain/rightOutputLog",0
15.589656,"/intake/pos",0
15.589661,"/intake/output",0
15.58994,"/shooter/rpm",0
15.589964,"/shooter/output",0.1
15.59001,"/shooter/hasBall",true
15.590372,"/shooter/temperature",40
15.590578,"/climber/rightPos",0
15.609368,"/drivetrain/leftPos",0
15.609391,"/drivetrain/leftVelocity",0
15.609408,"/drivetrain/rightPos",0
15.60942,"/drivetrain/rightVelocity",0
15.609457,"/drivetrain/heading",-2.2100000381469727
15.609466,"/drivetrain/headingVelocity",0.1220703050494194
15.609472,"/drivetrain/xAcceleration",0
15.609477,"/drivetrain/yAcceleration",0
15.609482,"/drivetrain/leftOutputLog",0
15.609486,"/drivetrain/rightOutputLog",0
15.609762,"/intake/pos",0
15.609767,"/intake/output",0
15.609998,"/shooter/rpm",0
15.610023,"/shooter/output",0.1
15.61006,"/shooter/hasBall",true
15.610101,"/shooter/temperature",40
15.610381,"/climber/rightPos",0
15.629287,"/drivetrain/leftPos",0
15.629309,"/drivetrain/leftVelocity",0
15.629326,"/drivetrain/rightPos",0
15.62935,"/drivetrain/rightVelocity",0
15.62939,"/drivetrain/heading",-2.2100000381469727
15.629398,"/drivetrain/headingVelocity",0.1831054538488388
15.629404,"/drivetrain/xAcceleration",0
15.629524,"/drivetrain/yAcceleration",0
15.629536,"/drivetrain/leftOutputLog",0
15.62954,"/drivetrain/rightOutputLog",0
15.629773,"/intake/pos",0
15.629779,"/intake/output",0
15.63001,"/shooter/rpm",0
15.630037,"/shooter/output",0.1
15.630075,"/shooter/hasBall",true
15.630109,"/shooter/temperature",40
15.630297,"/climber/rightPos",0
15.649265,"/drivetrain/leftPos",0
15.649287,"/drivetrain/leftVelocity",0
15.649302,"/drivetrain/rightPos",0
15.649315,"/drivetrain/rightVelocity",0
15.649349,"/drivetrain/heading",-2.2100000381469727
15.649358,"/drivetrain/headingVelocity",0.0610351525247097
15.649364,"/drivetrain/xAcceleration",0
15.649369,"/drivetrain/yAcceleration",0
15.649373,"/drivetrain/leftOutputLog",0
15.649377,"/drivetrain/rightOutputLog",0
15.649574,"/intake/pos",0
15.649579,"/intake/output",0
15.649926,"/shooter/rpm",0
15.649949,"/shooter/output",0.1
15.649986,"/shooter/hasBall",true
15.650012,"/shooter/temperature",40
15.6502,"/climber/rightPos",0
15.669598,"/drivetrain/leftPos",0
15.670161,"/drivetrain/leftVelocity",0
15.670361,"/drivetrain/rightPos",0
15.670385,"/drivetrain/rightVelocity",0
15.67043,"/drivetrain/heading",-2.2100000381469727
15.670439,"/drivetrain/headingVelocity",0
15.670445,"/drivetrain/xAcceleration",0
15.670451,"/drivetrain/yAcceleration",0
15.670456,"/drivetrain/leftOutputLog",0
15.67046,"/drivetrain/rightOutputLog",0
15.670877,"/intake/pos",0
15.670883,"/intake/output",0
15.671077,"/shooter/rpm",0
15.671101,"/shooter/output",0.1
15.671136,"/shooter/hasBall",true
15.671162,"/shooter/temperature",40
15.671322,"/climber/rightPos",0
15.689411,"/drivetrain/leftPos",0
15.689435,"/drivetrain/leftVelocity",0
15.689451,"/drivetrain/rightPos",0
15.689465,"/drivetrain/rightVelocity",0
15.689511,"/drivetrain/heading",-2.2100000381469727
15.68952,"/drivetrain/headingVelocity",0
15.689526,"/drivetrain/xAcceleration",0
15.689532,"/drivetrain/yAcceleration",0
15.689537,"/drivetrain/leftOutputLog",0
15.689541,"/drivetrain/rightOutputLog",0
15.68992,"/intake/pos",0
15.689925,"/intake/output",0
15.690157,"/shooter/rpm",0
15.690417,"/shooter/output",0.1
15.690472,"/shooter/hasBall",true
15.690527,"/shooter/temperature",40
15.690918,"/climber/rightPos",0
15.709728,"/drivetrain/leftPos",0
15.709751,"/drivetrain/leftVelocity",0
15.709767,"/drivetrain/rightPos",0
15.70978,"/drivetrain/rightVelocity",0
15.709821,"/drivetrain/heading",-2.2100000381469727
15.709832,"/drivetrain/headingVelocity",0
15.709838,"/drivetrain/xAcceleration",0.003000000026077032
15.709843,"/drivetrain/yAcceleration",0
15.709849,"/drivetrain/leftOutputLog",0
15.709853,"/drivetrain/rightOutputLog",0
15.710876,"/intake/pos",0
15.710883,"/intake/output",0
15.711401,"/shooter/rpm",0
15.711435,"/shooter/output",0.1
15.711548,"/shooter/hasBall",true
15.711663,"/shooter/temperature",40
15.712208,"/climber/rightPos",0
15.72987,"/drivetrain/leftPos",0
15.729893,"/drivetrain/leftVelocity",0
15.729908,"/drivetrain/rightPos",0
15.731507,"/drivetrain/rightVelocity",0
15.731552,"/drivetrain/heading",-2.2100000381469727
15.731562,"/drivetrain/headingVelocity",-0.0610351525247097
15.731569,"/drivetrain/xAcceleration",0
15.731574,"/drivetrain/yAcceleration",-0.003000000026077032
15.73158,"/drivetrain/leftOutputLog",0
15.731584,"/drivetrain/rightOutputLog",0
15.73236,"/intake/pos",0
15.732369,"/intake/output",0
15.732748,"/shooter/rpm",0
15.732775,"/shooter/output",0.1
15.734006,"/shooter/hasBall",true
15.735166,"/shooter/temperature",40
15.735541,"/climber/rightPos",0
15.750096,"/drivetrain/leftPos",0
15.750315,"/drivetrain/leftVelocity",0
15.750584,"/drivetrain/rightPos",0
15.75062,"/drivetrain/rightVelocity",0
15.75066,"/drivetrain/heading",-2.2100000381469727
15.75067,"/drivetrain/headingVelocity",-0.0610351525247097
15.750676,"/drivetrain/xAcceleration",0
15.750681,"/drivetrain/yAcceleration",0
15.750687,"/drivetrain/leftOutputLog",0
15.750691,"/drivetrain/rightOutputLog",0
15.750938,"/intake/pos",0
15.750943,"/intake/output",0
15.751353,"/shooter/rpm",0
15.751375,"/shooter/output",0.1
15.751411,"/shooter/hasBall",true
15.751493,"/shooter/temperature",40
15.751692,"/climber/rightPos",0
15.769481,"/drivetrain/leftPos",0
15.769498,"/drivetrain/leftVelocity",0
15.769514,"/drivetrain/rightPos",0
15.769526,"/drivetrain/rightVelocity",0
15.769572,"/drivetrain/heading",-2.2100000381469727
15.769581,"/drivetrain/headingVelocity",-0.0610351525247097
15.769587,"/drivetrain/xAcceleration",0
15.769592,"/drivetrain/yAcceleration",0
15.769597,"/drivetrain/leftOutputLog",0
15.7696,"/drivetrain/rightOutputLog",0
15.769812,"/intake/pos",0
15.769817,"/intake/output",0
15.770178,"/shooter/rpm",0
15.770203,"/shooter/output",0.1
15.770239,"/shooter/hasBall",true
15.770282,"/shooter/temperature",40
15.770443,"/climber/rightPos",0
15.789286,"/drivetrain/leftPos",0
15.789302,"/drivetrain/leftVelocity",0
15.789318,"/drivetrain/rightPos",0
15.78933,"/drivetrain/rightVelocity",0
15.789367,"/drivetrain/heading",-2.2100000381469727
15.789376,"/drivetrain/headingVelocity",0
15.789381,"/drivetrain/xAcceleration",-0.004000000189989805
15.789386,"/drivetrain/yAcceleration",0.004000000189989805
15.789391,"/drivetrain/leftOutputLog",0
15.789395,"/drivetrain/rightOutputLog",0
15.789763,"/intake/pos",0
15.789769,"/intake/output",0
15.790172,"/shooter/rpm",0
15.790203,"/shooter/output",0.1
15.790247,"/shooter/hasBall",true
15.790292,"/shooter/temperature",40
15.790754,"/climber/rightPos",0
15.809262,"/drivetrain/leftPos",0
15.809279,"/drivetrain/leftVelocity",0
15.809294,"/drivetrain/rightPos",0
15.809306,"/drivetrain/rightVelocity",0
15.809345,"/drivetrain/heading",-2.2100000381469727
15.809353,"/drivetrain/headingVelocity",0.0610351525247097
15.809359,"/drivetrain/xAcceleration",0
15.809364,"/drivetrain/yAcceleration",0.006000000052154064
15.809368,"/drivetrain/leftOutputLog",0
15.809372,"/drivetrain/rightOutputLog",0
15.809548,"/intake/pos",0
15.809553,"/intake/output",0
15.809765,"/shooter/rpm",0
15.809788,"/shooter/output",0.1
15.809821,"/shooter/hasBall",true
15.809858,"/shooter/temperature",40
15.810023,"/climber/rightPos",0
15.829474,"/drivetrain/leftPos",0
15.829492,"/drivetrain/leftVelocity",0
15.829508,"/drivetrain/rightPos",0
15.82952,"/drivetrain/rightVelocity",0
15.829566,"/drivetrain/heading",-2.2100000381469727
15.829577,"/drivetrain/headingVelocity",0.1220703050494194
15.829583,"/drivetrain/xAcceleration",0
15.829589,"/drivetrain/yAcceleration",0.004999999888241291
15.829594,"/drivetrain/leftOutputLog",0
15.829599,"/drivetrain/rightOutputLog",0
15.829894,"/intake/pos",0
15.829899,"/intake/output",0
15.830617,"/shooter/rpm",0
15.83065,"/shooter/output",0.1
15.830699,"/shooter/hasBall",true
15.830934,"/shooter/temperature",40
15.831243,"/climber/rightPos",0
15.849608,"/drivetrain/leftPos",0
15.849628,"/drivetrain/leftVelocity",0
15.849645,"/drivetrain/rightPos",0
15.849656,"/drivetrain/rightVelocity",0
15.849754,"/drivetrain/heading",-2.2200000286102295
15.849765,"/drivetrain/headingVelocity",0.0610351525247097
15.849771,"/drivetrain/xAcceleration",0
15.849775,"/drivetrain/yAcceleration",-0.004000000189989805
15.849781,"/drivetrain/leftOutputLog",0
15.849786,"/drivetrain/rightOutputLog",0
15.850087,"/intake/pos",0
15.850092,"/intake/output",0
15.850644,"/shooter/rpm",0
15.851017,"/shooter/output",0.1
15.851067,"/shooter/hasBall",true
15.851132,"/shooter/temperature",40
15.85138,"/climber/rightPos",0
15.869285,"/drivetrain/leftPos",0
15.869304,"/drivetrain/leftVelocity",0
15.869321,"/drivetrain/rightPos",0
15.869339,"/drivetrain/rightVelocity",0
15.869381,"/drivetrain/heading",-2.2200000286102295
15.86939,"/drivetrain/headingVelocity",0
15.869396,"/drivetrain/xAcceleration",0
15.869401,"/drivetrain/yAcceleration",-0.004000000189989805
15.869406,"/drivetrain/leftOutputLog",0
15.869409,"/drivetrain/rightOutputLog",0
15.870028,"/intake/pos",0
15.870034,"/intake/output",0
15.870973,"/shooter/rpm",0
15.871,"/shooter/output",0.1
15.871044,"/shooter/hasBall",true
15.871078,"/shooter/temperature",40
15.871276,"/climber/rightPos",0
15.889524,"/drivetrain/leftPos",0
15.889549,"/drivetrain/leftVelocity",0
15.889566,"/drivetrain/rightPos",0
15.889578,"/drivetrain/rightVelocity",0
15.889628,"/drivetrain/heading",-2.2200000286102295
15.889638,"/drivetrain/headingVelocity",0
15.889644,"/drivetrain/xAcceleration",0
15.88965,"/drivetrain/yAcceleration",-0.003000000026077032
15.889654,"/drivetrain/leftOutputLog",0
15.889658,"/drivetrain/rightOutputLog",0
15.890204,"/intake/pos",0
15.89021,"/intake/output",0
15.891028,"/shooter/rpm",0
15.891051,"/shooter/output",0.1
15.891092,"/shooter/hasBall",true
15.891117,"/shooter/temperature",40
15.891411,"/climber/rightPos",0
15.90933,"/drivetrain/leftPos",0
15.90935,"/drivetrain/leftVelocity",0
15.909366,"/drivetrain/rightPos",0
15.909378,"/drivetrain/rightVelocity",0
15.909416,"/drivetrain/heading",-2.2200000286102295
15.909424,"/drivetrain/headingVelocity",0
15.90943,"/drivetrain/xAcceleration",0
15.909435,"/drivetrain/yAcceleration",0
15.909439,"/drivetrain/leftOutputLog",0
15.909443,"/drivetrain/rightOutputLog",0
15.909625,"/intake/pos",0
15.90963,"/intake/output",0
15.910246,"/shooter/rpm",0
15.910276,"/shooter/output",0.1
15.910319,"/shooter/hasBall",true
15.910346,"/shooter/temperature",40
15.910805,"/climber/rightPos",0
15.929814,"/drivetrain/leftPos",0
15.930313,"/drivetrain/leftVelocity",0
15.930331,"/drivetrain/rightPos",0
15.930343,"/drivetrain/rightVelocity",0
15.930372,"/drivetrain/heading",-2.2200000286102295
15.930382,"/drivetrain/headingVelocity",0.0610351525247097
15.930387,"/drivetrain/xAcceleration",0
15.930392,"/drivetrain/yAcceleration",0
15.930397,"/drivetrain/leftOutputLog",0
15.930401,"/drivetrain/rightOutputLog",0
15.930642,"/intake/pos",0
15.930647,"/intake/output",0
15.930887,"/shooter/rpm",0
15.930909,"/shooter/output",0.1
15.930944,"/shooter/hasBall",true
15.930986,"/shooter/temperature",40
15.931156,"/climber/rightPos",0
15.949245,"/drivetrain/leftPos",0
15.949263,"/drivetrain/leftVelocity",0
15.949279,"/drivetrain/rightPos",0
15.949291,"/drivetrain/rightVelocity",0
15.949337,"/drivetrain/heading",-2.2200000286102295
15.949347,"/drivetrain/headingVelocity",0.1220703050494194
15.949352,"/drivetrain/xAcceleration",0
15.949358,"/drivetrain/yAcceleration",0
15.949362,"/drivetrain/leftOutputLog",0
15.949366,"/drivetrain/rightOutputLog",0
15.950066,"/intake/pos",0
15.950071,"/intake/output",0
15.950706,"/shooter/rpm",0
15.950993,"/shooter/output",0.1
15.951318,"/shooter/hasBall",true
15.951623,"/shooter/temperature",40
15.951852,"/climber/rightPos",0
15.969253,"/drivetrain/leftPos",0
15.969271,"/drivetrain/leftVelocity",0
15.969287,"/drivetrain/rightPos",0
15.969299,"/drivetrain/rightVelocity",0
15.96934,"/drivetrain/heading",-2.2200000286102295
15.969349,"/drivetrain/headingVelocity",0.0610351525247097
15.969355,"/drivetrain/xAcceleration",0
15.96936,"/drivetrain/yAcceleration",0
15.969365,"/drivetrain/leftOutputLog",0
15.969368,"/drivetrain/rightOutputLog",0
15.970074,"/intake/pos",0
15.97008,"/intake/output",0
15.970499,"/shooter/rpm",0
15.970529,"/shooter/output",0.1
15.970626,"/shooter/hasBall",true
15.970687,"/shooter/temperature",40
15.97185,"/climber/rightPos",0
15.989323,"/drivetrain/leftPos",0
15.989341,"/drivetrain/leftVelocity",0
15.989356,"/drivetrain/rightPos",0
15.989369,"/drivetrain/rightVelocity",0
15.989415,"/drivetrain/heading",-2.2200000286102295
15.989424,"/drivetrain/headingVelocity",0
15.989429,"/drivetrain/xAcceleration",0
15.989435,"/drivetrain/yAcceleration",0
15.98944,"/drivetrain/leftOutputLog",0
15.989443,"/drivetrain/rightOutputLog",0
15.990036,"/intake/pos",0
15.990041,"/intake/output",0
15.990671,"/shooter/rpm",0
15.99071,"/shooter/output",0.1
15.990754,"/shooter/hasBall",true
15.990802,"/shooter/temperature",40
15.991394,"/climber/rightPos",0
16.009396,"/drivetrain/leftPos",0
16.009425,"/drivetrain/leftVelocity",0
16.009443,"/drivetrain/rightPos",0
16.009455,"/drivetrain/rightVelocity",0
16.009497,"/drivetrain/heading",-2.2200000286102295
16.009505,"/drivetrain/headingVelocity",0
16.009511,"/drivetrain/xAcceleration",0
16.009516,"/drivetrain/yAcceleration",-0.003000000026077032
16.009521,"/drivetrain/leftOutputLog",0
16.009525,"/drivetrain/rightOutputLog",0
16.00971,"/intake/pos",0
16.009716,"/intake/output",0
16.010191,"/shooter/rpm",0
16.010208,"/shooter/output",0.1
16.010248,"/shooter/hasBall",true
16.010296,"/shooter/temperature",40
16.010481,"/climber/rightPos",0
16.029815,"/drivetrain/leftPos",0
16.02984,"/drivetrain/leftVelocity",0
16.030105,"/drivetrain/rightPos",0
16.030668,"/drivetrain/rightVelocity",0
16.0307,"/drivetrain/heading",-2.2200000286102295
16.030708,"/drivetrain/headingVelocity",0
16.030714,"/drivetrain/xAcceleration",0
16.03072,"/drivetrain/yAcceleration",0
16.030725,"/drivetrain/leftOutputLog",0
16.030729,"/drivetrain/rightOutputLog",0
16.030949,"/intake/pos",0
16.030954,"/intake/output",0
16.031182,"/shooter/rpm",0
16.031203,"/shooter/output",0.1
16.03128,"/shooter/hasBall",true
16.031319,"/shooter/temperature",40
16.031539,"/climber/rightPos",0
16.049299,"/drivetrain/leftPos",0
16.049347,"/drivetrain/leftVelocity",0
16.049364,"/drivetrain/rightPos",0
16.049377,"/drivetrain/rightVelocity",0
16.049415,"/drivetrain/heading",-2.2200000286102295
16.049424,"/drivetrain/headingVelocity",0
16.04943,"/drivetrain/xAcceleration",0
16.049435,"/drivetrain/yAcceleration",0
16.04944,"/drivetrain/leftOutputLog",0
16.049444,"/drivetrain/rightOutputLog",0
16.049887,"/intake/pos",0
16.049892,"/intake/output",0
16.050335,"/shooter/rpm",0
16.050367,"/shooter/output",0.1
16.050497,"/shooter/hasBall",true
16.050531,"/shooter/temperature",40
16.050781,"/climber/rightPos",0
16.069273,"/drivetrain/leftPos",0
16.06929,"/drivetrain/leftVelocity",0
16.069305,"/drivetrain/rightPos",0
16.069317,"/drivetrain/rightVelocity",0
16.069361,"/drivetrain/heading",-2.2300000190734863
16.069371,"/drivetrain/headingVelocity",0.0610351525247097
16.069377,"/drivetrain/xAcceleration",0
16.069382,"/drivetrain/yAcceleration",0
16.069387,"/drivetrain/leftOutputLog",0
16.06939,"/drivetrain/rightOutputLog",0
16.070005,"/intake/pos",0
16.070011,"/intake/output",0
16.070314,"/shooter/rpm",0
16.070344,"/shooter/output",0.1
16.070448,"/shooter/hasBall",true
16.070492,"/shooter/temperature",40
16.070896,"/climber/rightPos",0
16.089355,"/drivetrain/leftPos",0
16.089374,"/drivetrain/leftVelocity",0
16.089408,"/drivetrain/rightPos",0
16.089422,"/drivetrain/rightVelocity",0
16.089459,"/drivetrain/heading",-2.2300000190734863
16.089468,"/drivetrain/headingVelocity",0.2441406100988388
16.089473,"/drivetrain/xAcceleration",0
16.089478,"/drivetrain/yAcceleration",0
16.089483,"/drivetrain/leftOutputLog",0
16.089487,"/drivetrain/rightOutputLog",0
16.089755,"/intake/pos",0
16.089761,"/intake/output",0
16.090331,"/shooter/rpm",0
16.090363,"/shooter/output",0.1
16.090405,"/shooter/hasBall",true
16.090449,"/shooter/temperature",40
16.091579,"/climber/rightPos",0
16.109291,"/drivetrain/leftPos",0
16.109308,"/drivetrain/leftVelocity",0
16.109325,"/drivetrain/rightPos",0
16.109346,"/drivetrain/rightVelocity",0
16.109385,"/drivetrain/heading",-2.240000009536743
16.109394,"/drivetrain/headingVelocity",0.30517578125
16.1094,"/drivetrain/xAcceleration",0
16.109405,"/drivetrain/yAcceleration",0
16.109409,"/drivetrain/leftOutputLog",0
16.109413,"/drivetrain/rightOutputLog",0
16.109619,"/intake/pos",0
16.109624,"/intake/output",0
16.109928,"/shooter/rpm",0
16.109951,"/shooter/output",0.1
16.109987,"/shooter/hasBall",true
16.11002,"/shooter/temperature",40
16.110254,"/climber/rightPos",0
16.129302,"/drivetrain/leftPos",0
16.12932,"/drivetrain/leftVelocity",0
16.129336,"/drivetrain/rightPos",0
16.129347,"/drivetrain/rightVelocity",0
16.129392,"/drivetrain/heading",-2.240000009536743
16.129401,"/drivetrain/headingVelocity",0.2441406100988388
16.129406,"/drivetrain/xAcceleration",0
16.129411,"/drivetrain/yAcceleration",0
16.129416,"/drivetrain/leftOutputLog",0
16.12942,"/drivetrain/rightOutputLog",0
16.129759,"/intake/pos",0
16.129767,"/intake/output",0
16.129977,"/shooter/rpm",0
16.130002,"/shooter/output",0.1
16.130037,"/shooter/hasBall",true
16.130062,"/shooter/temperature",40
16.130596,"/climber/rightPos",0
16.149307,"/drivetrain/leftPos",0
16.149325,"/drivetrain/leftVelocity",0
16.149342,"/drivetrain/rightPos",0
16.149354,"/drivetrain/rightVelocity",0
16.1494,"/drivetrain/heading",-2.25
16.149411,"/drivetrain/headingVelocity",0.2441406100988388
16.149417,"/drivetrain/xAcceleration",0
16.149423,"/drivetrain/yAcceleration",0
16.149428,"/drivetrain/leftOutputLog",0
16.149432,"/drivetrain/rightOutputLog",0
16.149964,"/intake/pos",0
16.14997,"/intake/output",0
16.150165,"/shooter/rpm",0
16.150241,"/shooter/output",0.1
16.150284,"/shooter/hasBall",true
16.15031,"/shooter/temperature",40
16.150872,"/climber/rightPos",0
16.169654,"/drivetrain/leftPos",0
16.169673,"/drivetrain/leftVelocity",0
16.169689,"/drivetrain/rightPos",0
16.169702,"/drivetrain/rightVelocity",0
16.169756,"/drivetrain/heading",-2.259999990463257
16.169767,"/drivetrain/headingVelocity",0.1831054538488388
16.169773,"/drivetrain/xAcceleration",0
16.169779,"/drivetrain/yAcceleration",0.003000000026077032
16.169784,"/drivetrain/leftOutputLog",0
16.169788,"/drivetrain/rightOutputLog",0
16.174031,"/intake/pos",0
16.174037,"/intake/output",0
16.174354,"/shooter/rpm",0
16.174382,"/shooter/output",0.1
16.17442,"/shooter/hasBall",true
16.174468,"/shooter/temperature",40
16.174625,"/climber/rightPos",0
16.189277,"/drivetrain/leftPos",0
16.189294,"/drivetrain/leftVelocity",0
16.189309,"/drivetrain/rightPos",0
16.189432,"/drivetrain/rightVelocity",0
16.189486,"/drivetrain/heading",-2.259999990463257
16.189495,"/drivetrain/headingVelocity",0.1831054538488388
16.189501,"/drivetrain/xAcceleration",0
16.189507,"/drivetrain/yAcceleration",0.004999999888241291
16.189512,"/drivetrain/leftOutputLog",0
16.189516,"/drivetrain/rightOutputLog",0
16.189796,"/intake/pos",0
16.189801,"/intake/output",0
16.190384,"/shooter/rpm",0
16.190414,"/shooter/output",0.1
16.190453,"/shooter/hasBall",true
16.190511,"/shooter/temperature",40
16.190878,"/climber/rightPos",0
16.209375,"/drivetrain/leftPos",0
16.209397,"/drivetrain/leftVelocity",0
16.209414,"/drivetrain/rightPos",0
16.209427,"/drivetrain/rightVelocity",0
16.209476,"/drivetrain/heading",-2.2699999809265137
16.209486,"/drivetrain/headingVelocity",0.0610351525247097
16.209492,"/drivetrain/xAcceleration",0.003000000026077032
16.209543,"/drivetrain/yAcceleration",0.004000000189989805
16.209549,"/drivetrain/leftOutputLog",0
16.209553,"/drivetrain/rightOutputLog",0
16.210235,"/intake/pos",0
16.210241,"/intake/output",0
16.210994,"/shooter/rpm",0
16.211016,"/shooter/output",0.1
16.211053,"/shooter/hasBall",true
16.211101,"/shooter/temperature",40
16.211356,"/climber/rightPos",0
16.229438,"/drivetrain/leftPos",0
16.229457,"/drivetrain/leftVelocity",0
16.229474,"/drivetrain/rightPos",0
16.229539,"/drivetrain/rightVelocity",0
16.229592,"/drivetrain/heading",-2.2699999809265137
16.229602,"/drivetrain/headingVelocity",0.0610351525247097
16.229609,"/drivetrain/xAcceleration",0
16.229614,"/drivetrain/yAcceleration",0.014999999664723873
16.229619,"/drivetrain/leftOutputLog",0
16.229623,"/drivetrain/rightOutputLog",0
16.229854,"/intake/pos",0
16.229859,"/intake/output",0
16.23017,"/shooter/rpm",0
16.230196,"/shooter/output",0.1
16.230232,"/shooter/hasBall",true
16.230283,"/shooter/temperature",40
16.230632,"/climber/rightPos",0
16.249422,"/drivetrain/leftPos",0
16.249442,"/drivetrain/leftVelocity",0
16.249459,"/drivetrain/rightPos",0
16.24947,"/drivetrain/rightVelocity",0
16.249581,"/drivetrain/heading",-2.259999990463257
16.249592,"/drivetrain/headingVelocity",-0.1220703050494194
16.249598,"/drivetrain/xAcceleration",0.003000000026077032
16.249603,"/drivetrain/yAcceleration",0.003000000026077032
16.250582,"/drivetrain/leftOutputLog",0
16.250743,"/drivetrain/rightOutputLog",0
16.251128,"/intake/pos",0
16.251133,"/intake/output",0
16.251402,"/shooter/rpm",0
16.251424,"/shooter/output",0.1
16.251461,"/shooter/hasBall",true
16.251503,"/shooter/temperature",40
16.251667,"/climber/rightPos",0
16.269331,"/drivetrain/leftPos",0
16.269347,"/drivetrain/leftVelocity",0
16.269363,"/drivetrain/rightPos",0
16.269374,"/drivetrain/rightVelocity",0
16.269409,"/drivetrain/heading",-2.259999990463257
16.269418,"/drivetrain/headingVelocity",-0.1220703050494194
16.269423,"/drivetrain/xAcceleration",0.004000000189989805
16.269428,"/drivetrain/yAcceleration",-0.007000000216066837
16.269432,"/drivetrain/leftOutputLog",0
16.269436,"/drivetrain/rightOutputLog",0
16.269638,"/intake/pos",0
16.269644,"/intake/output",0
16.269829,"/shooter/rpm",0
16.269854,"/shooter/output",0.1
16.269888,"/shooter/hasBall",true
16.269928,"/shooter/temperature",40
16.270095,"/climber/rightPos",0
16.289386,"/drivetrain/leftPos",0
16.290065,"/drivetrain/leftVelocity",0
16.290087,"/drivetrain/rightPos",0
16.290099,"/drivetrain/rightVelocity",0
16.290153,"/drivetrain/heading",-2.25
16.290163,"/drivetrain/headingVelocity",-0.1831054538488388
16.290169,"/drivetrain/xAcceleration",0
16.290174,"/drivetrain/yAcceleration",-0.004000000189989805
16.29018,"/drivetrain/leftOutputLog",0
16.290183,"/drivetrain/rightOutputLog",0
16.290931,"/intake/pos",0
16.290936,"/intake/output",0
16.291218,"/shooter/rpm",0
16.29124,"/shooter/output",0.1
16.291277,"/shooter/hasBall",true
16.291314,"/shooter/temperature",40
16.291524,"/climber/rightPos",0
16.309253,"/drivetrain/leftPos",0
16.30927,"/drivetrain/leftVelocity",0
16.309285,"/drivetrain/rightPos",0
16.309328,"/drivetrain/rightVelocity",0
16.30937,"/drivetrain/heading",-2.25
16.309379,"/drivetrain/headingVelocity",-0.1831054538488388
16.309385,"/drivetrain/xAcceleration",0
16.30939,"/drivetrain/yAcceleration",-0.004000000189989805
16.309395,"/drivetrain/leftOutputLog",0
16.309398,"/drivetrain/rightOutputLog",0
16.3096,"/intake/pos",0
16.309604,"/intake/output",0
16.309832,"/shooter/rpm",0
16.309855,"/shooter/output",0.1
16.309889,"/shooter/hasBall",true
16.309913,"/shooter/temperature",40
16.310062,"/climber/rightPos",0
16.329257,"/drivetrain/leftPos",0
16.329272,"/drivetrain/leftVelocity",0
16.329287,"/drivetrain/rightPos",0
16.329299,"/drivetrain/rightVelocity",0
16.329338,"/drivetrain/heading",-2.240000009536743
16.329347,"/drivetrain/headingVelocity",-0.0610351525247097
16.329353,"/drivetrain/xAcceleration",0
16.329358,"/drivetrain/yAcceleration",-0.003000000026077032
16.329362,"/drivetrain/leftOutputLog",0
16.329366,"/drivetrain/rightOutputLog",0
16.329578,"/intake/pos",0
16.329583,"/intake/output",0
16.330504,"/shooter/rpm",0
16.330773,"/shooter/output",0.1
16.330825,"/shooter/hasBall",true
16.330875,"/shooter/temperature",40
16.331091,"/climber/rightPos",0
16.349329,"/drivetrain/leftPos",0
16.349347,"/drivetrain/leftVelocity",0
16.349363,"/drivetrain/rightPos",0
16.349374,"/drivetrain/rightVelocity",0
16.349417,"/drivetrain/heading",-2.240000009536743
16.349426,"/drivetrain/headingVelocity",0
16.349432,"/drivetrain/xAcceleration",0
16.349437,"/drivetrain/yAcceleration",0
16.349442,"/drivetrain/leftOutputLog",0
16.349445,"/drivetrain/rightOutputLog",0
16.350822,"/intake/pos",0
16.350828,"/intake/output",0
16.351297,"/shooter/rpm",0
16.35133,"/shooter/output",0.1
16.351373,"/shooter/hasBall",true
16.351408,"/shooter/temperature",40
16.352288,"/climber/rightPos",0
16.369386,"/drivetrain/leftPos",0
16.369404,"/drivetrain/leftVelocity",0
16.369419,"/drivetrain/rightPos",0
16.369431,"/drivetrain/rightVelocity",0
16.369473,"/drivetrain/heading",-2.240000009536743
16.369482,"/drivetrain/headingVelocity",0
16.369488,"/drivetrain/xAcceleration",0
16.369493,"/drivetrain/yAcceleration",0
16.369498,"/drivetrain/leftOutputLog",0
16.369501,"/drivetrain/rightOutputLog",0
16.369687,"/intake/pos",0
16.369692,"/intake/output",0
16.370696,"/shooter/rpm",0
16.370716,"/shooter/output",0.1
16.370764,"/shooter/hasBall",true
16.370792,"/shooter/temperature",40
16.371015,"/climber/rightPos",0
16.389247,"/drivetrain/leftPos",0
16.389264,"/drivetrain/leftVelocity",0
16.38928,"/drivetrain/rightPos",0
16.389293,"/drivetrain/rightVelocity",0
16.389333,"/drivetrain/heading",-2.240000009536743
16.389342,"/drivetrain/headingVelocity",0
16.389347,"/drivetrain/xAcceleration",0
16.389352,"/drivetrain/yAcceleration",0
16.389357,"/drivetrain/leftOutputLog",0
16.389361,"/drivetrain/rightOutputLog",0
16.389619,"/intake/pos",0
16.389624,"/intake/output",0
16.390015,"/shooter/rpm",0
16.39023,"/shooter/output",0.1
16.390282,"/shooter/hasBall",true
16.390374,"/shooter/temperature",40
16.39072,"/climber/rightPos",0
16.409294,"/drivetrain/leftPos",0
16.409311,"/drivetrain/leftVelocity",0
16.409327,"/drivetrain/rightPos",0
16.409339,"/drivetrain/rightVelocity",0
16.40938,"/drivetrain/heading",-2.240000009536743
16.409389,"/drivetrain/headingVelocity",0
16.409395,"/drivetrain/xAcceleration",0
16.4094,"/drivetrain/yAcceleration",0
16.409405,"/drivetrain/leftOutputLog",0
16.409408,"/drivetrain/rightOutputLog",0
16.40961,"/intake/pos",0
16.409615,"/intake/output",0
16.409851,"/shooter/rpm",0
16.409876,"/shooter/output",0.1
16.40992,"/shooter/hasBall",true
16.409961,"/shooter/temperature",40
16.410124,"/climber/rightPos",0
16.429298,"/drivetrain/leftPos",0
16.429315,"/drivetrain/leftVelocity",0
16.42933,"/drivetrain/rightPos",0
16.429341,"/drivetrain/rightVelocity",0
16.429387,"/drivetrain/heading",-2.240000009536743
16.429396,"/drivetrain/headingVelocity",0
16.429401,"/drivetrain/xAcceleration",0
16.429406,"/drivetrain/yAcceleration",0
16.429411,"/drivetrain/leftOutputLog",0
16.429415,"/drivetrain/rightOutputLog",0
16.429778,"/intake/pos",0
16.429783,"/intake/output",0
16.431235,"/shooter/rpm",0
16.431263,"/shooter/output",0.1
16.43132,"/shooter/hasBall",true
16.431379,"/shooter/temperature",40
16.431722,"/climber/rightPos",0
16.449252,"/drivetrain/leftPos",0
16.449269,"/drivetrain/leftVelocity",0
16.449284,"/drivetrain/rightPos",0
16.449296,"/drivetrain/rightVelocity",0
16.449336,"/drivetrain/heading",-2.240000009536743
16.449344,"/drivetrain/headingVelocity",0
16.449349,"/drivetrain/xAcceleration",0
16.449354,"/drivetrain/yAcceleration",0
16.449359,"/drivetrain/leftOutputLog",0
16.449363,"/drivetrain/rightOutputLog",0
16.449582,"/intake/pos",0
16.449587,"/intake/output",0
16.450296,"/shooter/rpm",0
16.450328,"/shooter/output",0.1
16.450376,"/shooter/hasBall",true
16.450898,"/shooter/temperature",40
16.451164,"/climber/rightPos",0
16.469383,"/drivetrain/leftPos",0
16.4694,"/drivetrain/leftVelocity",0
16.469414,"/drivetrain/rightPos",0
16.469426,"/drivetrain/rightVelocity",0
16.469467,"/drivetrain/heading",-2.240000009536743
16.469475,"/drivetrain/headingVelocity",-0.0610351525247097
16.469481,"/drivetrain/xAcceleration",0
16.469486,"/drivetrain/yAcceleration",0
16.469491,"/drivetrain/leftOutputLog",0
16.469495,"/drivetrain/rightOutputLog",0
16.469679,"/intake/pos",0
16.469684,"/intake/output",0
16.47028,"/shooter/rpm",0
16.470311,"/shooter/output",0.1
16.470356,"/shooter/hasBall",true
16.470405,"/shooter/temperature",40
16.470613,"/climber/rightPos",0
16.489253,"/drivetrain/leftPos",0
16.489272,"/drivetrain/leftVelocity",0
16.489288,"/drivetrain/rightPos",0
16.4893,"/drivetrain/rightVelocity",0
16.489342,"/drivetrain/heading",-2.240000009536743
16.48935,"/drivetrain/headingVelocity",0
16.489356,"/drivetrain/xAcceleration",0
16.489361,"/drivetrain/yAcceleration",0
16.489365,"/drivetrain/leftOutputLog",0
16.489369,"/drivetrain/rightOutputLog",0
16.489571,"/intake/pos",0
16.489576,"/intake/output",0
16.489789,"/shooter/rpm",0
16.489812,"/shooter/output",0.1
16.489854,"/shooter/hasBall",true
16.489896,"/shooter/temperature",40
16.49011,"/climber/rightPos",0
16.509388,"/drivetrain/leftPos",0
16.50941,"/drivetrain/leftVelocity",0
16.509428,"/drivetrain/rightPos",0
16.50944,"/drivetrain/rightVelocity",0
16.509485,"/drivetrain/heading",-2.240000009536743
16.509494,"/drivetrain/headingVelocity",0
16.5095,"/drivetrain/xAcceleration",0
16.509505,"/drivetrain/yAcceleration",0
16.50951,"/drivetrain/leftOutputLog",0
16.509515,"/drivetrain/rightOutputLog",0
16.509799,"/intake/pos",0
16.509804,"/intake/output",0
16.509992,"/shooter/rpm",0
16.510019,"/shooter/output",0.1
16.510054,"/shooter/hasBall",true
16.510092,"/shooter/temperature",40
16.510263,"/climber/rightPos",0
16.529457,"/drivetrain/leftPos",0
16.529606,"/drivetrain/leftVelocity",0
16.529627,"/drivetrain/rightPos",0
16.529641,"/drivetrain/rightVelocity",0
16.529689,"/drivetrain/heading",-2.240000009536743
16.5297,"/drivetrain/headingVelocity",0
16.529707,"/drivetrain/xAcceleration",0
16.529712,"/drivetrain/yAcceleration",0
16.529717,"/drivetrain/leftOutputLog",0
16.529721,"/drivetrain/rightOutputLog",0
16.530348,"/intake/pos",0
16.530355,"/intake/output",0
16.534768,"/shooter/rpm",0
16.534799,"/shooter/output",0.1
16.53485,"/shooter/hasBall",true
16.534895,"/shooter/temperature",40
16.535276,"/climber/rightPos",0
16.549764,"/drivetrain/leftPos",0
16.549789,"/drivetrain/leftVelocity",0
16.549807,"/drivetrain/rightPos",0
16.54982,"/drivetrain/rightVelocity",0
16.549873,"/drivetrain/heading",-2.240000009536743
16.549882,"/drivetrain/headingVelocity",0
16.549889,"/drivetrain/xAcceleration",0
16.549894,"/drivetrain/yAcceleration",0
16.549899,"/drivetrain/leftOutputLog",0
16.549903,"/drivetrain/rightOutputLog",0
16.550193,"/intake/pos",0
16.550199,"/intake/output",0
16.551205,"/shooter/rpm",0
16.55123,"/shooter/output",0.1
16.55128,"/shooter/hasBall",true
16.551309,"/shooter/temperature",40
16.551523,"/climber/rightPos",0
16.569242,"/drivetrain/leftPos",0
16.569259,"/drivetrain/leftVelocity",0
16.569275,"/drivetrain/rightPos",0
16.569288,"/drivetrain/rightVelocity",0
16.569331,"/drivetrain/heading",-2.240000009536743
16.56934,"/drivetrain/headingVelocity",0
16.569346,"/drivetrain/xAcceleration",0
16.569351,"/drivetrain/yAcceleration",0
16.569355,"/drivetrain/leftOutputLog",0
16.569359,"/drivetrain/rightOutputLog",0
16.569737,"/intake/pos",0
16.569743,"/intake/output",0
16.570182,"/shooter/rpm",0
16.570216,"/shooter/output",0.1
16.570259,"/shooter/hasBall",true
16.570304,"/shooter/temperature",40
16.57094,"/climber/rightPos",0
16.589366,"/drivetrain/leftPos",0
16.589384,"/drivetrain/leftVelocity",0
16.589401,"/drivetrain/rightPos",0
16.589413,"/drivetrain/rightVelocity",0
16.589454,"/drivetrain/heading",-2.240000009536743
16.589463,"/drivetrain/headingVelocity",0
16.589468,"/drivetrain/xAcceleration",0
16.589473,"/drivetrain/yAcceleration",0
16.589478,"/drivetrain/leftOutputLog",0
16.589482,"/drivetrain/rightOutputLog",0
16.589679,"/intake/pos",0
16.589685,"/intake/output",0
16.590182,"/shooter/rpm",0
16.590208,"/shooter/output",0.1
16.590246,"/shooter/hasBall",true
16.590279,"/shooter/temperature",40
16.590446,"/climber/rightPos",0
16.609496,"/drivetrain/leftPos",0
16.609514,"/drivetrain/leftVelocity",0
16.609529,"/drivetrain/rightPos",0
16.609541,"/drivetrain/rightVelocity",0
16.609584,"/drivetrain/heading",-2.240000009536743
16.609593,"/drivetrain/headingVelocity",0
16.609599,"/drivetrain/xAcceleration",0
16.609604,"/drivetrain/yAcceleration",0
16.609609,"/drivetrain/leftOutputLog",0
16.609613,"/drivetrain/rightOutputLog",0
16.609855,"/intake/pos",0
16.60986,"/intake/output",0
16.61034,"/shooter/rpm",0
16.610967,"/shooter/output",0.1
16.61123,"/shooter/hasBall",true
16.611262,"/shooter/temperature",40
16.61182,"/climber/rightPos",0
16.629281,"/drivetrain/leftPos",0
16.629298,"/drivetrain/leftVelocity",0
16.629313,"/drivetrain/rightPos",0
16.629324,"/drivetrain/rightVelocity",0
16.629361,"/drivetrain/heading",-2.240000009536743
16.62937,"/drivetrain/headingVelocity",0
16.629376,"/drivetrain/xAcceleration",0
16.629381,"/drivetrain/yAcceleration",0
16.629386,"/drivetrain/leftOutputLog",0
16.629389,"/drivetrain/rightOutputLog",0
16.629603,"/intake/pos",0
16.629609,"/intake/output",0
16.630806,"/shooter/rpm",0
16.630841,"/shooter/output",0.1
16.630891,"/shooter/hasBall",true
16.630918,"/shooter/temperature",40
16.631166,"/climber/rightPos",0
16.649298,"/drivetrain/leftPos",0
16.649367,"/drivetrain/leftVelocity",0
16.64939,"/drivetrain/rightPos",0
16.649469,"/drivetrain/rightVelocity",0
16.649513,"/drivetrain/heading",-2.240000009536743
16.649522,"/drivetrain/headingVelocity",0
16.649528,"/drivetrain/xAcceleration",0
16.649533,"/drivetrain/yAcceleration",0
16.649538,"/drivetrain/leftOutputLog",0
16.649542,"/drivetrain/rightOutputLog",0
16.64975,"/intake/pos",0
16.649755,"/intake/output",0
16.650003,"/shooter/rpm",0
16.650033,"/shooter/output",0.1
16.650077,"/shooter/hasBall",true
16.650185,"/shooter/temperature",40
16.650433,"/climber/rightPos",0
16.670372,"/drivetrain/leftPos",0
16.67039,"/drivetrain/leftVelocity",0
16.670406,"/drivetrain/rightPos",0
16.670418,"/drivetrain/rightVelocity",0
16.671141,"/drivetrain/heading",-2.240000009536743
16.67116,"/drivetrain/headingVelocity",0
16.671167,"/drivetrain/xAcceleration",0
16.671172,"/drivetrain/yAcceleration",0
16.671177,"/drivetrain/leftOutputLog",0
16.671181,"/drivetrain/rightOutputLog",0
16.671466,"/intake/pos",0
16.671473,"/intake/output",0
16.671699,"/shooter/rpm",0
16.671722,"/shooter/output",0.1
16.671758,"/shooter/hasBall",true
16.6718,"/shooter/temperature",40
16.671994,"/climber/rightPos",0
16.689247,"/drivetrain/leftPos",0
16.689264,"/drivetrain/leftVelocity",0
16.68928,"/drivetrain/rightPos",0
16.689292,"/drivetrain/rightVelocity",0
16.689332,"/drivetrain/heading",-2.240000009536743
16.68934,"/drivetrain/headingVelocity",0
16.689346,"/drivetrain/xAcceleration",0
16.689351,"/drivetrain/yAcceleration",-0.003000000026077032
16.689355,"/drivetrain/leftOutputLog",0
16.689359,"/drivetrain/rightOutputLog",0
16.689745,"/intake/pos",0
16.689751,"/intake/output",0
16.690447,"/shooter/rpm",0
16.690479,"/shooter/output",0.1
16.690528,"/shooter/hasBall",true
16.690585,"/shooter/temperature",40
16.690948,"/climber/rightPos",0
16.709259,"/drivetrain/leftPos",0
16.709276,"/drivetrain/leftVelocity",0
16.709291,"/drivetrain/rightPos",0
16.709303,"/drivetrain/rightVelocity",0
16.709343,"/drivetrain/heading",-2.240000009536743
16.709351,"/drivetrain/headingVelocity",0
16.709357,"/drivetrain/xAcceleration",0.003000000026077032
16.709362,"/drivetrain/yAcceleration",0
16.709367,"/drivetrain/leftOutputLog",0
16.70937,"/drivetrain/rightOutputLog",0
16.709634,"/intake/pos",0
16.709639,"/intake/output",0
16.710009,"/shooter/rpm",0
16.710036,"/shooter/output",0.1
16.710073,"/shooter/hasBall",true
16.71028,"/shooter/temperature",40
16.710903,"/climber/rightPos",0
16.729311,"/drivetrain/leftPos",0
16.729328,"/drivetrain/leftVelocity",0
16.729344,"/drivetrain/rightPos",0
16.729357,"/drivetrain/rightVelocity",0
16.729404,"/drivetrain/heading",-2.240000009536743
16.729413,"/drivetrain/headingVelocity",0
16.72942,"/drivetrain/xAcceleration",0
16.729424,"/drivetrain/yAcceleration",0
16.729429,"/drivetrain/leftOutputLog",0
16.729433,"/drivetrain/rightOutputLog",0
16.729799,"/intake/pos",0
16.729805,"/intake/output",0
16.730498,"/shooter/rpm",0
16.730528,"/shooter/output",0.1
16.730573,"/shooter/hasBall",true
16.73062,"/shooter/temperature",40
16.731167,"/climber/rightPos",0
16.749315,"/drivetrain/leftPos",0
16.749334,"/drivetrain/leftVelocity",0
16.749349,"/drivetrain/rightPos",0
16.749361,"/drivetrain/rightVelocity",0
16.749397,"/drivetrain/heading",-2.240000009536743
16.749406,"/drivetrain/headingVelocity",0
16.749411,"/drivetrain/xAcceleration",0
16.749416,"/drivetrain/yAcceleration",0
16.749421,"/drivetrain/leftOutputLog",0
16.749425,"/drivetrain/rightOutputLog",0
16.749684,"/intake/pos",0
16.74969,"/intake/output",0
16.750347,"/shooter/rpm",0
16.75044,"/shooter/output",0.1
16.750492,"/shooter/hasBall",true
16.750532,"/shooter/temperature",40
16.751109,"/climber/rightPos",0
16.769798,"/drivetrain/leftPos",0
16.769818,"/drivetrain/leftVelocity",0
16.769836,"/drivetrain/rightPos",0
16.769852,"/drivetrain/rightVelocity",0
16.769964,"/drivetrain/heading",-2.240000009536743
16.769976,"/drivetrain/headingVelocity",0
16.769982,"/drivetrain/xAcceleration",0
16.769987,"/drivetrain/yAcceleration",0
16.769992,"/drivetrain/leftOutputLog",0
16.769995,"/drivetrain/rightOutputLog",0
16.770446,"/intake/pos",0
16.770451,"/intake/output",0
16.770985,"/shooter/rpm",0
16.771004,"/shooter/output",0.1
16.771041,"/shooter/hasBall",true
16.771079,"/shooter/temperature",40
16.771238,"/climber/rightPos",0
16.789741,"/drivetrain/leftPos",0
16.789759,"/drivetrain/leftVelocity",0
16.789775,"/drivetrain/rightPos",0
16.789787,"/drivetrain/rightVelocity",0
16.789836,"/drivetrain/heading",-2.240000009536743
16.789845,"/drivetrain/headingVelocity",0
16.789852,"/drivetrain/xAcceleration",0
16.789857,"/drivetrain/yAcceleration",0
16.789862,"/drivetrain/leftOutputLog",0
16.790342,"/drivetrain/rightOutputLog",0
16.79089,"/intake/pos",0
16.790895,"/intake/output",0
16.791089,"/shooter/rpm",0
16.791115,"/shooter/output",0.1
16.791154,"/shooter/hasBall",true
16.791192,"/shooter/temperature",40
16.791443,"/climber/rightPos",0
16.809235,"/drivetrain/leftPos",0
16.809253,"/drivetrain/leftVelocity",0
16.809269,"/drivetrain/rightPos",0
16.80928,"/drivetrain/rightVelocity",0
16.809319,"/drivetrain/heading",-2.240000009536743
16.809328,"/drivetrain/headingVelocity",0
16.809334,"/drivetrain/xAcceleration",0
16.809339,"/drivetrain/yAcceleration",0
16.809343,"/drivetrain/leftOutputLog",0
16.809347,"/drivetrain/rightOutputLog",0
16.809607,"/intake/pos",0
16.809612,"/intake/output",0
16.810336,"/shooter/rpm",0
16.810365,"/shooter/output",0.1
16.810407,"/shooter/hasBall",true
16.810436,"/shooter/temperature",40
16.810893,"/climber/rightPos",0
16.829425,"/drivetrain/leftPos",0
16.829444,"/drivetrain/leftVelocity",0
16.829461,"/drivetrain/rightPos",0
16.829474,"/drivetrain/rightVelocity",0
16.829524,"/drivetrain/heading",-2.240000009536743
16.829534,"/drivetrain/headingVelocity",0
16.829541,"/drivetrain/xAcceleration",0
16.829547,"/drivetrain/yAcceleration",0
16.829552,"/drivetrain/leftOutputLog",0
16.829555,"/drivetrain/rightOutputLog",0
16.830107,"/intake/pos",0
16.830113,"/intake/output",0
16.830682,"/shooter/rpm",0
16.830711,"/shooter/output",0.1
16.830756,"/shooter/hasBall",true
16.830792,"/shooter/temperature",40
16.830992,"/climber/rightPos",0
16.850508,"/drivetrain/leftPos",0
16.850562,"/drivetrain/leftVelocity",0
16.850583,"/drivetrain/rightPos",0
16.850596,"/drivetrain/rightVelocity",0
16.850635,"/drivetrain/heading",-2.240000009536743
16.850647,"/drivetrain/headingVelocity",0
16.850654,"/drivetrain/xAcceleration",0
16.850659,"/drivetrain/yAcceleration",0
16.850664,"/drivetrain/leftOutputLog",0
16.850668,"/drivetrain/rightOutputLog",0
16.851154,"/intake/pos",0
16.85116,"/intake/output",0
16.851392,"/shooter/rpm",0
16.851461,"/shooter/output",0.1
16.851501,"/shooter/hasBall",true
16.851525,"/shooter/temperature",40
16.851825,"/climber/rightPos",0
16.870419,"/drivetrain/leftPos",0
16.870463,"/drivetrain/leftVelocity",0
16.870481,"/drivetrain/rightPos",0
16.870494,"/drivetrain/rightVelocity",0
16.870528,"/drivetrain/heading",-2.2300000190734863
16.870537,"/drivetrain/headingVelocity",0
16.870542,"/drivetrain/xAcceleration",0
16.870547,"/drivetrain/yAcceleration",0
16.870552,"/drivetrain/leftOutputLog",0
16.870556,"/drivetrain/rightOutputLog",0
16.87074,"/intake/pos",0
16.870744,"/intake/output",0
16.870995,"/shooter/rpm",0
16.87102,"/shooter/output",0.1
16.871063,"/shooter/hasBall",true
16.871087,"/shooter/temperature",40
16.871296,"/climber/rightPos",0
16.89062,"/drivetrain/leftPos",0
16.89064,"/drivetrain/leftVelocity",0
16.890656,"/drivetrain/rightPos",0
16.890666,"/drivetrain/rightVelocity",0
16.890702,"/drivetrain/heading",-2.2300000190734863
16.890711,"/drivetrain/headingVelocity",-0.0610351525247097
16.890717,"/drivetrain/xAcceleration",0
16.890722,"/drivetrain/yAcceleration",0
16.890728,"/drivetrain/leftOutputLog",0
16.890732,"/drivetrain/rightOutputLog",0
16.891013,"/intake/pos",0
16.891018,"/intake/output",0
16.891268,"/shooter/rpm",0
16.891293,"/shooter/output",0.1
16.891328,"/shooter/hasBall",true
16.891371,"/shooter/temperature",40
16.891522,"/climber/rightPos",0
16.909294,"/drivetrain/leftPos",0
16.90931,"/drivetrain/leftVelocity",0
16.909326,"/drivetrain/rightPos",0
16.909337,"/drivetrain/rightVelocity",0
16.909378,"/drivetrain/heading",-2.2300000190734863
16.909387,"/drivetrain/headingVelocity",-0.0610351525247097
16.909392,"/drivetrain/xAcceleration",0
16.909397,"/drivetrain/yAcceleration",0
16.909402,"/drivetrain/leftOutputLog",0
16.909406,"/drivetrain/rightOutputLog",0
16.909586,"/intake/pos",0
16.909591,"/intake/output",0
16.909797,"/shooter/rpm",0
16.909823,"/shooter/output",0.1
16.909856,"/shooter/hasBall",true
16.9099,"/shooter/temperature",40
16.910382,"/climber/rightPos",0
16.929566,"/drivetrain/leftPos",0
16.929586,"/drivetrain/leftVelocity",0
16.929601,"/drivetrain/rightPos",0
16.929613,"/drivetrain/rightVelocity",0
16.929666,"/drivetrain/heading",-2.2300000190734863
16.929675,"/drivetrain/headingVelocity",-0.0610351525247097
16.929681,"/drivetrain/xAcceleration",0
16.929686,"/drivetrain/yAcceleration",0
16.929691,"/drivetrain/leftOutputLog",0
16.929695,"/drivetrain/rightOutputLog",0
16.930069,"/intake/pos",0
16.930074,"/intake/output",0
16.930733,"/shooter/rpm",0
16.930753,"/shooter/output",0.1
16.93079,"/shooter/hasBall",true
16.930835,"/shooter/temperature",40
16.930998,"/climber/rightPos",0
16.95015,"/drivetrain/leftPos",0
16.950169,"/drivetrain/leftVelocity",0
16.950185,"/drivetrain/rightPos",0
16.950197,"/drivetrain/rightVelocity",0
16.950242,"/drivetrain/heading",-2.2300000190734863
16.950252,"/drivetrain/headingVelocity",-0.0610351525247097
16.950419,"/drivetrain/xAcceleration",0
16.950425,"/drivetrain/yAcceleration",0
16.95043,"/drivetrain/leftOutputLog",0
16.950434,"/drivetrain/rightOutputLog",0
16.950708,"/intake/pos",0
16.950713,"/intake/output",0
16.951138,"/shooter/rpm",0
16.951165,"/shooter/output",0.1
16.951203,"/shooter/hasBall",true
16.951247,"/shooter/temperature",40
16.951426,"/climber/rightPos",0
16.970401,"/drivetrain/leftPos",0
16.97042,"/drivetrain/leftVelocity",0
16.970437,"/drivetrain/rightPos",0
16.970506,"/drivetrain/rightVelocity",0
16.970546,"/drivetrain/heading",-2.2200000286102295
16.970555,"/drivetrain/headingVelocity",-0.0610351525247097
16.97056,"/drivetrain/xAcceleration",0
16.970566,"/drivetrain/yAcceleration",0
16.970571,"/drivetrain/leftOutputLog",0
16.970575,"/drivetrain/rightOutputLog",0
16.970843,"/intake/pos",0
16.970848,"/intake/output",0
16.971276,"/shooter/rpm",0
16.9713,"/shooter/output",0.1
16.97134,"/shooter/hasBall",true
16.971384,"/shooter/temperature",40
16.971552,"/climber/rightPos",0
16.989469,"/drivetrain/leftPos",0
16.989608,"/drivetrain/leftVelocity",0
16.989628,"/drivetrain/rightPos",0
16.98964,"/drivetrain/rightVelocity",0
16.989687,"/drivetrain/heading",-2.2200000286102295
16.989698,"/drivetrain/headingVelocity",0
16.989704,"/drivetrain/xAcceleration",0
16.989709,"/drivetrain/yAcceleration",0
16.989715,"/drivetrain/leftOutputLog",0
16.989719,"/drivetrain/rightOutputLog",0
16.990395,"/intake/pos",0
16.990401,"/intake/output",0
16.990771,"/shooter/rpm",0
16.99079,"/shooter/output",0.1
16.990826,"/shooter/hasBall",true
16.990868,"/shooter/temperature",40
16.991059,"/climber/rightPos",0
17.009322,"/drivetrain/leftPos",0
17.00934,"/drivetrain/leftVelocity",0
17.009355,"/drivetrain/rightPos",0
17.009367,"/drivetrain/rightVelocity",0
17.009406,"/drivetrain/heading",-2.2200000286102295
17.009416,"/drivetrain/headingVelocity",-0.0610351525247097
17.009422,"/drivetrain/xAcceleration",0
17.009427,"/drivetrain/yAcceleration",0
17.009431,"/drivetrain/leftOutputLog",0
17.009435,"/drivetrain/rightOutputLog",0
17.009624,"/intake/pos",0
17.009629,"/intake/output",0
17.010018,"/shooter/rpm",0
17.01018,"/shooter/output",0.1
17.01023,"/shooter/hasBall",true
17.010257,"/shooter/temperature",40
17.010645,"/climber/rightPos",0
17.030298,"/drivetrain/leftPos",0
17.030316,"/drivetrain/leftVelocity",0
17.030385,"/drivetrain/rightPos",0
17.030402,"/drivetrain/rightVelocity",0
17.030685,"/drivetrain/heading",-2.2200000286102295
17.030696,"/drivetrain/headingVelocity",0
17.030702,"/drivetrain/xAcceleration",0
17.030707,"/drivetrain/yAcceleration",0
17.030713,"/drivetrain/leftOutputLog",0
17.030717,"/drivetrain/rightOutputLog",0
17.03146,"/intake/pos",0
17.031469,"/intake/output",0
17.031835,"/shooter/rpm",0
17.03186,"/shooter/output",0.1
17.031896,"/shooter/hasBall",true
17.031933,"/shooter/temperature",40
17.03227,"/climber/rightPos",0
17.049586,"/drivetrain/leftPos",0
17.049607,"/drivetrain/leftVelocity",0
17.049623,"/drivetrain/rightPos",0
17.049634,"/drivetrain/rightVelocity",0
17.049679,"/drivetrain/heading",-2.2200000286102295
17.049689,"/drivetrain/headingVelocity",-0.0610351525247097
17.049695,"/drivetrain/xAcceleration",0
17.0497,"/drivetrain/yAcceleration",0
17.049705,"/drivetrain/leftOutputLog",0
17.049709,"/drivetrain/rightOutputLog",0
17.050021,"/intake/pos",0
17.050026,"/intake/output",0
17.050517,"/shooter/rpm",0
17.050547,"/shooter/output",0.1
17.050602,"/shooter/hasBall",true
17.050629,"/shooter/temperature",40
17.051284,"/climber/rightPos",0
17.070467,"/drivetrain/leftPos",0
17.070485,"/drivetrain/leftVelocity",0
17.0705,"/drivetrain/rightPos",0
17.070512,"/drivetrain/rightVelocity",0
17.070547,"/drivetrain/heading",-2.2200000286102295
17.070556,"/drivetrain/headingVelocity",-0.0610351525247097
17.070562,"/drivetrain/xAcceleration",0
17.070567,"/drivetrain/yAcceleration",0
17.070572,"/drivetrain/leftOutputLog",0
17.070575,"/drivetrain/rightOutputLog",0
17.070865,"/intake/pos",0
17.070869,"/intake/output",0
17.071083,"/shooter/rpm",0
17.071187,"/shooter/output",0.1
17.071225,"/shooter/hasBall",true
17.071258,"/shooter/temperature",40
17.071414,"/climber/rightPos",0
17.089663,"/drivetrain/leftPos",0
17.089683,"/drivetrain/leftVelocity",0
17.089699,"/drivetrain/rightPos",0
17.08971,"/drivetrain/rightVelocity",0
17.090561,"/drivetrain/heading",-2.2200000286102295
17.090572,"/drivetrain/headingVelocity",0
17.090578,"/drivetrain/xAcceleration",0
17.090584,"/drivetrain/yAcceleration",0
17.090589,"/drivetrain/leftOutputLog",0
17.090593,"/drivetrain/rightOutputLog",0
17.090829,"/intake/pos",0
17.090834,"/intake/output",0
17.091071,"/shooter/rpm",0
17.091094,"/shooter/output",0.1
17.091177,"/shooter/hasBall",true
17.091202,"/shooter/temperature",40
17.09154,"/climber/rightPos",0
17.109325,"/drivetrain/leftPos",0
17.109343,"/drivetrain/leftVelocity",0
17.10936,"/drivetrain/rightPos",0
17.109371,"/drivetrain/rightVelocity",0
17.109417,"/drivetrain/heading",-2.2200000286102295
17.109427,"/drivetrain/headingVelocity",0
17.109433,"/drivetrain/xAcceleration",0
17.109438,"/drivetrain/yAcceleration",0
17.109443,"/drivetrain/leftOutputLog",0
17.109447,"/drivetrain/rightOutputLog",0
17.109675,"/intake/pos",0
17.10968,"/intake/output",0
17.110452,"/shooter/rpm",0
17.110486,"/shooter/output",0.1
17.110534,"/shooter/hasBall",true
17.110763,"/shooter/temperature",40
17.111277,"/climber/rightPos",0
17.129249,"/drivetrain/leftPos",0
17.129267,"/drivetrain/leftVelocity",0
17.129282,"/drivetrain/rightPos",0
17.129321,"/drivetrain/rightVelocity",0
17.129363,"/drivetrain/heading",-2.2100000381469727
17.129372,"/drivetrain/headingVelocity",0
17.129377,"/drivetrain/xAcceleration",0
17.129383,"/drivetrain/yAcceleration",0
17.129387,"/drivetrain/leftOutputLog",0
17.129391,"/drivetrain/rightOutputLog",0
17.12964,"/intake/pos",0
17.129645,"/intake/output",0
17.130048,"/shooter/rpm",0
17.130077,"/shooter/output",0.1
17.130123,"/shooter/hasBall",true
17.130172,"/shooter/temperature",40
17.130876,"/climber/rightPos",0
17.149482,"/drivetrain/leftPos",0
17.149502,"/drivetrain/leftVelocity",0
17.149518,"/drivetrain/rightPos",0
17.149531,"/drivetrain/rightVelocity",0
17.149925,"/drivetrain/heading",-2.2100000381469727
17.149937,"/drivetrain/headingVelocity",0
17.149943,"/drivetrain/xAcceleration",0
17.150093,"/drivetrain/yAcceleration",0
17.1501,"/drivetrain/leftOutputLog",0
17.150116,"/drivetrain/rightOutputLog",0
17.150724,"/intake/pos",0
17.15073,"/intake/output",0
17.151143,"/shooter/rpm",0
17.151166,"/shooter/output",0.1
17.151203,"/shooter/hasBall",true
17.151247,"/shooter/temperature",40
17.151542,"/climber/rightPos",0
17.169786,"/drivetrain/leftPos",0
17.170029,"/drivetrain/leftVelocity",0
17.170069,"/drivetrain/rightPos",0
17.170084,"/drivetrain/rightVelocity",0
17.170114,"/drivetrain/heading",-2.2100000381469727
17.170123,"/drivetrain/headingVelocity",0
17.170129,"/drivetrain/xAcceleration",0.003000000026077032
17.170134,"/drivetrain/yAcceleration",0
17.170139,"/drivetrain/leftOutputLog",0
17.170143,"/drivetrain/rightOutputLog",0
17.170347,"/intake/pos",0
17.170352,"/intake/output",0
17.170586,"/shooter/rpm",0
17.17061,"/shooter/output",0.1
17.170643,"/shooter/hasBall",true
17.170688,"/shooter/temperature",40
17.17123,"/climber/rightPos",0
17.189905,"/drivetrain/leftPos",0
17.189924,"/drivetrain/leftVelocity",0
17.18994,"/drivetrain/rightPos",0
17.189953,"/drivetrain/rightVelocity",0
17.189994,"/drivetrain/heading",-2.2100000381469727
17.190004,"/drivetrain/headingVelocity",0
17.19001,"/drivetrain/xAcceleration",0
17.190015,"/drivetrain/yAcceleration",0
17.19002,"/drivetrain/leftOutputLog",0
17.190024,"/drivetrain/rightOutputLog",0
17.190306,"/intake/pos",0
17.190311,"/intake/output",0
17.190591,"/shooter/rpm",0
17.190618,"/shooter/output",0.1
17.190655,"/shooter/hasBall",true
17.190698,"/shooter/temperature",40
17.190868,"/climber/rightPos",0
17.20964,"/drivetrain/leftPos",0
17.209665,"/drivetrain/leftVelocity",0
17.209682,"/drivetrain/rightPos",0
17.209693,"/drivetrain/rightVelocity",0
17.209724,"/drivetrain/heading",-2.2100000381469727
17.209733,"/drivetrain/headingVelocity",-0.0610351525247097
17.209738,"/drivetrain/xAcceleration",0
17.209744,"/drivetrain/yAcceleration",-0.004999999888241291
17.209748,"/drivetrain/leftOutputLog",0
17.209752,"/drivetrain/rightOutputLog",0
17.210155,"/intake/pos",0
17.210343,"/intake/output",0
17.210562,"/shooter/rpm",0
17.210653,"/shooter/output",0.1
17.210697,"/shooter/hasBall",true
17.210746,"/shooter/temperature",40
17.211432,"/climber/rightPos",0
17.229225,"/drivetrain/leftPos",0
17.229242,"/drivetrain/leftVelocity",0
17.229256,"/drivetrain/rightPos",0
17.229268,"/drivetrain/rightVelocity",0
17.229306,"/drivetrain/heading",-2.2100000381469727
17.229315,"/drivetrain/headingVelocity",0
17.22932,"/drivetrain/xAcceleration",0
17.229325,"/drivetrain/yAcceleration",0
17.22933,"/drivetrain/leftOutputLog",0
17.229334,"/drivetrain/rightOutputLog",0
17.229533,"/intake/pos",0
17.229538,"/intake/output",0
17.229728,"/shooter/rpm",0
17.229751,"/shooter/output",0.1
17.229786,"/shooter/hasBall",true
17.229827,"/shooter/temperature",40
17.229985,"/climber/rightPos",0
17.249313,"/drivetrain/leftPos",0
17.249333,"/drivetrain/leftVelocity",0
17.249351,"/drivetrain/rightPos",0
17.249363,"/drivetrain/rightVelocity",0
17.249413,"/drivetrain/heading",-2.2100000381469727
17.249422,"/drivetrain/headingVelocity",0
17.249428,"/drivetrain/xAcceleration",0
17.249434,"/drivetrain/yAcceleration",0
17.249439,"/drivetrain/leftOutputLog",0
17.249443,"/drivetrain/rightOutputLog",0
17.250132,"/intake/pos",0
17.250138,"/intake/output",0
17.250348,"/shooter/rpm",0
17.250374,"/shooter/output",0.1
17.250409,"/shooter/hasBall",true
17.250448,"/shooter/temperature",40
17.250624,"/climber/rightPos",0
17.270523,"/drivetrain/leftPos",0
17.270556,"/drivetrain/leftVelocity",0
17.270576,"/drivetrain/rightPos",0
17.270588,"/drivetrain/rightVelocity",0
17.27062,"/drivetrain/heading",-2.2100000381469727
17.270629,"/drivetrain/headingVelocity",0
17.270635,"/drivetrain/xAcceleration",0
17.27064,"/drivetrain/yAcceleration",0
17.270645,"/drivetrain/leftOutputLog",0
17.270649,"/drivetrain/rightOutputLog",0
17.270906,"/intake/pos",0
17.270911,"/intake/output",0
17.271158,"/shooter/rpm",0
17.271182,"/shooter/output",0.1
17.27122,"/shooter/hasBall",true
17.271259,"/shooter/temperature",40
17.271493,"/climber/rightPos",0
17.29011,"/drivetrain/leftPos",0
17.290129,"/drivetrain/leftVelocity",0
17.290145,"/drivetrain/rightPos",0
17.290157,"/drivetrain/rightVelocity",0
17.290206,"/drivetrain/heading",-2.2100000381469727
17.290216,"/drivetrain/headingVelocity",0
17.290222,"/drivetrain/xAcceleration",0
17.290227,"/drivetrain/yAcceleration",0
17.290232,"/drivetrain/leftOutputLog",0
17.290236,"/drivetrain/rightOutputLog",0
17.290842,"/intake/pos",0
17.290848,"/intake/output",0
17.291094,"/shooter/rpm",0
17.291117,"/shooter/output",0.1
17.291153,"/shooter/hasBall",true
17.291198,"/shooter/temperature",40
17.291417,"/climber/rightPos",0
17.309265,"/drivetrain/leftPos",0
17.309284,"/drivetrain/leftVelocity",0
17.309301,"/drivetrain/rightPos",0
17.309313,"/drivetrain/rightVelocity",0
17.309355,"/drivetrain/heading",-2.2100000381469727
17.309363,"/drivetrain/headingVelocity",0
17.30937,"/drivetrain/xAcceleration",0
17.309375,"/drivetrain/yAcceleration",0
17.309379,"/drivetrain/leftOutputLog",0
17.309383,"/drivetrain/rightOutputLog",0
17.309581,"/intake/pos",0
17.309586,"/intake/output",0
17.309794,"/shooter/rpm",0
17.309868,"/shooter/output",0.1
17.310145,"/shooter/hasBall",true
17.310185,"/shooter/temperature",40
17.311004,"/climber/rightPos",0
17.330389,"/drivetrain/leftPos",0
17.330406,"/drivetrain/leftVelocity",0
17.330421,"/drivetrain/rightPos",0
17.330433,"/drivetrain/rightVelocity",0
17.330467,"/drivetrain/heading",-2.2100000381469727
17.330475,"/drivetrain/headingVelocity",0
17.330481,"/drivetrain/xAcceleration",0
17.330486,"/drivetrain/yAcceleration",0
17.330491,"/drivetrain/leftOutputLog",0
17.330494,"/drivetrain/rightOutputLog",0
17.330768,"/intake/pos",0
17.330773,"/intake/output",0
17.330995,"/shooter/rpm",0
17.33102,"/shooter/output",0.1
17.331056,"/shooter/hasBall",true
17.331086,"/shooter/temperature",40
17.33135,"/climber/rightPos",0
17.349654,"/drivetrain/leftPos",0
17.349673,"/drivetrain/leftVelocity",0
17.34969,"/drivetrain/rightPos",0
17.350029,"/drivetrain/rightVelocity",0
17.350078,"/drivetrain/heading",-2.2100000381469727
17.350088,"/drivetrain/headingVelocity",0
17.350095,"/drivetrain/xAcceleration",0
17.3501,"/drivetrain/yAcceleration",0
17.350105,"/drivetrain/leftOutputLog",0
17.350109,"/drivetrain/rightOutputLog",0
17.350325,"/intake/pos",0
17.35033,"/intake/output",0
17.350526,"/shooter/rpm",0
17.350549,"/shooter/output",0.1
17.350583,"/shooter/hasBall",true
17.350606,"/shooter/temperature",40
17.350813,"/climber/rightPos",0
17.370284,"/drivetrain/leftPos",0
17.370317,"/drivetrain/leftVelocity",0
17.370335,"/drivetrain/rightPos",0
17.370347,"/drivetrain/rightVelocity",0
17.370378,"/drivetrain/heading",-2.2100000381469727
17.370387,"/drivetrain/headingVelocity",0
17.370393,"/drivetrain/xAcceleration",0
17.370398,"/drivetrain/yAcceleration",0
17.370403,"/drivetrain/leftOutputLog",0
17.370406,"/drivetrain/rightOutputLog",0
17.370621,"/intake/pos",0
17.370626,"/intake/output",0
17.370814,"/shooter/rpm",0
17.370836,"/shooter/output",0.1
17.370871,"/shooter/hasBall",true
17.370894,"/shooter/temperature",40
17.371104,"/climber/rightPos",0
17.390743,"/drivetrain/leftPos",0
17.39076,"/drivetrain/leftVelocity",0
17.390776,"/drivetrain/rightPos",0
17.390788,"/drivetrain/rightVelocity",0
17.390823,"/drivetrain/heading",-2.2100000381469727
17.390831,"/drivetrain/headingVelocity",0
17.390837,"/drivetrain/xAcceleration",0
17.390842,"/drivetrain/yAcceleration",0
17.390846,"/drivetrain/leftOutputLog",0
17.39085,"/drivetrain/rightOutputLog",0
17.391119,"/intake/pos",0
17.391124,"/intake/output",0
17.391319,"/shooter/rpm",0
17.391343,"/shooter/output",0.1
17.391378,"/shooter/hasBall",true
17.391421,"/shooter/temperature",40
17.391594,"/climber/rightPos",0
17.40928,"/drivetrain/leftPos",0
17.409298,"/drivetrain/leftVelocity",0
17.409324,"/drivetrain/rightPos",0
17.409336,"/drivetrain/rightVelocity",0
17.409373,"/drivetrain/heading",-2.2100000381469727
17.409382,"/drivetrain/headingVelocity",0
17.409387,"/drivetrain/xAcceleration",0
17.409392,"/drivetrain/yAcceleration",0
17.409397,"/drivetrain/leftOutputLog",0
17.409401,"/drivetrain/rightOutputLog",0
17.409595,"/intake/pos",0
17.4096,"/intake/output",0
17.409825,"/shooter/rpm",0
17.409847,"/shooter/output",0.1
17.409883,"/shooter/hasBall",true
17.409931,"/shooter/temperature",40
17.410123,"/climber/rightPos",0
17.429403,"/drivetrain/leftPos",0
17.429429,"/drivetrain/leftVelocity",0
17.429445,"/drivetrain/rightPos",0
17.429457,"/drivetrain/rightVelocity",0
17.429505,"/drivetrain/heading",-2.2100000381469727
17.429514,"/drivetrain/headingVelocity",0
17.42952,"/drivetrain/xAcceleration",0
17.429526,"/drivetrain/yAcceleration",0
17.429531,"/drivetrain/leftOutputLog",0
17.429535,"/drivetrain/rightOutputLog",0
17.429765,"/intake/pos",0
17.42977,"/intake/output",0
17.43065,"/shooter/rpm",0
17.430669,"/shooter/output",0.1
17.430713,"/shooter/hasBall",true
17.430762,"/shooter/temperature",40
17.430992,"/climber/rightPos",0
17.449291,"/drivetrain/leftPos",0
17.449309,"/drivetrain/leftVelocity",0
17.449325,"/drivetrain/rightPos",0
17.449337,"/drivetrain/rightVelocity",0
17.44956,"/drivetrain/heading",-2.2100000381469727
17.449571,"/drivetrain/headingVelocity",0
17.449577,"/drivetrain/xAcceleration",0
17.449582,"/drivetrain/yAcceleration",0
17.449589,"/drivetrain/leftOutputLog",0
17.449593,"/drivetrain/rightOutputLog",0
17.450194,"/intake/pos",0
17.450199,"/intake/output",0
17.450648,"/shooter/rpm",0
17.450674,"/shooter/output",0.1
17.450717,"/shooter/hasBall",true
17.450767,"/shooter/temperature",40
17.451074,"/climber/rightPos",0
17.469333,"/drivetrain/leftPos",0
17.469351,"/drivetrain/leftVelocity",0
17.469367,"/drivetrain/rightPos",0
17.469378,"/drivetrain/rightVelocity",0
17.469418,"/drivetrain/heading",-2.2100000381469727
17.469427,"/drivetrain/headingVelocity",0
17.469433,"/drivetrain/xAcceleration",0
17.469438,"/drivetrain/yAcceleration",0
17.469442,"/drivetrain/leftOutputLog",0
17.469446,"/drivetrain/rightOutputLog",0
17.469776,"/intake/pos",0
17.469782,"/intake/output",0
17.470039,"/shooter/rpm",0
17.470067,"/shooter/output",0.1
17.470108,"/shooter/hasBall",true
17.470977,"/shooter/temperature",40
17.471175,"/climber/rightPos",0
17.490047,"/drivetrain/leftPos",0
17.490067,"/drivetrain/leftVelocity",0
17.490082,"/drivetrain/rightPos",0
17.490095,"/drivetrain/rightVelocity",0
17.490141,"/drivetrain/heading",-2.2100000381469727
17.490307,"/drivetrain/headingVelocity",0
17.490328,"/drivetrain/xAcceleration",0
17.490334,"/drivetrain/yAcceleration",0
17.490339,"/drivetrain/leftOutputLog",0
17.490343,"/drivetrain/rightOutputLog",0
17.490801,"/intake/pos",0
17.490806,"/intake/output",0
17.491056,"/shooter/rpm",0
17.49108,"/shooter/output",0.1
17.491116,"/shooter/hasBall",true
17.491156,"/shooter/temperature",40
17.491335,"/climber/rightPos",0
17.509252,"/drivetrain/leftPos",0
17.509269,"/drivetrain/leftVelocity",0
17.509284,"/drivetrain/rightPos",0
17.509295,"/drivetrain/rightVelocity",0
17.509335,"/drivetrain/heading",-2.2100000381469727
17.509344,"/drivetrain/headingVelocity",0.0610351525247097
17.509349,"/drivetrain/xAcceleration",0.003000000026077032
17.509354,"/drivetrain/yAcceleration",0
17.509359,"/drivetrain/leftOutputLog",0
17.509363,"/drivetrain/rightOutputLog",0
17.510054,"/intake/pos",0
17.51006,"/intake/output",0
17.510411,"/shooter/rpm",0
17.510434,"/shooter/output",0.1
17.51047,"/shooter/hasBall",true
17.510494,"/shooter/temperature",40
17.51066,"/climber/rightPos",0
17.529284,"/drivetrain/leftPos",0
17.529301,"/drivetrain/leftVelocity",0
17.529317,"/drivetrain/rightPos",0
17.52933,"/drivetrain/rightVelocity",0
17.529378,"/drivetrain/heading",-2.2100000381469727
17.529389,"/drivetrain/headingVelocity",0
17.529396,"/drivetrain/xAcceleration",0
17.529401,"/drivetrain/yAcceleration",0
17.529407,"/drivetrain/leftOutputLog",0
17.529411,"/drivetrain/rightOutputLog",0
17.529878,"/intake/pos",0
17.529884,"/intake/output",0
17.530518,"/shooter/rpm",0
17.530554,"/shooter/output",0.1
17.530596,"/shooter/hasBall",true
17.53064,"/shooter/temperature",40
17.53101,"/climber/rightPos",0
17.549446,"/drivetrain/leftPos",0
17.549479,"/drivetrain/leftVelocity",0
17.549498,"/drivetrain/rightPos",0
17.54951,"/drivetrain/rightVelocity",0
17.549561,"/drivetrain/heading",-2.2100000381469727
17.549571,"/drivetrain/headingVelocity",-0.1220703050494194
17.549577,"/drivetrain/xAcceleration",0
17.549582,"/drivetrain/yAcceleration",0
17.550624,"/drivetrain/leftOutputLog",0
17.550678,"/drivetrain/rightOutputLog",0
17.55092,"/intake/pos",0
17.550925,"/intake/output",0
17.551122,"/shooter/rpm",0
17.551147,"/shooter/output",0.1
17.551185,"/shooter/hasBall",true
17.551348,"/shooter/temperature",40
17.551635,"/climber/rightPos",0
17.569365,"/drivetrain/leftPos",0
17.569385,"/drivetrain/leftVelocity",0
17.569401,"/drivetrain/rightPos",0
17.569414,"/drivetrain/rightVelocity",0
17.569454,"/drivetrain/heading",-2.2100000381469727
17.569463,"/drivetrain/headingVelocity",-0.0610351525247097
17.569508,"/drivetrain/xAcceleration",0
17.569514,"/drivetrain/yAcceleration",0
17.569519,"/drivetrain/leftOutputLog",0
17.569523,"/drivetrain/rightOutputLog",0
17.569761,"/intake/pos",0
17.569767,"/intake/output",0
17.569944,"/shooter/rpm",0
17.569968,"/shooter/output",0.1
17.570002,"/shooter/hasBall",true
17.570027,"/shooter/temperature",40
17.570242,"/climber/rightPos",0
17.589285,"/drivetrain/leftPos",0
17.589304,"/drivetrain/leftVelocity",0
17.589321,"/drivetrain/rightPos",0
17.589333,"/drivetrain/rightVelocity",0
17.589374,"/drivetrain/heading",-2.2100000381469727
17.589383,"/drivetrain/headingVelocity",0
17.589389,"/drivetrain/xAcceleration",0
17.589394,"/drivetrain/yAcceleration",0
17.589398,"/drivetrain/leftOutputLog",0
17.589402,"/drivetrain/rightOutputLog",0
17.589966,"/intake/pos",0
17.589972,"/intake/output",0
17.59053,"/shooter/rpm",0
17.590664,"/shooter/output",0.1
17.590714,"/shooter/hasBall",true
17.590742,"/shooter/temperature",40
17.591282,"/climber/rightPos",0
17.609236,"/drivetrain/leftPos",0
17.609254,"/drivetrain/leftVelocity",0
17.609269,"/drivetrain/rightPos",0
17.609281,"/drivetrain/rightVelocity",0
17.60932,"/drivetrain/heading",-2.2100000381469727
17.609329,"/drivetrain/headingVelocity",0
17.609335,"/drivetrain/xAcceleration",0
17.609341,"/drivetrain/yAcceleration",0
17.609346,"/drivetrain/leftOutputLog",0
17.609349,"/drivetrain/rightOutputLog",0
17.609597,"/intake/pos",0
17.609602,"/intake/output",0
17.609783,"/shooter/rpm",0
17.609806,"/shooter/output",0.1
17.609956,"/shooter/hasBall",true
17.610022,"/shooter/temperature",40
17.610516,"/climber/rightPos",0
17.631205,"/drivetrain/leftPos",0
17.631228,"/drivetrain/leftVelocity",0
17.631244,"/drivetrain/rightPos",0
17.631255,"/drivetrain/rightVelocity",0
17.631291,"/drivetrain/heading",-2.2100000381469727
17.631299,"/drivetrain/headingVelocity",0
17.631305,"/drivetrain/xAcceleration",0
17.63131,"/drivetrain/yAcceleration",0
17.631314,"/drivetrain/leftOutputLog",0
17.631318,"/drivetrain/rightOutputLog",0
17.631607,"/intake/pos",0
17.631612,"/intake/output",0
17.631813,"/shooter/rpm",0
17.631835,"/shooter/output",0.1
17.631869,"/shooter/hasBall",true
17.631939,"/shooter/temperature",40
17.632107,"/climber/rightPos",0
17.649294,"/drivetrain/leftPos",0
17.649312,"/drivetrain/leftVelocity",0
17.649327,"/drivetrain/rightPos",0
17.649339,"/drivetrain/rightVelocity",0
17.649379,"/drivetrain/heading",-2.2100000381469727
17.649387,"/drivetrain/headingVelocity",0
17.649393,"/drivetrain/xAcceleration",0
17.649397,"/drivetrain/yAcceleration",0
17.649402,"/drivetrain/leftOutputLog",0
17.649406,"/drivetrain/rightOutputLog",0
17.649646,"/intake/pos",0
17.649651,"/intake/output",0
17.650208,"/shooter/rpm",0
17.650239,"/shooter/output",0.1
17.650285,"/shooter/hasBall",true
17.650339,"/shooter/temperature",40
17.6508,"/climber/rightPos",0
17.670063,"/drivetrain/leftPos",0
17.67008,"/drivetrain/leftVelocity",0
17.670095,"/drivetrain/rightPos",0
17.670107,"/drivetrain/rightVelocity",0
17.67014,"/drivetrain/heading",-2.2100000381469727
17.670149,"/drivetrain/headingVelocity",0
17.670155,"/drivetrain/xAcceleration",0
17.67016,"/drivetrain/yAcceleration",0
17.670165,"/drivetrain/leftOutputLog",0
17.670168,"/drivetrain/rightOutputLog",0
17.67039,"/intake/pos",0
17.670396,"/intake/output",0
17.670582,"/shooter/rpm",0
17.670606,"/shooter/output",0.1
17.670639,"/shooter/hasBall",true
17.67068,"/shooter/temperature",40
17.670854,"/climber/rightPos",0
17.689278,"/drivetrain/leftPos",0
17.689295,"/drivetrain/leftVelocity",0
17.68931,"/drivetrain/rightPos",0
17.689322,"/drivetrain/rightVelocity",0
17.689361,"/drivetrain/heading",-2.2100000381469727
17.68937,"/drivetrain/headingVelocity",0
17.689376,"/drivetrain/xAcceleration",0
17.689381,"/drivetrain/yAcceleration",0
17.689386,"/drivetrain/leftOutputLog",0
17.689389,"/drivetrain/rightOutputLog",0
17.689913,"/intake/pos",0
17.689918,"/intake/output",0
17.690403,"/shooter/rpm",0
17.6905,"/shooter/output",0.1
17.690545,"/shooter/hasBall",true
17.690594,"/shooter/temperature",40
17.691078,"/climber/rightPos",0
17.709456,"/drivetrain/leftPos",0
17.709473,"/drivetrain/leftVelocity",0
17.709487,"/drivetrain/rightPos",0
17.709499,"/drivetrain/rightVelocity",0
17.709539,"/drivetrain/heading",-2.2100000381469727
17.709548,"/drivetrain/headingVelocity",0
17.709554,"/drivetrain/xAcceleration",0
17.709559,"/drivetrain/yAcceleration",0
17.709563,"/drivetrain/leftOutputLog",0
17.709567,"/drivetrain/rightOutputLog",0
17.709815,"/intake/pos",0
17.70982,"/intake/output",0
17.709998,"/shooter/rpm",0
17.710019,"/shooter/output",0.1
17.710053,"/shooter/hasBall",true
17.710089,"/shooter/temperature",40
17.710311,"/climber/rightPos",0
17.729257,"/drivetrain/leftPos",0
17.729275,"/drivetrain/leftVelocity",0
17.729291,"/drivetrain/rightPos",0
17.729304,"/drivetrain/rightVelocity",0
17.729345,"/drivetrain/heading",-2.2100000381469727
17.729354,"/drivetrain/headingVelocity",0
17.72936,"/drivetrain/xAcceleration",0
17.729365,"/drivetrain/yAcceleration",0
17.72937,"/drivetrain/leftOutputLog",0
17.729374,"/drivetrain/rightOutputLog",0
17.729723,"/intake/pos",0
17.729729,"/intake/output",0
17.730233,"/shooter/rpm",0
17.730266,"/shooter/output",0.1
17.73031,"/shooter/hasBall",true
17.730351,"/shooter/temperature",40
17.730992,"/climber/rightPos",0
17.750783,"/drivetrain/leftPos",0
17.750804,"/drivetrain/leftVelocity",0
17.750819,"/drivetrain/rightPos",0
17.750833,"/drivetrain/rightVelocity",0
17.750872,"/drivetrain/heading",-2.2100000381469727
17.75088,"/drivetrain/headingVelocity",0
17.750886,"/drivetrain/xAcceleration",0
17.750892,"/drivetrain/yAcceleration",0
17.750897,"/drivetrain/leftOutputLog",0
17.7509,"/drivetrain/rightOutputLog",0
17.751154,"/intake/pos",0
17.751206,"/intake/output",0
17.751383,"/shooter/rpm",0
17.751407,"/shooter/output",0.1
17.751442,"/shooter/hasBall",true
17.751623,"/shooter/temperature",40
17.751837,"/climber/rightPos",0
17.769852,"/drivetrain/leftPos",0
17.769871,"/drivetrain/leftVelocity",0
17.769889,"/drivetrain/rightPos",0
17.769901,"/drivetrain/rightVelocity",0
17.769948,"/drivetrain/heading",-2.2100000381469727
17.769957,"/drivetrain/headingVelocity",0
17.769963,"/drivetrain/xAcceleration",0
17.769968,"/drivetrain/yAcceleration",0
17.769973,"/drivetrain/leftOutputLog",0
17.769977,"/drivetrain/rightOutputLog",0
17.770359,"/intake/pos",0
17.770364,"/intake/output",0
17.770639,"/shooter/rpm",0
17.770665,"/shooter/output",0.1
17.770702,"/shooter/hasBall",true
17.770726,"/shooter/temperature",40
17.770889,"/climber/rightPos",0
17.789444,"/drivetrain/leftPos",0
17.789463,"/drivetrain/leftVelocity",0
17.78948,"/drivetrain/rightPos",0
17.789493,"/drivetrain/rightVelocity",0
17.789539,"/drivetrain/heading",-2.2100000381469727
17.789549,"/drivetrain/headingVelocity",0
17.789555,"/drivetrain/xAcceleration",0
17.78956,"/drivetrain/yAcceleration",0
17.789565,"/drivetrain/leftOutputLog",0
17.789569,"/drivetrain/rightOutputLog",0
17.790174,"/intake/pos",0
17.790179,"/intake/output",0
17.790556,"/shooter/rpm",0
17.790815,"/shooter/output",0.1
17.790864,"/shooter/hasBall",true
17.7909,"/shooter/temperature",40
17.791089,"/climber/rightPos",0
17.809239,"/drivetrain/leftPos",0
17.809256,"/drivetrain/leftVelocity",0
17.809272,"/drivetrain/rightPos",0
17.809283,"/drivetrain/rightVelocity",0
17.809328,"/drivetrain/heading",-2.2100000381469727
17.809337,"/drivetrain/headingVelocity",0
17.809343,"/drivetrain/xAcceleration",0
17.809348,"/drivetrain/yAcceleration",0
17.809353,"/drivetrain/leftOutputLog",0
17.809357,"/drivetrain/rightOutputLog",0
17.810342,"/intake/pos",0
17.810347,"/intake/output",0
17.810655,"/shooter/rpm",0
17.810686,"/shooter/output",0.1
17.810889,"/shooter/hasBall",true
17.811235,"/shooter/temperature",40
17.811522,"/climber/rightPos",0
17.829455,"/drivetrain/leftPos",0
17.829473,"/drivetrain/leftVelocity",0
17.829491,"/drivetrain/rightPos",0
17.829503,"/drivetrain/rightVelocity",0
17.829593,"/drivetrain/heading",-2.2100000381469727
17.829604,"/drivetrain/headingVelocity",0
17.82961,"/drivetrain/xAcceleration",0
17.829616,"/drivetrain/yAcceleration",0
17.829622,"/drivetrain/leftOutputLog",0
17.829626,"/drivetrain/rightOutputLog",0
17.830173,"/intake/pos",0
17.830179,"/intake/output",0
17.830774,"/shooter/rpm",0
17.830806,"/shooter/output",0.1
17.830851,"/shooter/hasBall",true
17.831008,"/shooter/temperature",40
17.831486,"/climber/rightPos",0
17.849495,"/drivetrain/leftPos",0
17.849513,"/drivetrain/leftVelocity",0
17.849528,"/drivetrain/rightPos",0
17.84954,"/drivetrain/rightVelocity",0
17.849587,"/drivetrain/heading",-2.2100000381469727
17.849596,"/drivetrain/headingVelocity",0
17.849602,"/drivetrain/xAcceleration",0
17.849608,"/drivetrain/yAcceleration",0
17.849613,"/drivetrain/leftOutputLog",0
17.849617,"/drivetrain/rightOutputLog",0
17.850045,"/intake/pos",0
17.850051,"/intake/output",0
17.85076,"/shooter/rpm",0
17.850781,"/shooter/output",0.1
17.850816,"/shooter/hasBall",true
17.850866,"/shooter/temperature",40
17.851033,"/climber/rightPos",0
17.870206,"/drivetrain/leftPos",0
17.870224,"/drivetrain/leftVelocity",0
17.870241,"/drivetrain/rightPos",0
17.870254,"/drivetrain/rightVelocity",0
17.870284,"/drivetrain/heading",-2.2200000286102295
17.870294,"/drivetrain/headingVelocity",0
17.8703,"/drivetrain/xAcceleration",0
17.870305,"/drivetrain/yAcceleration",0
17.87031,"/drivetrain/leftOutputLog",0
17.870314,"/drivetrain/rightOutputLog",0
17.870626,"/intake/pos",0
17.870631,"/intake/output",0
17.870816,"/shooter/rpm",0
17.870841,"/shooter/output",0.1
17.870878,"/shooter/hasBall",true
17.870924,"/shooter/temperature",40
17.87118,"/climber/rightPos",0
17.89011,"/drivetrain/leftPos",0
17.890127,"/drivetrain/leftVelocity",0
17.890144,"/drivetrain/rightPos",0
17.890156,"/drivetrain/rightVelocity",0
17.890205,"/drivetrain/heading",-2.2200000286102295
17.890215,"/drivetrain/headingVelocity",0
17.89022,"/drivetrain/xAcceleration",0
17.890226,"/drivetrain/yAcceleration",0
17.89023,"/drivetrain/leftOutputLog",0
17.890234,"/drivetrain/rightOutputLog",0
17.890953,"/intake/pos",0
17.890959,"/intake/output",0
17.891186,"/shooter/rpm",0
17.891208,"/shooter/output",0.1
17.891244,"/shooter/hasBall",true
17.891287,"/shooter/temperature",40
17.891447,"/climber/rightPos",0
17.909224,"/drivetrain/leftPos",0
17.909242,"/drivetrain/leftVelocity",0
17.909258,"/drivetrain/rightPos",0
17.909269,"/drivetrain/rightVelocity",0
17.909311,"/drivetrain/heading",-2.2200000286102295
17.90932,"/drivetrain/headingVelocity",0
17.909326,"/drivetrain/xAcceleration",0
17.909331,"/drivetrain/yAcceleration",0
17.909336,"/drivetrain/leftOutputLog",0
17.909339,"/drivetrain/rightOutputLog",0
17.909595,"/intake/pos",0
17.9096,"/intake/output",0
17.909846,"/shooter/rpm",0
17.909871,"/shooter/output",0.1
17.909906,"/shooter/hasBall",true
17.909949,"/shooter/temperature",40
17.910193,"/climber/rightPos",0
17.930122,"/drivetrain/leftPos",0
17.93014,"/drivetrain/leftVelocity",0
17.930157,"/drivetrain/rightPos",0
17.930169,"/drivetrain/rightVelocity",0
17.930207,"/drivetrain/heading",-2.2200000286102295
17.930216,"/drivetrain/headingVelocity",0
17.930222,"/drivetrain/xAcceleration",0
17.930228,"/drivetrain/yAcceleration",0
17.930232,"/drivetrain/leftOutputLog",0
17.930236,"/drivetrain/rightOutputLog",0
17.930455,"/intake/pos",0
17.930461,"/intake/output",0
17.930657,"/shooter/rpm",0
17.930678,"/shooter/output",0.1
17.930713,"/shooter/hasBall",true
17.930812,"/shooter/temperature",40
17.931005,"/climber/rightPos",0
17.950314,"/drivetrain/leftPos",0
17.950333,"/drivetrain/leftVelocity",0
17.95035,"/drivetrain/rightPos",0
17.950362,"/drivetrain/rightVelocity",0
17.950397,"/drivetrain/heading",-2.2200000286102295
17.950408,"/drivetrain/headingVelocity",0
17.950414,"/drivetrain/xAcceleration",0
17.95042,"/drivetrain/yAcceleration",0
17.950425,"/drivetrain/leftOutputLog",0
17.950429,"/drivetrain/rightOutputLog",0
17.950902,"/intake/pos",0
17.950909,"/intake/output",0
17.951128,"/shooter/rpm",0
17.951157,"/shooter/output",0.1
17.951193,"/shooter/hasBall",true
17.951231,"/shooter/temperature",40
17.951402,"/climber/rightPos",0
17.969722,"/drivetrain/leftPos",0
17.970152,"/drivetrain/leftVelocity",0
17.970455,"/drivetrain/rightPos",0
17.970473,"/drivetrain/rightVelocity",0
17.970503,"/drivetrain/heading",-2.2200000286102295
17.970512,"/drivetrain/headingVelocity",0
17.970518,"/drivetrain/xAcceleration",0
17.970523,"/drivetrain/yAcceleration",0
17.970528,"/drivetrain/leftOutputLog",0
17.970531,"/drivetrain/rightOutputLog",0
17.970813,"/intake/pos",0
17.970818,"/intake/output",0
17.971082,"/shooter/rpm",0
17.971104,"/shooter/output",0.1
17.971148,"/shooter/hasBall",true
17.97118,"/shooter/temperature",40
17.971456,"/climber/rightPos",0
17.990386,"/drivetrain/leftPos",0
17.990485,"/drivetrain/leftVelocity",0
17.990504,"/drivetrain/rightPos",0
17.990517,"/drivetrain/rightVelocity",0
17.990556,"/drivetrain/heading",-2.2200000286102295
17.990565,"/drivetrain/headingVelocity",0
17.990571,"/drivetrain/xAcceleration",0
17.990576,"/drivetrain/yAcceleration",0
17.990581,"/drivetrain/leftOutputLog",0
17.990584,"/drivetrain/rightOutputLog",0
17.990866,"/intake/pos",0
17.990872,"/intake/output",0
17.991108,"/shooter/rpm",0
17.991131,"/shooter/output",0.1
17.991209,"/shooter/hasBall",true
17.991245,"/shooter/temperature",40
17.991501,"/climber/rightPos",0
18.009343,"/drivetrain/leftPos",0
18.009361,"/drivetrain/leftVelocity",0
18.009377,"/drivetrain/rightPos",0
18.009389,"/drivetrain/rightVelocity",0
18.009427,"/drivetrain/heading",-2.2200000286102295
18.009435,"/drivetrain/headingVelocity",0
18.009441,"/drivetrain/xAcceleration",0
18.009446,"/drivetrain/yAcceleration",0
18.009451,"/drivetrain/leftOutputLog",0
18.009455,"/drivetrain/rightOutputLog",0
18.009636,"/intake/pos",0
18.009641,"/intake/output",0
18.009839,"/shooter/rpm",0
18.009861,"/shooter/output",0.1
18.009939,"/shooter/hasBall",true
18.009967,"/shooter/temperature",40
18.010144,"/climber/rightPos",0
18.0304,"/drivetrain/leftPos",0
18.030417,"/drivetrain/leftVelocity",0
18.030435,"/drivetrain/rightPos",0
18.030447,"/drivetrain/rightVelocity",0
18.030484,"/drivetrain/heading",-2.2200000286102295
18.030494,"/drivetrain/headingVelocity",0
18.030502,"/drivetrain/xAcceleration",0
18.030508,"/drivetrain/yAcceleration",0
18.030513,"/drivetrain/leftOutputLog",0
18.030517,"/drivetrain/rightOutputLog",0
18.031114,"/intake/pos",0
18.031119,"/intake/output",0
18.031491,"/shooter/rpm",0
18.03152,"/shooter/output",0.1
18.031562,"/shooter/hasBall",true
18.031595,"/shooter/temperature",40
18.031817,"/climber/rightPos",0
18.049514,"/drivetrain/leftPos",0
18.049531,"/drivetrain/leftVelocity",0
18.049547,"/drivetrain/rightPos",0
18.049558,"/drivetrain/rightVelocity",0
18.049595,"/drivetrain/heading",-2.2200000286102295
18.049604,"/drivetrain/headingVelocity",-0.0610351525247097
18.04961,"/drivetrain/xAcceleration",0
18.049614,"/drivetrain/yAcceleration",0
18.049619,"/drivetrain/leftOutputLog",0
18.049623,"/drivetrain/rightOutputLog",0
18.050059,"/intake/pos",0
18.050066,"/intake/output",0
18.050451,"/shooter/rpm",0
18.050478,"/shooter/output",0.1
18.050517,"/shooter/hasBall",true
18.050541,"/shooter/temperature",40
18.051647,"/climber/rightPos",0
18.069247,"/drivetrain/leftPos",0
18.069265,"/drivetrain/leftVelocity",0
18.069366,"/drivetrain/rightPos",0
18.069384,"/drivetrain/rightVelocity",0
18.069441,"/drivetrain/heading",-2.2100000381469727
18.06945,"/drivetrain/headingVelocity",-0.0610351525247097
18.069456,"/drivetrain/xAcceleration",0
18.069461,"/drivetrain/yAcceleration",0
18.069465,"/drivetrain/leftOutputLog",0
18.069469,"/drivetrain/rightOutputLog",0
18.069659,"/intake/pos",0
18.069664,"/intake/output",0
18.069906,"/shooter/rpm",0
18.069928,"/shooter/output",0.1
18.069963,"/shooter/hasBall",true
18.069986,"/shooter/temperature",40
18.070765,"/climber/rightPos",0
18.089245,"/drivetrain/leftPos",0
18.089262,"/drivetrain/leftVelocity",0
18.089277,"/drivetrain/rightPos",0
18.089288,"/drivetrain/rightVelocity",0
18.089333,"/drivetrain/heading",-2.2100000381469727
18.089343,"/drivetrain/headingVelocity",0
18.089349,"/drivetrain/xAcceleration",0
18.089355,"/drivetrain/yAcceleration",0
18.08936,"/drivetrain/leftOutputLog",0
18.089364,"/drivetrain/rightOutputLog",0
18.08977,"/intake/pos",0
18.089775,"/intake/output",0
18.090126,"/shooter/rpm",0
18.090194,"/shooter/output",0.1
18.090232,"/shooter/hasBall",true
18.090277,"/shooter/temperature",40
18.090451,"/climber/rightPos",0
18.10922,"/drivetrain/leftPos",0
18.109237,"/drivetrain/leftVelocity",0
18.109253,"/drivetrain/rightPos",0
18.109264,"/drivetrain/rightVelocity",0
18.109304,"/drivetrain/heading",-2.2100000381469727
18.109313,"/drivetrain/headingVelocity",-0.0610351525247097
18.109318,"/drivetrain/xAcceleration",0
18.109324,"/drivetrain/yAcceleration",0
18.109328,"/drivetrain/leftOutputLog",0
18.109332,"/drivetrain/rightOutputLog",0
18.109689,"/intake/pos",0
18.109694,"/intake/output",0
18.109917,"/shooter/rpm",0
18.109938,"/shooter/output",0.1
18.109972,"/shooter/hasBall",true
18.110015,"/shooter/temperature",40
18.110249,"/climber/rightPos",0
18.129425,"/drivetrain/leftPos",0
18.129442,"/drivetrain/leftVelocity",0
18.129458,"/drivetrain/rightPos",0
18.12947,"/drivetrain/rightVelocity",0
18.129511,"/drivetrain/heading",-2.2100000381469727
18.12952,"/drivetrain/headingVelocity",-0.0610351525247097
18.129526,"/drivetrain/xAcceleration",0
18.12953,"/drivetrain/yAcceleration",0
18.129535,"/drivetrain/leftOutputLog",0
18.129539,"/drivetrain/rightOutputLog",0
18.129836,"/intake/pos",0
18.129841,"/intake/output",0
18.130026,"/shooter/rpm",0
18.13005,"/shooter/output",0.1
18.130084,"/shooter/hasBall",true
18.130126,"/shooter/temperature",40
18.13063,"/climber/rightPos",0
18.149319,"/drivetrain/leftPos",0
18.149337,"/drivetrain/leftVelocity",0
18.149385,"/drivetrain/rightPos",0
18.149398,"/drivetrain/rightVelocity",0
18.149443,"/drivetrain/heading",-2.2100000381469727
18.149452,"/drivetrain/headingVelocity",0
18.149457,"/drivetrain/xAcceleration",0
18.149463,"/drivetrain/yAcceleration",0
18.149468,"/drivetrain/leftOutputLog",0
18.149471,"/drivetrain/rightOutputLog",0
18.149654,"/intake/pos",0
18.149659,"/intake/output",0
18.149866,"/shooter/rpm",0
18.149928,"/shooter/output",0.1
18.149965,"/shooter/hasBall",true
18.150078,"/shooter/temperature",40
18.15034,"/climber/rightPos",0
18.169846,"/drivetrain/leftPos",0
18.169865,"/drivetrain/leftVelocity",0
18.170044,"/drivetrain/rightPos",0
18.170075,"/drivetrain/rightVelocity",0
18.170233,"/drivetrain/heading",-2.2100000381469727
18.170243,"/drivetrain/headingVelocity",0
18.170249,"/drivetrain/xAcceleration",0
18.170254,"/drivetrain/yAcceleration",0
18.170259,"/drivetrain/leftOutputLog",0
18.170263,"/drivetrain/rightOutputLog",0
18.170488,"/intake/pos",0
18.170493,"/intake/output",0
18.170945,"/shooter/rpm",0
18.170972,"/shooter/output",0.1
18.171015,"/shooter/hasBall",true
18.171059,"/shooter/temperature",40
18.171235,"/climber/rightPos",0
18.1898,"/drivetrain/leftPos",0
18.189818,"/drivetrain/leftVelocity",0
18.189835,"/drivetrain/rightPos",0
18.189848,"/drivetrain/rightVelocity",0
18.1899,"/drivetrain/heading",-2.2100000381469727
18.189911,"/drivetrain/headingVelocity",0
18.189917,"/drivetrain/xAcceleration",0
18.189922,"/drivetrain/yAcceleration",0
18.189928,"/drivetrain/leftOutputLog",0
18.189932,"/drivetrain/rightOutputLog",0
18.190254,"/intake/pos",0
18.190259,"/intake/output",0
18.190545,"/shooter/rpm",0
18.190617,"/shooter/output",0.1
18.190657,"/shooter/hasBall",true
18.190696,"/shooter/temperature",40
18.190926,"/climber/rightPos",0
18.210006,"/drivetrain/leftPos",0
18.210027,"/drivetrain/leftVelocity",0
18.210043,"/drivetrain/rightPos",0
18.210056,"/drivetrain/rightVelocity",0
18.210104,"/drivetrain/heading",-2.2100000381469727
18.210113,"/drivetrain/headingVelocity",0
18.210119,"/drivetrain/xAcceleration",0
18.210124,"/drivetrain/yAcceleration",0
18.210129,"/drivetrain/leftOutputLog",0
18.210133,"/drivetrain/rightOutputLog",0
18.210803,"/intake/pos",0
18.210809,"/intake/output",0
18.211024,"/shooter/rpm",0
18.211048,"/shooter/output",0.1
18.211084,"/shooter/hasBall",true
18.211122,"/shooter/temperature",40
18.211383,"/climber/rightPos",0
18.230466,"/drivetrain/leftPos",0
18.230497,"/drivetrain/leftVelocity",0
18.230515,"/drivetrain/rightPos",0
18.230527,"/drivetrain/rightVelocity",0
18.230559,"/drivetrain/heading",-2.2100000381469727
18.230568,"/drivetrain/headingVelocity",0
18.230574,"/drivetrain/xAcceleration",0
18.230579,"/drivetrain/yAcceleration",0
18.230584,"/drivetrain/leftOutputLog",0
18.230587,"/drivetrain/rightOutputLog",0
18.230944,"/intake/pos",0
18.230948,"/intake/output",0
18.231144,"/shooter/rpm",0
18.231169,"/shooter/output",0.1
18.231204,"/shooter/hasBall",true
18.23124,"/shooter/temperature",40
18.231462,"/climber/rightPos",0
18.250162,"/drivetrain/leftPos",0
18.250181,"/drivetrain/leftVelocity",0
18.250196,"/drivetrain/rightPos",0
18.250208,"/drivetrain/rightVelocity",0
18.25024,"/drivetrain/heading",-2.2100000381469727
18.250249,"/drivetrain/headingVelocity",0
18.250255,"/drivetrain/xAcceleration",0
18.25026,"/drivetrain/yAcceleration",0
18.250265,"/drivetrain/leftOutputLog",0
18.250269,"/drivetrain/rightOutputLog",0
18.250476,"/intake/pos",0
18.250482,"/intake/output",0
18.250651,"/shooter/rpm",0
18.250675,"/shooter/output",0.1
18.250707,"/shooter/hasBall",true
18.250732,"/shooter/temperature",40
18.250972,"/climber/rightPos",0
18.269317,"/drivetrain/leftPos",0
18.269334,"/drivetrain/leftVelocity",0
18.26935,"/drivetrain/rightPos",0
18.269362,"/drivetrain/rightVelocity",0
18.269405,"/drivetrain/heading",-2.2100000381469727
18.269414,"/drivetrain/headingVelocity",0
18.26942,"/drivetrain/xAcceleration",0
18.269425,"/drivetrain/yAcceleration",0
18.26943,"/drivetrain/leftOutputLog",0
18.269434,"/drivetrain/rightOutputLog",0
18.269652,"/intake/pos",0
18.269657,"/intake/output",0
18.269866,"/shooter/rpm",0
18.269888,"/shooter/output",0.1
18.269922,"/shooter/hasBall",true
18.269951,"/shooter/temperature",40
18.270225,"/climber/rightPos",0
18.289949,"/drivetrain/leftPos",0
18.289972,"/drivetrain/leftVelocity",0
18.28999,"/drivetrain/rightPos",0
18.290107,"/drivetrain/rightVelocity",0
18.290156,"/drivetrain/heading",-2.2100000381469727
18.290166,"/drivetrain/headingVelocity",0
18.290172,"/drivetrain/xAcceleration",0
18.290178,"/drivetrain/yAcceleration",0
18.290183,"/drivetrain/leftOutputLog",0
18.290186,"/drivetrain/rightOutputLog",0
18.290408,"/intake/pos",0
18.290414,"/intake/output",0
18.291093,"/shooter/rpm",0
18.291424,"/shooter/output",0.1
18.291478,"/shooter/hasBall",true
18.291503,"/shooter/temperature",40
18.291707,"/climber/rightPos",0
18.309245,"/drivetrain/leftPos",0
18.309263,"/drivetrain/leftVelocity",0
18.30928,"/drivetrain/rightPos",0
18.309291,"/drivetrain/rightVelocity",0
18.309331,"/drivetrain/heading",-2.2100000381469727
18.309339,"/drivetrain/headingVelocity",0
18.309345,"/drivetrain/xAcceleration",0
18.309349,"/drivetrain/yAcceleration",0
18.309354,"/drivetrain/leftOutputLog",0
18.309358,"/drivetrain/rightOutputLog",0
18.309669,"/intake/pos",0
18.309674,"/intake/output",0
18.30993,"/shooter/rpm",0
18.310302,"/shooter/output",0.1
18.310354,"/shooter/hasBall",true
18.310379,"/shooter/temperature",40
18.311074,"/climber/rightPos",0
18.32939,"/drivetrain/leftPos",0
18.329411,"/drivetrain/leftVelocity",0
18.329428,"/drivetrain/rightPos",0
18.329441,"/drivetrain/rightVelocity",0
18.329491,"/drivetrain/heading",-2.2100000381469727
18.329546,"/drivetrain/headingVelocity",0
18.329554,"/drivetrain/xAcceleration",0
18.329559,"/drivetrain/yAcceleration",0
18.329565,"/drivetrain/leftOutputLog",0
18.329747,"/drivetrain/rightOutputLog",0
18.330266,"/intake/pos",0
18.330273,"/intake/output",0
18.331105,"/shooter/rpm",0
18.331141,"/shooter/output",0.1
18.331191,"/shooter/hasBall",true
18.331265,"/shooter/temperature",40
18.331961,"/climber/rightPos",0
18.350168,"/drivetrain/leftPos",0
18.350185,"/drivetrain/leftVelocity",0
18.350203,"/drivetrain/rightPos",0
18.350214,"/drivetrain/rightVelocity",0
18.350261,"/drivetrain/heading",-2.2100000381469727
18.350271,"/drivetrain/headingVelocity",0
18.350278,"/drivetrain/xAcceleration",0
18.350284,"/drivetrain/yAcceleration",0
18.350289,"/drivetrain/leftOutputLog",0
18.350293,"/drivetrain/rightOutputLog",0
18.350888,"/intake/pos",0
18.350893,"/intake/output",0
18.3511,"/shooter/rpm",0
18.351125,"/shooter/output",0.1
18.351159,"/shooter/hasBall",true
18.351202,"/shooter/temperature",40
18.351356,"/climber/rightPos",0
18.36926,"/drivetrain/leftPos",0
18.369277,"/drivetrain/leftVelocity",0
18.369293,"/drivetrain/rightPos",0
18.369306,"/drivetrain/rightVelocity",0
18.369348,"/drivetrain/heading",-2.2100000381469727
18.369357,"/drivetrain/headingVelocity",0
18.369362,"/drivetrain/xAcceleration",0
18.369367,"/drivetrain/yAcceleration",0
18.369372,"/drivetrain/leftOutputLog",0
18.369376,"/drivetrain/rightOutputLog",0
18.369779,"/intake/pos",0
18.369784,"/intake/output",0
18.370285,"/shooter/rpm",0
18.370319,"/shooter/output",0.1
18.370363,"/shooter/hasBall",true
18.370418,"/shooter/temperature",40
18.371094,"/climber/rightPos",0
18.389257,"/drivetrain/leftPos",0
18.389276,"/drivetrain/leftVelocity",0
18.389291,"/drivetrain/rightPos",0
18.389312,"/drivetrain/rightVelocity",0
18.389354,"/drivetrain/heading",-2.2100000381469727
18.389362,"/drivetrain/headingVelocity",0
18.389368,"/drivetrain/xAcceleration",0
18.389373,"/drivetrain/yAcceleration",0
18.389378,"/drivetrain/leftOutputLog",0
18.389382,"/drivetrain/rightOutputLog",0
18.389587,"/intake/pos",0
18.389592,"/intake/output",0
18.389851,"/shooter/rpm",0
18.389877,"/shooter/output",0.1
18.389916,"/shooter/hasBall",true
18.389963,"/shooter/temperature",40
18.390184,"/climber/rightPos",0
18.409385,"/drivetrain/leftPos",0
18.409403,"/drivetrain/leftVelocity",0
18.409419,"/drivetrain/rightPos",0
18.409431,"/drivetrain/rightVelocity",0
18.409468,"/drivetrain/heading",-2.2100000381469727
18.409477,"/drivetrain/headingVelocity",0
18.409483,"/drivetrain/xAcceleration",0
18.409488,"/drivetrain/yAcceleration",0
18.409492,"/drivetrain/leftOutputLog",0
18.409496,"/drivetrain/rightOutputLog",0
18.409708,"/intake/pos",0
18.409713,"/intake/output",0
18.409917,"/shooter/rpm",0
18.409943,"/shooter/output",0.1
18.409984,"/shooter/hasBall",true
18.410356,"/shooter/temperature",40
18.410727,"/climber/rightPos",0
18.429294,"/drivetrain/leftPos",0
18.429311,"/drivetrain/leftVelocity",0
18.429327,"/drivetrain/rightPos",0
18.429339,"/drivetrain/rightVelocity",0
18.42938,"/drivetrain/heading",-2.2100000381469727
18.429388,"/drivetrain/headingVelocity",0
18.429394,"/drivetrain/xAcceleration",0
18.429399,"/drivetrain/yAcceleration",0
18.429404,"/drivetrain/leftOutputLog",0
18.429408,"/drivetrain/rightOutputLog",0
18.430259,"/intake/pos",0
18.430266,"/intake/output",0
18.430995,"/shooter/rpm",0
18.431018,"/shooter/output",0.1
18.431058,"/shooter/hasBall",true
18.431098,"/shooter/temperature",40
18.431317,"/climber/rightPos",0
18.449287,"/drivetrain/leftPos",0
18.449304,"/drivetrain/leftVelocity",0
18.44932,"/drivetrain/rightPos",0
18.449334,"/drivetrain/rightVelocity",0
18.449378,"/drivetrain/heading",-2.2100000381469727
18.449386,"/drivetrain/headingVelocity",0
18.449392,"/drivetrain/xAcceleration",0
18.449397,"/drivetrain/yAcceleration",0
18.449402,"/drivetrain/leftOutputLog",0
18.449405,"/drivetrain/rightOutputLog",0
18.449776,"/intake/pos",0
18.449781,"/intake/output",0
18.450167,"/shooter/rpm",0
18.450197,"/shooter/output",0.1
18.450238,"/shooter/hasBall",true
18.450263,"/shooter/temperature",40
18.450457,"/climber/rightPos",0
18.469534,"/drivetrain/leftPos",0
18.469603,"/drivetrain/leftVelocity",0
18.469624,"/drivetrain/rightPos",0
18.469637,"/drivetrain/rightVelocity",0
18.469682,"/drivetrain/heading",-2.2100000381469727
18.469694,"/drivetrain/headingVelocity",0
18.4697,"/drivetrain/xAcceleration",0
18.469705,"/drivetrain/yAcceleration",0
18.46971,"/drivetrain/leftOutputLog",0
18.469714,"/drivetrain/rightOutputLog",0
18.470713,"/intake/pos",0
18.470725,"/intake/output",0
18.470974,"/shooter/rpm",0
18.470997,"/shooter/output",0.1
18.471034,"/shooter/hasBall",true
18.471075,"/shooter/temperature",40
18.47127,"/climber/rightPos",0
18.48953,"/drivetrain/leftPos",0
18.489552,"/drivetrain/leftVelocity",0
18.48957,"/drivetrain/rightPos",0
18.489582,"/drivetrain/rightVelocity",0
18.489638,"/drivetrain/heading",-2.2100000381469727
18.489649,"/drivetrain/headingVelocity",0
18.489655,"/drivetrain/xAcceleration",0
18.48966,"/drivetrain/yAcceleration",0
18.489665,"/drivetrain/leftOutputLog",0
18.489669,"/drivetrain/rightOutputLog",0
18.490145,"/intake/pos",0
18.49015,"/intake/output",0
18.490533,"/shooter/rpm",0
18.491343,"/shooter/output",0.1
18.491402,"/shooter/hasBall",true
18.491452,"/shooter/temperature",40
18.491679,"/climber/rightPos",0
18.509288,"/drivetrain/leftPos",0
18.509306,"/drivetrain/leftVelocity",0
18.509322,"/drivetrain/rightPos",0
18.509339,"/drivetrain/rightVelocity",0
18.509381,"/drivetrain/heading",-2.2100000381469727
18.50939,"/drivetrain/headingVelocity",0
18.509396,"/drivetrain/xAcceleration",0
18.509401,"/drivetrain/yAcceleration",0
18.509405,"/drivetrain/leftOutputLog",0
18.509409,"/drivetrain/rightOutputLog",0
18.509616,"/intake/pos",0
18.509621,"/intake/output",0
18.509816,"/shooter/rpm",0
18.50988,"/shooter/output",0.1
18.509916,"/shooter/hasBall",true
18.50994,"/shooter/temperature",40
18.510123,"/climber/rightPos",0
18.529248,"/drivetrain/leftPos",0
18.529266,"/drivetrain/leftVelocity",0
18.529281,"/drivetrain/rightPos",0
18.529293,"/drivetrain/rightVelocity",0
18.529593,"/drivetrain/heading",-2.2100000381469727
18.529611,"/drivetrain/headingVelocity",-0.0610351525247097
18.529618,"/drivetrain/xAcceleration",0
18.529623,"/drivetrain/yAcceleration",0
18.529629,"/drivetrain/leftOutputLog",0
18.529633,"/drivetrain/rightOutputLog",0
18.530274,"/intake/pos",0
18.530281,"/intake/output",0
18.53082,"/shooter/rpm",0
18.530842,"/shooter/output",0.1
18.530886,"/shooter/hasBall",true
18.530919,"/shooter/temperature",40
18.53112,"/climber/rightPos",0
18.549402,"/drivetrain/leftPos",0
18.549419,"/drivetrain/leftVelocity",0
18.549435,"/drivetrain/rightPos",0
18.549446,"/drivetrain/rightVelocity",0
18.549486,"/drivetrain/heading",-2.2100000381469727
18.549495,"/drivetrain/headingVelocity",0
18.549501,"/drivetrain/xAcceleration",0
18.549506,"/drivetrain/yAcceleration",0
18.549511,"/drivetrain/leftOutputLog",0
18.549515,"/drivetrain/rightOutputLog",0
18.549716,"/intake/pos",0
18.549721,"/intake/output",0
18.550241,"/shooter/rpm",0
18.550272,"/shooter/output",0.1
18.550318,"/shooter/hasBall",true
18.550344,"/shooter/temperature",40
18.550572,"/climber/rightPos",0
18.56926,"/drivetrain/leftPos",0
18.569277,"/drivetrain/leftVelocity",0
18.569292,"/drivetrain/rightPos",0
18.569305,"/drivetrain/rightVelocity",0
18.569348,"/drivetrain/heading",-2.2100000381469727
18.569357,"/drivetrain/headingVelocity",-0.0610351525247097
18.569363,"/drivetrain/xAcceleration",0
18.569368,"/drivetrain/yAcceleration",0
18.569372,"/drivetrain/leftOutputLog",0
18.569376,"/drivetrain/rightOutputLog",0
18.569631,"/intake/pos",0
18.569636,"/intake/output",0
18.570003,"/shooter/rpm",0
18.570028,"/shooter/output",0.1
18.570075,"/shooter/hasBall",true
18.570103,"/shooter/temperature",40
18.570638,"/climber/rightPos",0
18.589503,"/drivetrain/leftPos",0
18.589522,"/drivetrain/leftVelocity",0
18.589538,"/drivetrain/rightPos",0
18.58955,"/drivetrain/rightVelocity",0
18.589588,"/drivetrain/heading",-2.2100000381469727
18.589597,"/drivetrain/headingVelocity",-0.0610351525247097
18.589602,"/drivetrain/xAcceleration",0
18.589607,"/drivetrain/yAcceleration",0
18.589612,"/drivetrain/leftOutputLog",0
18.589616,"/drivetrain/rightOutputLog",0
18.589799,"/intake/pos",0
18.589804,"/intake/output",0
18.590026,"/shooter/rpm",0
18.590047,"/shooter/output",0.1
18.590082,"/shooter/hasBall",true
18.590126,"/shooter/temperature",40
18.590925,"/climber/rightPos",0
18.609454,"/drivetrain/leftPos",0
18.60959,"/drivetrain/leftVelocity",0
18.60961,"/drivetrain/rightPos",0
18.609623,"/drivetrain/rightVelocity",0
18.60991,"/drivetrain/heading",-2.200000047683716
18.609921,"/drivetrain/headingVelocity",0
18.609927,"/drivetrain/xAcceleration",0
18.609933,"/drivetrain/yAcceleration",-0.004000000189989805
18.609938,"/drivetrain/leftOutputLog",0
18.609942,"/drivetrain/rightOutputLog",0
18.610599,"/intake/pos",0
18.610607,"/intake/output",0
18.611116,"/shooter/rpm",0
18.611138,"/shooter/output",0.1
18.611175,"/shooter/hasBall",true
18.611221,"/shooter/temperature",40
18.611405,"/climber/rightPos",0
18.629287,"/drivetrain/leftPos",0
18.629304,"/drivetrain/leftVelocity",0
18.629319,"/drivetrain/rightPos",0
18.62933,"/drivetrain/rightVelocity",0
18.629483,"/drivetrain/heading",-2.2100000381469727
18.629501,"/drivetrain/headingVelocity",0.0610351525247097
18.629508,"/drivetrain/xAcceleration",0
18.629514,"/drivetrain/yAcceleration",0
18.629519,"/drivetrain/leftOutputLog",0
18.629523,"/drivetrain/rightOutputLog",0
18.63085,"/intake/pos",0
18.630856,"/intake/output",0
18.631184,"/shooter/rpm",0
18.631217,"/shooter/output",0.1
18.631256,"/shooter/hasBall",true
18.631304,"/shooter/temperature",40
18.631699,"/climber/rightPos",0
18.649298,"/drivetrain/leftPos",0
18.649315,"/drivetrain/leftVelocity",0
18.649331,"/drivetrain/rightPos",0
18.649343,"/drivetrain/rightVelocity",0
18.649377,"/drivetrain/heading",-2.2100000381469727
18.649386,"/drivetrain/headingVelocity",0.0610351525247097
18.649392,"/drivetrain/xAcceleration",0
18.649397,"/drivetrain/yAcceleration",0
18.649401,"/drivetrain/leftOutputLog",0
18.649406,"/drivetrain/rightOutputLog",0
18.649978,"/intake/pos",0
18.649985,"/intake/output",0
18.650811,"/shooter/rpm",0
18.650842,"/shooter/output",0.1
18.650906,"/shooter/hasBall",true
18.650949,"/shooter/temperature",40
18.651152,"/climber/rightPos",0
18.669327,"/drivetrain/leftPos",0
18.669344,"/drivetrain/leftVelocity",0
18.66936,"/drivetrain/rightPos",0
18.669372,"/drivetrain/rightVelocity",0
18.669413,"/drivetrain/heading",-2.2100000381469727
18.669424,"/drivetrain/headingVelocity",0
18.66943,"/drivetrain/xAcceleration",0
18.669436,"/drivetrain/yAcceleration",0
18.66944,"/drivetrain/leftOutputLog",0
18.669444,"/drivetrain/rightOutputLog",0
18.669633,"/intake/pos",0
18.669638,"/intake/output",0
18.669864,"/shooter/rpm",0
18.669888,"/shooter/output",0.1
18.669925,"/shooter/hasBall",true
18.669969,"/shooter/temperature",40
18.670279,"/climber/rightPos",0
18.689262,"/drivetrain/leftPos",0
18.68928,"/drivetrain/leftVelocity",0
18.689297,"/drivetrain/rightPos",0
18.689309,"/drivetrain/rightVelocity",0
18.689347,"/drivetrain/heading",-2.2100000381469727
18.689356,"/drivetrain/headingVelocity",0.0610351525247097
18.689361,"/drivetrain/xAcceleration",0
18.689366,"/drivetrain/yAcceleration",0
18.689371,"/drivetrain/leftOutputLog",0
18.689375,"/drivetrain/rightOutputLog",0
18.689578,"/intake/pos",0
18.689583,"/intake/output",0
18.689857,"/shooter/rpm",0
18.68988,"/shooter/output",0.1
18.689914,"/shooter/hasBall",true
18.689949,"/shooter/temperature",40
18.690101,"/climber/rightPos",0
18.709446,"/drivetrain/leftPos",0
18.709464,"/drivetrain/leftVelocity",0
18.70948,"/drivetrain/rightPos",0
18.709491,"/drivetrain/rightVelocity",0
18.709528,"/drivetrain/heading",-2.2100000381469727
18.709537,"/drivetrain/headingVelocity",0
18.709542,"/drivetrain/xAcceleration",0
18.709547,"/drivetrain/yAcceleration",0
18.711129,"/drivetrain/leftOutputLog",0
18.711142,"/drivetrain/rightOutputLog",0
18.711459,"/intake/pos",0
18.711464,"/intake/output",0
18.711654,"/shooter/rpm",0
18.711681,"/shooter/output",0.1
18.711715,"/shooter/hasBall",true
18.711752,"/shooter/temperature",40
18.711915,"/climber/rightPos",0
18.73036,"/drivetrain/leftPos",0
18.730379,"/drivetrain/leftVelocity",0
18.730397,"/drivetrain/rightPos",0
18.730409,"/drivetrain/rightVelocity",0
18.730454,"/drivetrain/heading",-2.2100000381469727
18.730464,"/drivetrain/headingVelocity",0
18.73047,"/drivetrain/xAcceleration",0
18.730476,"/drivetrain/yAcceleration",0
18.73048,"/drivetrain/leftOutputLog",0
18.730484,"/drivetrain/rightOutputLog",0
18.73072,"/intake/pos",0
18.730725,"/intake/output",0
18.731083,"/shooter/rpm",0
18.731108,"/shooter/output",0.1
18.73115,"/shooter/hasBall",true
18.731182,"/shooter/temperature",40
18.731384,"/climber/rightPos",0
18.75065,"/drivetrain/leftPos",0
18.750675,"/drivetrain/leftVelocity",0
18.750692,"/drivetrain/rightPos",0
18.750704,"/drivetrain/rightVelocity",0
18.750744,"/drivetrain/heading",-2.2100000381469727
18.750753,"/drivetrain/headingVelocity",0
18.750759,"/drivetrain/xAcceleration",0
18.750764,"/drivetrain/yAcceleration",0
18.75077,"/drivetrain/leftOutputLog",0
18.750773,"/drivetrain/rightOutputLog",0
18.75109,"/intake/pos",0
18.751095,"/intake/output",0
18.751303,"/shooter/rpm",0
18.751367,"/shooter/output",0.1
18.751406,"/shooter/hasBall",true
18.751436,"/shooter/temperature",40
18.752526,"/climber/rightPos",0
18.770444,"/drivetrain/leftPos",0
18.770464,"/drivetrain/leftVelocity",0
18.77049,"/drivetrain/rightPos",0
18.770504,"/drivetrain/rightVelocity",0
18.770539,"/drivetrain/heading",-2.2100000381469727
18.770548,"/drivetrain/headingVelocity",0.0610351525247097
18.770554,"/drivetrain/xAcceleration",0
18.770559,"/drivetrain/yAcceleration",0
18.770564,"/drivetrain/leftOutputLog",0
18.770568,"/drivetrain/rightOutputLog",0
18.770848,"/intake/pos",0
18.770854,"/intake/output",0
18.771036,"/shooter/rpm",0
18.771105,"/shooter/output",0.1
18.771151,"/shooter/hasBall",true
18.771177,"/shooter/temperature",40
18.771398,"/climber/rightPos",0
18.790478,"/drivetrain/leftPos",0
18.79056,"/drivetrain/leftVelocity",0
18.790579,"/drivetrain/rightPos",0
18.790592,"/drivetrain/rightVelocity",0
18.790628,"/drivetrain/heading",-2.2100000381469727
18.790637,"/drivetrain/headingVelocity",0.0610351525247097
18.790643,"/drivetrain/xAcceleration",0
18.790648,"/drivetrain/yAcceleration",0
18.790653,"/drivetrain/leftOutputLog",0
18.790657,"/drivetrain/rightOutputLog",0
18.790978,"/intake/pos",0
18.790983,"/intake/output",0
18.79123,"/shooter/rpm",0
18.791256,"/shooter/output",0.1
18.791293,"/shooter/hasBall",true
18.791317,"/shooter/temperature",40
18.791479,"/climber/rightPos",0
18.809383,"/drivetrain/leftPos",0
18.8094,"/drivetrain/leftVelocity",0
18.809417,"/drivetrain/rightPos",0
18.809428,"/drivetrain/rightVelocity",0
18.80947,"/drivetrain/heading",-2.2100000381469727
18.809479,"/drivetrain/headingVelocity",0
18.809485,"/drivetrain/xAcceleration",0
18.80949,"/drivetrain/yAcceleration",0
18.809495,"/drivetrain/leftOutputLog",0
18.809498,"/drivetrain/rightOutputLog",0
18.809703,"/intake/pos",0
18.809708,"/intake/output",0
18.809946,"/shooter/rpm",0
18.809971,"/shooter/output",0.1
18.810006,"/shooter/hasBall",true
18.81005,"/shooter/temperature",40
18.810367,"/climber/rightPos",0
18.829305,"/drivetrain/leftPos",0
18.829323,"/drivetrain/leftVelocity",0
18.829339,"/drivetrain/rightPos",0
18.82935,"/drivetrain/rightVelocity",0
18.829385,"/drivetrain/heading",-2.2200000286102295
18.829394,"/drivetrain/headingVelocity",0.0610351525247097
18.8294,"/drivetrain/xAcceleration",0
18.829405,"/drivetrain/yAcceleration",0
18.829409,"/drivetrain/leftOutputLog",0
18.829413,"/drivetrain/rightOutputLog",0
18.829656,"/intake/pos",0
18.829661,"/intake/output",0
18.830052,"/shooter/rpm",0
18.83008,"/shooter/output",0.1
18.830123,"/shooter/hasBall",true
18.830393,"/shooter/temperature",40
18.830933,"/climber/rightPos",0
18.849678,"/drivetrain/leftPos",0
18.849698,"/drivetrain/leftVelocity",0
18.849716,"/drivetrain/rightPos",0
18.849728,"/drivetrain/rightVelocity",0
18.849776,"/drivetrain/heading",-2.2100000381469727
18.849787,"/drivetrain/headingVelocity",-0.30517578125
18.849794,"/drivetrain/xAcceleration",0
18.849799,"/drivetrain/yAcceleration",0.004000000189989805
18.849967,"/drivetrain/leftOutputLog",0
18.849973,"/drivetrain/rightOutputLog",0
18.850221,"/intake/pos",0
18.850227,"/intake/output",0
18.850405,"/shooter/rpm",0
18.850475,"/shooter/output",0.1
18.850515,"/shooter/hasBall",true
18.85056,"/shooter/temperature",40
18.850721,"/climber/rightPos",0
18.869346,"/drivetrain/leftPos",0
18.869363,"/drivetrain/leftVelocity",0
18.869379,"/drivetrain/rightPos",0
18.86939,"/drivetrain/rightVelocity",0
18.869433,"/drivetrain/heading",-2.200000047683716
18.869442,"/drivetrain/headingVelocity",-0.6713866591453552
18.869448,"/drivetrain/xAcceleration",0
18.869453,"/drivetrain/yAcceleration",0
18.869458,"/drivetrain/leftOutputLog",0
18.869461,"/drivetrain/rightOutputLog",0
18.869655,"/intake/pos",0
18.86966,"/intake/output",0
18.86991,"/shooter/rpm",0
18.869936,"/shooter/output",0.1
18.869973,"/shooter/hasBall",true
18.870025,"/shooter/temperature",40
18.870598,"/climber/rightPos",0
18.889797,"/drivetrain/leftPos",0
18.890165,"/drivetrain/leftVelocity",0
18.890192,"/drivetrain/rightPos",0
18.890207,"/drivetrain/rightVelocity",0
18.890251,"/drivetrain/heading",-2.1700000762939453
18.89026,"/drivetrain/headingVelocity",-0.9155272841453552
18.890267,"/drivetrain/xAcceleration",0
18.890272,"/drivetrain/yAcceleration",0
18.890277,"/drivetrain/leftOutputLog",0
18.890281,"/drivetrain/rightOutputLog",0
18.890715,"/intake/pos",0
18.89072,"/intake/output",0
18.89094,"/shooter/rpm",0
18.890965,"/shooter/output",0.1
18.891001,"/shooter/hasBall",true
18.891044,"/shooter/temperature",40
18.891232,"/climber/rightPos",0
18.909295,"/drivetrain/leftPos",0
18.909313,"/drivetrain/leftVelocity",0
18.909329,"/drivetrain/rightPos",0
18.909341,"/drivetrain/rightVelocity",0
18.909383,"/drivetrain/heading",-2.1600000858306885
18.909391,"/drivetrain/headingVelocity",-0.6103515625
18.909397,"/drivetrain/xAcceleration",-0.003000000026077032
18.909402,"/drivetrain/yAcceleration",0
18.909528,"/drivetrain/leftOutputLog",0
18.909532,"/drivetrain/rightOutputLog",0
18.910058,"/intake/pos",0
18.910063,"/intake/output",0
18.910572,"/shooter/rpm",0
18.910603,"/shooter/output",0.1
18.911159,"/shooter/hasBall",true
18.911225,"/shooter/temperature",40
18.911433,"/climber/rightPos",0
18.92944,"/drivetrain/leftPos",0
18.929459,"/drivetrain/leftVelocity",0
18.929475,"/drivetrain/rightPos",0
18.929488,"/drivetrain/rightVelocity",0
18.929532,"/drivetrain/heading",-2.1700000762939453
18.929542,"/drivetrain/headingVelocity",0.54931640625
18.929549,"/drivetrain/xAcceleration",0
18.929554,"/drivetrain/yAcceleration",-0.017000000923871994
18.929559,"/drivetrain/leftOutputLog",0
18.929563,"/drivetrain/rightOutputLog",0
18.929939,"/intake/pos",0
18.929948,"/intake/output",0
18.930638,"/shooter/rpm",0
18.93066,"/shooter/output",0.1
18.9307,"/shooter/hasBall",true
18.930725,"/shooter/temperature",40
18.930888,"/climber/rightPos",0
18.949354,"/drivetrain/leftPos",0
18.949372,"/drivetrain/leftVelocity",0
18.949388,"/drivetrain/rightPos",0
18.949399,"/drivetrain/rightVelocity",0
18.949436,"/drivetrain/heading",-2.180000066757202
18.949553,"/drivetrain/headingVelocity",0.9155272841453552
18.949562,"/drivetrain/xAcceleration",0
18.949567,"/drivetrain/yAcceleration",-0.017999999225139618
18.949572,"/drivetrain/leftOutputLog",0
18.949577,"/drivetrain/rightOutputLog",0
18.950117,"/intake/pos",0
18.950221,"/intake/output",0
18.95086,"/shooter/rpm",0
18.950891,"/shooter/output",0.1
18.950933,"/shooter/hasBall",true
18.950974,"/shooter/temperature",40
18.951162,"/climber/rightPos",0
18.97294,"/drivetrain/leftPos",0
18.972961,"/drivetrain/leftVelocity",0
18.97298,"/drivetrain/rightPos",0
18.972993,"/drivetrain/rightVelocity",0
18.973306,"/drivetrain/heading",-2.2100000381469727
18.973322,"/drivetrain/headingVelocity",0.9765624403953552
18.973328,"/drivetrain/xAcceleration",0
18.973333,"/drivetrain/yAcceleration",-0.006000000052154064
18.973338,"/drivetrain/leftOutputLog",0
18.973342,"/drivetrain/rightOutputLog",0
18.973768,"/intake/pos",0
18.973773,"/intake/output",0
18.97396,"/shooter/rpm",0
18.973988,"/shooter/output",0.1
18.974024,"/shooter/hasBall",true
18.974055,"/shooter/temperature",40
18.974224,"/climber/rightPos",0
18.989272,"/drivetrain/leftPos",0
18.989802,"/drivetrain/leftVelocity",0
18.989828,"/drivetrain/rightPos",0
18.989841,"/drivetrain/rightVelocity",0
18.989893,"/drivetrain/heading",-2.2300000190734863
18.989902,"/drivetrain/headingVelocity",0.7934569716453552
18.989908,"/drivetrain/xAcceleration",0
18.989913,"/drivetrain/yAcceleration",0.004999999888241291
18.989918,"/drivetrain/leftOutputLog",0
18.989922,"/drivetrain/rightOutputLog",0
18.99042,"/intake/pos",0
18.990426,"/intake/output",0
18.991056,"/shooter/rpm",0
18.991078,"/shooter/output",0.1
18.991117,"/shooter/hasBall",true
18.991141,"/shooter/temperature",40
18.991299,"/climber/rightPos",0
19.009664,"/drivetrain/leftPos",0
19.009681,"/drivetrain/leftVelocity",0
19.009697,"/drivetrain/rightPos",0
19.009708,"/drivetrain/rightVelocity",0
19.009748,"/drivetrain/heading",-2.2300000190734863
19.009757,"/drivetrain/headingVelocity",0.4882812201976776
19.009762,"/drivetrain/xAcceleration",0
19.009767,"/drivetrain/yAcceleration",0.012000000104308128
19.009772,"/drivetrain/leftOutputLog",0
19.009776,"/drivetrain/rightOutputLog",0
19.010019,"/intake/pos",0
19.010024,"/intake/output",0
19.010646,"/shooter/rpm",0
19.010685,"/shooter/output",0.1
19.010769,"/shooter/hasBall",true
19.010801,"/shooter/temperature",40
19.011262,"/climber/rightPos",0
19.030387,"/drivetrain/leftPos",0
19.03041,"/drivetrain/leftVelocity",0
19.030426,"/drivetrain/rightPos",0
19.030439,"/drivetrain/rightVelocity",0
19.030468,"/drivetrain/heading",-2.240000009536743
19.030477,"/drivetrain/headingVelocity",0
19.030483,"/drivetrain/xAcceleration",0.006000000052154064
19.030488,"/drivetrain/yAcceleration",0.019999999552965164
19.030492,"/drivetrain/leftOutputLog",0
19.030496,"/drivetrain/rightOutputLog",0
19.030703,"/intake/pos",0
19.030708,"/intake/output",0
19.030929,"/shooter/rpm",0
19.030951,"/shooter/output",0.1
19.031043,"/shooter/hasBall",true
19.031088,"/shooter/temperature",40
19.031279,"/climber/rightPos",0
19.049572,"/drivetrain/leftPos",0
19.049591,"/drivetrain/leftVelocity",0
19.049609,"/drivetrain/rightPos",0
19.04962,"/drivetrain/rightVelocity",0
19.049664,"/drivetrain/heading",-2.2300000190734863
19.049673,"/drivetrain/headingVelocity",-0.1831054538488388
19.049679,"/drivetrain/xAcceleration",-0.003000000026077032
19.049684,"/drivetrain/yAcceleration",0.009999999776482582
19.049689,"/drivetrain/leftOutputLog",0
19.049693,"/drivetrain/rightOutputLog",0
19.050418,"/intake/pos",0
19.050423,"/intake/output",0
19.050596,"/shooter/rpm",0
19.050662,"/shooter/output",0.1
19.050698,"/shooter/hasBall",true
19.050742,"/shooter/temperature",40
19.050917,"/climber/rightPos",0
19.070078,"/drivetrain/leftPos",0
19.070094,"/drivetrain/leftVelocity",0
19.070109,"/drivetrain/rightPos",0
19.070121,"/drivetrain/rightVelocity",0
19.070158,"/drivetrain/heading",-2.2200000286102295
19.070166,"/drivetrain/headingVelocity",-0.3662109076976776
19.070171,"/drivetrain/xAcceleration",-0.003000000026077032
19.070176,"/drivetrain/yAcceleration",-0.00800000037997961
19.070181,"/drivetrain/leftOutputLog",0
19.070185,"/drivetrain/rightOutputLog",0
19.070377,"/intake/pos",0
19.070381,"/intake/output",0
19.070606,"/shooter/rpm",0
19.070629,"/shooter/output",0.1
19.070666,"/shooter/hasBall",true
19.070708,"/shooter/temperature",40
19.070871,"/climber/rightPos",0
19.08946,"/drivetrain/leftPos",0
19.089478,"/drivetrain/leftVelocity",0
19.089494,"/drivetrain/rightPos",0
19.089506,"/drivetrain/rightVelocity",0
19.089555,"/drivetrain/heading",-2.2200000286102295
19.089565,"/drivetrain/headingVelocity",-0.1220703050494194
19.089571,"/drivetrain/xAcceleration",-0.003000000026077032
19.089576,"/drivetrain/yAcceleration",-0.013000000268220901
19.089581,"/drivetrain/leftOutputLog",0
19.089585,"/drivetrain/rightOutputLog",0
19.090597,"/intake/pos",0
19.090604,"/intake/output",0
19.091731,"/shooter/rpm",0
19.091752,"/shooter/output",0.1
19.091793,"/shooter/hasBall",true
19.091842,"/shooter/temperature",40
19.092011,"/climber/rightPos",0
19.1093,"/drivetrain/leftPos",0
19.109316,"/drivetrain/leftVelocity",0
19.10933,"/drivetrain/rightPos",0
19.109342,"/drivetrain/rightVelocity",0
19.109382,"/drivetrain/heading",-2.2200000286102295
19.109391,"/drivetrain/headingVelocity",0
19.109396,"/drivetrain/xAcceleration",0
19.109401,"/drivetrain/yAcceleration",-0.00800000037997961
19.109406,"/drivetrain/leftOutputLog",0
19.10941,"/drivetrain/rightOutputLog",0
19.109801,"/intake/pos",0
19.10981,"/intake/output",0
19.110241,"/shooter/rpm",0
19.110272,"/shooter/output",0.1
19.110313,"/shooter/hasBall",true
19.110531,"/shooter/temperature",40
19.111217,"/climber/rightPos",0
19.129379,"/drivetrain/leftPos",0
19.129399,"/drivetrain/leftVelocity",0
19.129416,"/drivetrain/rightPos",0
19.129428,"/drivetrain/rightVelocity",0
19.129468,"/drivetrain/heading",-2.2300000190734863
19.129477,"/drivetrain/headingVelocity",0.4272460639476776
19.129483,"/drivetrain/xAcceleration",0.007000000216066837
19.129488,"/drivetrain/yAcceleration",-0.006000000052154064
19.129493,"/drivetrain/leftOutputLog",0
19.129497,"/drivetrain/rightOutputLog",0
19.129777,"/intake/pos",0
19.129784,"/intake/output",0
19.129992,"/shooter/rpm",0
19.130062,"/shooter/output",0.1
19.130332,"/shooter/hasBall",true
19.130398,"/shooter/temperature",40
19.130767,"/climber/rightPos",0
19.149491,"/drivetrain/leftPos",0
19.149515,"/drivetrain/leftVelocity",0
19.149532,"/drivetrain/rightPos",0
19.149545,"/drivetrain/rightVelocity",0
19.149589,"/drivetrain/heading",-2.240000009536743
19.149598,"/drivetrain/headingVelocity",0.3662109076976776
19.149604,"/drivetrain/xAcceleration",-0.010999999940395355
19.149609,"/drivetrain/yAcceleration",0.00800000037997961
19.149614,"/drivetrain/leftOutputLog",0
19.149618,"/drivetrain/rightOutputLog",0
19.149884,"/intake/pos",0
19.149889,"/intake/output",0
19.150105,"/shooter/rpm",0
19.150171,"/shooter/output",0.1
19.15021,"/shooter/hasBall",true
19.150249,"/shooter/temperature",40
19.150414,"/climber/rightPos",0
19.169245,"/drivetrain/leftPos",0
19.169262,"/drivetrain/leftVelocity",0
19.169597,"/drivetrain/rightPos",0
19.16962,"/drivetrain/rightVelocity",0
19.169663,"/drivetrain/heading",-2.240000009536743
19.169672,"/drivetrain/headingVelocity",0
19.169678,"/drivetrain/xAcceleration",0
19.169683,"/drivetrain/yAcceleration",0.009999999776482582
19.169688,"/drivetrain/leftOutputLog",0
19.169692,"/drivetrain/rightOutputLog",0
19.169996,"/intake/pos",0
19.170001,"/intake/output",0
19.170542,"/shooter/rpm",0
19.170574,"/shooter/output",0.1
19.170618,"/shooter/hasBall",true
19.17066,"/shooter/temperature",40
19.171695,"/climber/rightPos",0
19.189283,"/drivetrain/leftPos",0
19.189299,"/drivetrain/leftVelocity",0
19.189314,"/drivetrain/rightPos",0
19.189326,"/drivetrain/rightVelocity",0
19.189361,"/drivetrain/heading",-2.2300000190734863
19.189369,"/drivetrain/headingVelocity",-0.30517578125
19.189375,"/drivetrain/xAcceleration",0.004000000189989805
19.18938,"/drivetrain/yAcceleration",0.012000000104308128
19.189385,"/drivetrain/leftOutputLog",0
19.189388,"/drivetrain/rightOutputLog",0
19.189715,"/intake/pos",0
19.189721,"/intake/output",0
19.190216,"/shooter/rpm",0
19.190249,"/shooter/output",0.1
19.19055,"/shooter/hasBall",true
19.190651,"/shooter/temperature",40
19.191294,"/climber/rightPos",0
19.209267,"/drivetrain/leftPos",0
19.209284,"/drivetrain/leftVelocity",0
19.209299,"/drivetrain/rightPos",0
19.209311,"/drivetrain/rightVelocity",0
19.209352,"/drivetrain/heading",-2.2300000190734863
19.209361,"/drivetrain/headingVelocity",-0.2441406100988388
19.209367,"/drivetrain/xAcceleration",-0.006000000052154064
19.209371,"/drivetrain/yAcceleration",0
19.209376,"/drivetrain/leftOutputLog",0
19.20938,"/drivetrain/rightOutputLog",0
19.209687,"/intake/pos",0
19.209805,"/intake/output",0
19.210258,"/shooter/rpm",0
19.210287,"/shooter/output",0.1
19.21033,"/shooter/hasBall",true
19.210815,"/shooter/temperature",40
19.211063,"/climber/rightPos",0
19.22947,"/drivetrain/leftPos",0
19.229543,"/drivetrain/leftVelocity",0
19.229563,"/drivetrain/rightPos",0
19.229576,"/drivetrain/rightVelocity",0
19.229627,"/drivetrain/heading",-2.2200000286102295
19.229638,"/drivetrain/headingVelocity",-0.2441406100988388
19.229645,"/drivetrain/xAcceleration",0.003000000026077032
19.22965,"/drivetrain/yAcceleration",-0.003000000026077032
19.229655,"/drivetrain/leftOutputLog",0
19.229659,"/drivetrain/rightOutputLog",0
19.230088,"/intake/pos",0
19.230093,"/intake/output",0
19.230539,"/shooter/rpm",0
19.230568,"/shooter/output",0.1
19.230611,"/shooter/hasBall",true
19.230648,"/shooter/temperature",40
19.23135,"/climber/rightPos",0
19.250277,"/drivetrain/leftPos",0
19.250295,"/drivetrain/leftVelocity",0
19.250311,"/drivetrain/rightPos",0
19.250323,"/drivetrain/rightVelocity",0
19.250366,"/drivetrain/heading",-2.2200000286102295
19.250375,"/drivetrain/headingVelocity",0.0610351525247097
19.250381,"/drivetrain/xAcceleration",0
19.250387,"/drivetrain/yAcceleration",-0.007000000216066837
19.250391,"/drivetrain/leftOutputLog",0
19.250395,"/drivetrain/rightOutputLog",0
19.25062,"/intake/pos",0
19.250625,"/intake/output",0
19.250906,"/shooter/rpm",0
19.250929,"/shooter/output",0.1
19.250964,"/shooter/hasBall",true
19.250988,"/shooter/temperature",40
19.251153,"/climber/rightPos",0
19.270902,"/drivetrain/leftPos",0
19.270919,"/drivetrain/leftVelocity",0
19.270935,"/drivetrain/rightPos",0
19.270947,"/drivetrain/rightVelocity",0
19.270998,"/drivetrain/heading",-2.2200000286102295
19.271008,"/drivetrain/headingVelocity",0.0610351525247097
19.271015,"/drivetrain/xAcceleration",-0.003000000026077032
19.27102,"/drivetrain/yAcceleration",-0.006000000052154064
19.271025,"/drivetrain/leftOutputLog",0
19.271029,"/drivetrain/rightOutputLog",0
19.271401,"/intake/pos",0
19.271407,"/intake/output",0
19.271624,"/shooter/rpm",0
19.271644,"/shooter/output",0.1
19.271679,"/shooter/hasBall",true
19.271703,"/shooter/temperature",40
19.271873,"/climber/rightPos",0
19.289565,"/drivetrain/leftPos",0
19.289583,"/drivetrain/leftVelocity",0
19.289599,"/drivetrain/rightPos",0
19.28961,"/drivetrain/rightVelocity",0
19.28966,"/drivetrain/heading",-2.2300000190734863
19.28967,"/drivetrain/headingVelocity",0
19.289676,"/drivetrain/xAcceleration",0
19.289681,"/drivetrain/yAcceleration",-0.003000000026077032
19.289686,"/drivetrain/leftOutputLog",0
19.28969,"/drivetrain/rightOutputLog",0
19.289944,"/intake/pos",0
19.289949,"/intake/output",0
19.290198,"/shooter/rpm",0
19.290232,"/shooter/output",0.1
19.290279,"/shooter/hasBall",true
19.290492,"/shooter/temperature",40
19.290873,"/climber/rightPos",0
19.309757,"/drivetrain/leftPos",0
19.309776,"/drivetrain/leftVelocity",0
19.309791,"/drivetrain/rightPos",0
19.309803,"/drivetrain/rightVelocity",0
19.30985,"/drivetrain/heading",-2.2300000190734863
19.309859,"/drivetrain/headingVelocity",0.0610351525247097
19.309864,"/drivetrain/xAcceleration",0
19.30987,"/drivetrain/yAcceleration",0.006000000052154064
19.309875,"/drivetrain/leftOutputLog",0
19.309879,"/drivetrain/rightOutputLog",0
19.3118,"/intake/pos",0
19.311806,"/intake/output",0
19.312346,"/shooter/rpm",0
19.312378,"/shooter/output",0.1
19.312488,"/shooter/hasBall",true
19.312599,"/shooter/temperature",40
19.313124,"/climber/rightPos",0
19.329469,"/drivetrain/leftPos",0
19.329486,"/drivetrain/leftVelocity",0
19.329502,"/drivetrain/rightPos",0
19.329513,"/drivetrain/rightVelocity",0
19.329559,"/drivetrain/heading",-2.2300000190734863
19.329568,"/drivetrain/headingVelocity",0.1220703050494194
19.329574,"/drivetrain/xAcceleration",0
19.329579,"/drivetrain/yAcceleration",0
19.329583,"/drivetrain/leftOutputLog",0
19.329587,"/drivetrain/rightOutputLog",0
19.329807,"/intake/pos",0
19.329812,"/intake/output",0
19.330054,"/shooter/rpm",0
19.330078,"/shooter/output",0.1
19.330116,"/shooter/hasBall",true
19.330161,"/shooter/temperature",40
19.330655,"/climber/rightPos",0
19.349503,"/drivetrain/leftPos",0
19.349522,"/drivetrain/leftVelocity",0
19.349539,"/drivetrain/rightPos",0
19.349551,"/drivetrain/rightVelocity",0
19.3496,"/drivetrain/heading",-2.2300000190734863
19.349609,"/drivetrain/headingVelocity",0.1831054538488388
19.349615,"/drivetrain/xAcceleration",0
19.34962,"/drivetrain/yAcceleration",-0.003000000026077032
19.349625,"/drivetrain/leftOutputLog",0
19.349629,"/drivetrain/rightOutputLog",0
19.349931,"/intake/pos",0
19.349936,"/intake/output",0
19.350756,"/shooter/rpm",0
19.350777,"/shooter/output",0.1
19.350869,"/shooter/hasBall",true
19.350922,"/shooter/temperature",40
19.351193,"/climber/rightPos",0
19.36925,"/drivetrain/leftPos",0
19.369266,"/drivetrain/leftVelocity",0
19.369282,"/drivetrain/rightPos",0
19.369293,"/drivetrain/rightVelocity",0
19.369336,"/drivetrain/heading",-2.2300000190734863
19.369345,"/drivetrain/headingVelocity",0.0610351525247097
19.369502,"/drivetrain/xAcceleration",0.004999999888241291
19.369509,"/drivetrain/yAcceleration",-0.003000000026077032
19.369515,"/drivetrain/leftOutputLog",0
19.369519,"/drivetrain/rightOutputLog",0
19.370778,"/intake/pos",0
19.370784,"/intake/output",0
19.371016,"/shooter/rpm",0
19.371038,"/shooter/output",0.1
19.371075,"/shooter/hasBall",true
19.37112,"/shooter/temperature",40
19.371358,"/climber/rightPos",0
19.389261,"/drivetrain/leftPos",0
19.389277,"/drivetrain/leftVelocity",0
19.389292,"/drivetrain/rightPos",0
19.389305,"/drivetrain/rightVelocity",0
19.389346,"/drivetrain/heading",-2.2300000190734863
19.389355,"/drivetrain/headingVelocity",-0.0610351525247097
19.389361,"/drivetrain/xAcceleration",-0.003000000026077032
19.389366,"/drivetrain/yAcceleration",0
19.389371,"/drivetrain/leftOutputLog",0
19.389374,"/drivetrain/rightOutputLog",0
19.38963,"/intake/pos",0
19.389634,"/intake/output",0
19.389817,"/shooter/rpm",0
19.389841,"/shooter/output",0.1
19.389876,"/shooter/hasBall",true
19.389916,"/shooter/temperature",40
19.390113,"/climber/rightPos",0
19.409297,"/drivetrain/leftPos",0
19.409316,"/drivetrain/leftVelocity",0
19.409331,"/drivetrain/rightPos",0
19.409343,"/drivetrain/rightVelocity",0
19.409384,"/drivetrain/heading",-2.2300000190734863
19.409393,"/drivetrain/headingVelocity",-0.1220703050494194
19.409399,"/drivetrain/xAcceleration",-0.003000000026077032
19.409404,"/drivetrain/yAcceleration",0
19.409409,"/drivetrain/leftOutputLog",0
19.409413,"/drivetrain/rightOutputLog",0
19.409623,"/intake/pos",0
19.409629,"/intake/output",0
19.409815,"/shooter/rpm",0
19.409838,"/shooter/output",0.1
19.409874,"/shooter/hasBall",true
19.409913,"/shooter/temperature",40
19.410078,"/climber/rightPos",0
19.429373,"/drivetrain/leftPos",0
19.429395,"/drivetrain/leftVelocity",0
19.429412,"/drivetrain/rightPos",0
19.429425,"/drivetrain/rightVelocity",0
19.429815,"/drivetrain/heading",-2.2200000286102295
19.429826,"/drivetrain/headingVelocity",-0.1220703050494194
19.429832,"/drivetrain/xAcceleration",-0.006000000052154064
19.429837,"/drivetrain/yAcceleration",0
19.429842,"/drivetrain/leftOutputLog",0
19.429846,"/drivetrain/rightOutputLog",0
19.430068,"/intake/pos",0
19.430073,"/intake/output",0
19.430844,"/shooter/rpm",0
19.430866,"/shooter/output",0.1
19.430906,"/shooter/hasBall",true
19.430955,"/shooter/temperature",40
19.431187,"/climber/rightPos",0
19.450967,"/drivetrain/leftPos",0
19.450984,"/drivetrain/leftVelocity",0
19.450999,"/drivetrain/rightPos",0
19.451011,"/drivetrain/rightVelocity",0
19.451052,"/drivetrain/heading",-2.2200000286102295
19.45106,"/drivetrain/headingVelocity",-0.0610351525247097
19.451066,"/drivetrain/xAcceleration",0
19.451071,"/drivetrain/yAcceleration",0
19.451076,"/drivetrain/leftOutputLog",0
19.45108,"/drivetrain/rightOutputLog",0
19.451298,"/intake/pos",0
19.451303,"/intake/output",0
19.451504,"/shooter/rpm",0
19.451529,"/shooter/output",0.1
19.451566,"/shooter/hasBall",true
19.451597,"/shooter/temperature",40
19.451813,"/climber/rightPos",0
19.469241,"/drivetrain/leftPos",0
19.469258,"/drivetrain/leftVelocity",0
19.469274,"/drivetrain/rightPos",0
19.469316,"/drivetrain/rightVelocity",0
19.469364,"/drivetrain/heading",-2.2200000286102295
19.469374,"/drivetrain/headingVelocity",0
19.46938,"/drivetrain/xAcceleration",0
19.469384,"/drivetrain/yAcceleration",-0.007000000216066837
19.469389,"/drivetrain/leftOutputLog",0
19.469393,"/drivetrain/rightOutputLog",0
19.469586,"/intake/pos",0
19.469591,"/intake/output",0
19.470423,"/shooter/rpm",0
19.470455,"/shooter/output",0.1
19.470501,"/shooter/hasBall",true
19.470527,"/shooter/temperature",40
19.470732,"/climber/rightPos",0
19.489478,"/drivetrain/leftPos",0
19.489497,"/drivetrain/leftVelocity",0
19.489512,"/drivetrain/rightPos",0
19.489523,"/drivetrain/rightVelocity",0
19.489723,"/drivetrain/heading",-2.2200000286102295
19.489733,"/drivetrain/headingVelocity",0.0610351525247097
19.48974,"/drivetrain/xAcceleration",0
19.489745,"/drivetrain/yAcceleration",0
19.48975,"/drivetrain/leftOutputLog",0
19.489755,"/drivetrain/rightOutputLog",0
19.490118,"/intake/pos",0
19.490124,"/intake/output",0
19.491304,"/shooter/rpm",0
19.491323,"/shooter/output",0.1
19.491368,"/shooter/hasBall",true
19.491392,"/shooter/temperature",40
19.491608,"/climber/rightPos",0
19.509315,"/drivetrain/leftPos",0
19.509332,"/drivetrain/leftVelocity",0
19.509348,"/drivetrain/rightPos",0
19.509359,"/drivetrain/rightVelocity",0
19.50941,"/drivetrain/heading",-2.2200000286102295
19.509419,"/drivetrain/headingVelocity",0.1220703050494194
19.509424,"/drivetrain/xAcceleration",0
19.50943,"/drivetrain/yAcceleration",0
19.509434,"/drivetrain/leftOutputLog",0
19.509438,"/drivetrain/rightOutputLog",0
19.509701,"/intake/pos",0
19.509708,"/intake/output",0
19.509909,"/shooter/rpm",0
19.509932,"/shooter/output",0.1
19.510005,"/shooter/hasBall",true
19.510054,"/shooter/temperature",40
19.510296,"/climber/rightPos",0
19.52931,"/drivetrain/leftPos",0
19.529329,"/drivetrain/leftVelocity",0
19.529346,"/drivetrain/rightPos",0
19.529358,"/drivetrain/rightVelocity",0
19.52941,"/drivetrain/heading",-2.2300000190734863
19.529419,"/drivetrain/headingVelocity",0.0610351525247097
19.529424,"/drivetrain/xAcceleration",0
19.529429,"/drivetrain/yAcceleration",0
19.529434,"/drivetrain/leftOutputLog",0
19.529438,"/drivetrain/rightOutputLog",0
19.529703,"/intake/pos",0
19.529708,"/intake/output",0
19.529957,"/shooter/rpm",0
19.529981,"/shooter/output",0.1
19.530016,"/shooter/hasBall",true
19.530058,"/shooter/temperature",40
19.530578,"/climber/rightPos",0
19.550973,"/drivetrain/leftPos",0
19.55099,"/drivetrain/leftVelocity",0
19.551006,"/drivetrain/rightPos",0
19.551018,"/drivetrain/rightVelocity",0
19.551185,"/drivetrain/heading",-2.2300000190734863
19.551197,"/drivetrain/headingVelocity",0
19.551203,"/drivetrain/xAcceleration",0
19.551208,"/drivetrain/yAcceleration",0
19.551213,"/drivetrain/leftOutputLog",0
19.551217,"/drivetrain/rightOutputLog",0
19.551498,"/intake/pos",0
19.551503,"/intake/output",0
19.55177,"/shooter/rpm",0
19.551794,"/shooter/output",0.1
19.551829,"/shooter/hasBall",true
19.551873,"/shooter/temperature",40
19.552038,"/climber/rightPos",0
19.569364,"/drivetrain/leftPos",0
19.569382,"/drivetrain/leftVelocity",0
19.569398,"/drivetrain/rightPos",0
19.569409,"/drivetrain/rightVelocity",0
19.56945,"/drivetrain/heading",-2.2300000190734863
19.569458,"/drivetrain/headingVelocity",0
19.569464,"/drivetrain/xAcceleration",0
19.569469,"/drivetrain/yAcceleration",0.004999999888241291
19.569474,"/drivetrain/leftOutputLog",0
19.569478,"/drivetrain/rightOutputLog",0
19.569678,"/intake/pos",0
19.569682,"/intake/output",0
19.570655,"/shooter/rpm",0
19.570689,"/shooter/output",0.1
19.570736,"/shooter/hasBall",true
19.570794,"/shooter/temperature",40
19.571004,"/climber/rightPos",0
19.590603,"/drivetrain/leftPos",0
19.590795,"/drivetrain/leftVelocity",0
19.590813,"/drivetrain/rightPos",0
19.590826,"/drivetrain/rightVelocity",0
19.590858,"/drivetrain/heading",-2.2300000190734863
19.590867,"/drivetrain/headingVelocity",0
19.590873,"/drivetrain/xAcceleration",0
19.590878,"/drivetrain/yAcceleration",0
19.590883,"/drivetrain/leftOutputLog",0
19.590886,"/drivetrain/rightOutputLog",0
19.591144,"/intake/pos",0
19.59115,"/intake/output",0
19.591337,"/shooter/rpm",0
19.591361,"/shooter/output",0.1
19.591396,"/shooter/hasBall",true
19.591439,"/shooter/temperature",40
19.591606,"/climber/rightPos",0
19.609554,"/drivetrain/leftPos",0
19.609584,"/drivetrain/leftVelocity",0
19.609601,"/drivetrain/rightPos",0
19.609614,"/drivetrain/rightVelocity",0
19.610212,"/drivetrain/heading",-2.2300000190734863
19.610225,"/drivetrain/headingVelocity",0
19.610231,"/drivetrain/xAcceleration",0
19.610236,"/drivetrain/yAcceleration",0
19.610241,"/drivetrain/leftOutputLog",0
19.610245,"/drivetrain/rightOutputLog",0
19.610889,"/intake/pos",0
19.610895,"/intake/output",0
19.611128,"/shooter/rpm",0
19.611152,"/shooter/output",0.1
19.611193,"/shooter/hasBall",true
19.611225,"/shooter/temperature",40
19.611395,"/climber/rightPos",0
19.629357,"/drivetrain/leftPos",0
19.629373,"/drivetrain/leftVelocity",0
19.629389,"/drivetrain/rightPos",0
19.629401,"/drivetrain/rightVelocity",0
19.629445,"/drivetrain/heading",-2.2300000190734863
19.629455,"/drivetrain/headingVelocity",0.1220703050494194
19.629461,"/drivetrain/xAcceleration",0
19.629466,"/drivetrain/yAcceleration",0
19.629471,"/drivetrain/leftOutputLog",0
19.629474,"/drivetrain/rightOutputLog",0
19.630128,"/intake/pos",0
19.630134,"/intake/output",0
19.630856,"/shooter/rpm",0
19.630886,"/shooter/output",0.1
19.630928,"/shooter/hasBall",true
19.630973,"/shooter/temperature",40
19.63118,"/climber/rightPos",0
19.64939,"/drivetrain/leftPos",0
19.649407,"/drivetrain/leftVelocity",0
19.649422,"/drivetrain/rightPos",0
19.649433,"/drivetrain/rightVelocity",0
19.649474,"/drivetrain/heading",-2.2300000190734863
19.649483,"/drivetrain/headingVelocity",0
19.649488,"/drivetrain/xAcceleration",-0.004000000189989805
19.649493,"/drivetrain/yAcceleration",0
19.649498,"/drivetrain/leftOutputLog",0
19.649502,"/drivetrain/rightOutputLog",0
19.649694,"/intake/pos",0
19.649699,"/intake/output",0
19.649927,"/shooter/rpm",0
19.649949,"/shooter/output",0.1
19.649985,"/shooter/hasBall",true
19.650015,"/shooter/temperature",40
19.650514,"/climber/rightPos",0
19.669446,"/drivetrain/leftPos",0
19.669463,"/drivetrain/leftVelocity",0
19.669478,"/drivetrain/rightPos",0
19.669489,"/drivetrain/rightVelocity",0
19.669526,"/drivetrain/heading",-2.2300000190734863
19.669534,"/drivetrain/headingVelocity",-0.0610351525247097
19.66954,"/drivetrain/xAcceleration",0
19.669545,"/drivetrain/yAcceleration",0
19.66955,"/drivetrain/leftOutputLog",0
19.669554,"/drivetrain/rightOutputLog",0
19.669772,"/intake/pos",0
19.669777,"/intake/output",0
19.669981,"/shooter/rpm",0
19.670726,"/shooter/output",0.1
19.670787,"/shooter/hasBall",true
19.670835,"/shooter/temperature",40
19.671507,"/climber/rightPos",0
19.689383,"/drivetrain/leftPos",0
19.6894,"/drivetrain/leftVelocity",0
19.689415,"/drivetrain/rightPos",0
19.689427,"/drivetrain/rightVelocity",0
19.689519,"/drivetrain/heading",-2.2300000190734863
19.689529,"/drivetrain/headingVelocity",-0.0610351525247097
19.689536,"/drivetrain/xAcceleration",0
19.689541,"/drivetrain/yAcceleration",0
19.689546,"/drivetrain/leftOutputLog",0
19.689549,"/drivetrain/rightOutputLog",0
19.689859,"/intake/pos",0
19.689865,"/intake/output",0
19.690111,"/shooter/rpm",0
19.690137,"/shooter/output",0.1
19.690174,"/shooter/hasBall",true
19.690213,"/shooter/temperature",40
19.690426,"/climber/rightPos",0
19.71021,"/drivetrain/leftPos",0
19.710227,"/drivetrain/leftVelocity",0
19.710244,"/drivetrain/rightPos",0
19.710256,"/drivetrain/rightVelocity",0
19.710293,"/drivetrain/heading",-2.2300000190734863
19.710302,"/drivetrain/headingVelocity",-0.0610351525247097
19.710308,"/drivetrain/xAcceleration",0
19.710313,"/drivetrain/yAcceleration",0
19.710318,"/drivetrain/leftOutputLog",0
19.710322,"/drivetrain/rightOutputLog",0
19.710565,"/intake/pos",0
19.71057,"/intake/output",0
19.710748,"/shooter/rpm",0
19.710771,"/shooter/output",0.1
19.710803,"/shooter/hasBall",true
19.710833,"/shooter/temperature",40
19.711065,"/climber/rightPos",0
19.729908,"/drivetrain/leftPos",0
19.729926,"/drivetrain/leftVelocity",0
19.729943,"/drivetrain/rightPos",0
19.729955,"/drivetrain/rightVelocity",0
19.729998,"/drivetrain/heading",-2.2200000286102295
19.730008,"/drivetrain/headingVelocity",-0.0610351525247097
19.730014,"/drivetrain/xAcceleration",-0.003000000026077032
19.73002,"/drivetrain/yAcceleration",0
19.730026,"/drivetrain/leftOutputLog",0
19.73003,"/drivetrain/rightOutputLog",0
19.730537,"/intake/pos",0
19.730543,"/intake/output",0
19.730758,"/shooter/rpm",0
19.73078,"/shooter/output",0.1
19.730814,"/shooter/hasBall",true
19.730838,"/shooter/temperature",40
19.731181,"/climber/rightPos",0
19.750125,"/drivetrain/leftPos",0
19.750143,"/drivetrain/leftVelocity",0
19.750161,"/drivetrain/rightPos",0
19.750173,"/drivetrain/rightVelocity",0
19.750206,"/drivetrain/heading",-2.2200000286102295
19.750215,"/drivetrain/headingVelocity",0
19.750222,"/drivetrain/xAcceleration",0
19.750227,"/drivetrain/yAcceleration",-0.003000000026077032
19.750231,"/drivetrain/leftOutputLog",0
19.750235,"/drivetrain/rightOutputLog",0
19.750456,"/intake/pos",0
19.750461,"/intake/output",0
19.750682,"/shooter/rpm",0
19.750753,"/shooter/output",0.1
19.75079,"/shooter/hasBall",true
19.750814,"/shooter/temperature",40
19.75099,"/climber/rightPos",0
19.770036,"/drivetrain/leftPos",0
19.770057,"/drivetrain/leftVelocity",0
19.770076,"/drivetrain/rightPos",0
19.770089,"/drivetrain/rightVelocity",0
19.770138,"/drivetrain/heading",-2.2200000286102295
19.770148,"/drivetrain/headingVelocity",0
19.770154,"/drivetrain/xAcceleration",0
19.77016,"/drivetrain/yAcceleration",0
19.770165,"/drivetrain/leftOutputLog",0
19.770169,"/drivetrain/rightOutputLog",0
19.771342,"/intake/pos",0
19.771348,"/intake/output",0
19.771617,"/shooter/rpm",0
19.771643,"/shooter/output",0.1
19.771682,"/shooter/hasBall",true
19.771726,"/shooter/temperature",40
19.771887,"/climber/rightPos",0
19.78928,"/drivetrain/leftPos",0
19.789298,"/drivetrain/leftVelocity",0
19.789313,"/drivetrain/rightPos",0
19.789325,"/drivetrain/rightVelocity",0
19.789363,"/drivetrain/heading",-2.2300000190734863
19.789372,"/drivetrain/headingVelocity",0
19.789377,"/drivetrain/xAcceleration",0
19.789383,"/drivetrain/yAcceleration",0
19.789387,"/drivetrain/leftOutputLog",0
19.789391,"/drivetrain/rightOutputLog",0
19.789633,"/intake/pos",0
19.789638,"/intake/output",0
19.789817,"/shooter/rpm",0
19.789839,"/shooter/output",0.1
19.789871,"/shooter/hasBall",true
19.789914,"/shooter/temperature",40
19.790058,"/climber/rightPos",0
19.809946,"/drivetrain/leftPos",0
19.809964,"/drivetrain/leftVelocity",0
19.809981,"/drivetrain/rightPos",0
19.809993,"/drivetrain/rightVelocity",0
19.810043,"/drivetrain/heading",-2.2300000190734863
19.810053,"/drivetrain/headingVelocity",0
19.81006,"/drivetrain/xAcceleration",0
19.810065,"/drivetrain/yAcceleration",0
19.81007,"/drivetrain/leftOutputLog",0
19.810074,"/drivetrain/rightOutputLog",0
19.810519,"/intake/pos",0
19.810525,"/intake/output",0
19.810734,"/shooter/rpm",0
19.810758,"/shooter/output",0.1
19.810792,"/shooter/hasBall",true
19.810837,"/shooter/temperature",40
19.811254,"/climber/rightPos",0
19.829449,"/drivetrain/leftPos",0
19.829468,"/drivetrain/leftVelocity",0
19.829485,"/drivetrain/rightPos",0
19.829497,"/drivetrain/rightVelocity",0
19.829546,"/drivetrain/heading",-2.2300000190734863
19.829557,"/drivetrain/headingVelocity",0
19.829564,"/drivetrain/xAcceleration",0.003000000026077032
19.829569,"/drivetrain/yAcceleration",0
19.829575,"/drivetrain/leftOutputLog",0
19.829579,"/drivetrain/rightOutputLog",0
19.83012,"/intake/pos",0
19.830125,"/intake/output",0
19.830695,"/shooter/rpm",0
19.830725,"/shooter/output",0.1
19.83077,"/shooter/hasBall",true
19.831161,"/shooter/temperature",40
19.831507,"/climber/rightPos",0
19.849473,"/drivetrain/leftPos",0
19.849492,"/drivetrain/leftVelocity",0
19.849508,"/drivetrain/rightPos",0
19.84952,"/drivetrain/rightVelocity",0
19.849568,"/drivetrain/heading",-2.2300000190734863
19.849578,"/drivetrain/headingVelocity",0
19.849743,"/drivetrain/xAcceleration",0
19.849767,"/drivetrain/yAcceleration",0
19.849773,"/drivetrain/leftOutputLog",0
19.849777,"/drivetrain/rightOutputLog",0
19.850345,"/intake/pos",0
19.85035,"/intake/output",0
19.850611,"/shooter/rpm",0
19.850634,"/shooter/output",0.1
19.85067,"/shooter/hasBall",true
19.850802,"/shooter/temperature",40
19.851081,"/climber/rightPos",0
19.869715,"/drivetrain/leftPos",0
19.869735,"/drivetrain/leftVelocity",0
19.869753,"/drivetrain/rightPos",0
19.869766,"/drivetrain/rightVelocity",0
19.869864,"/drivetrain/heading",-2.2200000286102295
19.869875,"/drivetrain/headingVelocity",0
19.869881,"/drivetrain/xAcceleration",0
19.869886,"/drivetrain/yAcceleration",0
19.869891,"/drivetrain/leftOutputLog",0
19.869895,"/drivetrain/rightOutputLog",0
19.870189,"/intake/pos",0
19.870195,"/intake/output",0
19.870918,"/shooter/rpm",0
19.871185,"/shooter/output",0.1
19.871236,"/shooter/hasBall",true
19.871286,"/shooter/temperature",40
19.871484,"/climber/rightPos",0
19.889307,"/drivetrain/leftPos",0
19.889325,"/drivetrain/leftVelocity",0
19.889341,"/drivetrain/rightPos",0
19.889352,"/drivetrain/rightVelocity",0
19.8894,"/drivetrain/heading",-2.2200000286102295
19.88941,"/drivetrain/headingVelocity",0
19.889416,"/drivetrain/xAcceleration",0
19.889422,"/drivetrain/yAcceleration",0
19.889478,"/drivetrain/leftOutputLog",0
19.889482,"/drivetrain/rightOutputLog",0
19.889744,"/intake/pos",0
19.889748,"/intake/output",0
19.890157,"/shooter/rpm",0
19.890182,"/shooter/output",0.1
19.890219,"/shooter/hasBall",true
19.890244,"/shooter/temperature",40
19.890749,"/climber/rightPos",0
19.910048,"/drivetrain/leftPos",0
19.91007,"/drivetrain/leftVelocity",0
19.910086,"/drivetrain/rightPos",0
19.910097,"/drivetrain/rightVelocity",0
19.910127,"/drivetrain/heading",-2.2300000190734863
19.910136,"/drivetrain/headingVelocity",0
19.910142,"/drivetrain/xAcceleration",0
19.910147,"/drivetrain/yAcceleration",0
19.910151,"/drivetrain/leftOutputLog",0
19.910155,"/drivetrain/rightOutputLog",0
19.910688,"/intake/pos",0
19.910693,"/intake/output",0
19.910871,"/shooter/rpm",0
19.910895,"/shooter/output",0.1
19.910929,"/shooter/hasBall",true
19.910967,"/shooter/temperature",40
19.911121,"/climber/rightPos",0
19.929408,"/drivetrain/leftPos",0
19.929426,"/drivetrain/leftVelocity",0
19.929443,"/drivetrain/rightPos",0
19.929455,"/drivetrain/rightVelocity",0
19.9295,"/drivetrain/heading",-2.2300000190734863
19.929509,"/drivetrain/headingVelocity",0
19.929515,"/drivetrain/xAcceleration",0
19.92952,"/drivetrain/yAcceleration",0.003000000026077032
19.929525,"/drivetrain/leftOutputLog",0
19.929529,"/drivetrain/rightOutputLog",0
19.92995,"/intake/pos",0
19.929955,"/intake/output",0
19.930403,"/shooter/rpm",0
19.930422,"/shooter/output",0.1
19.930458,"/shooter/hasBall",true
19.930482,"/shooter/temperature",40
19.930628,"/climber/rightPos",0
19.950355,"/drivetrain/leftPos",0
19.950404,"/drivetrain/leftVelocity",0
19.950423,"/drivetrain/rightPos",0
19.950436,"/drivetrain/rightVelocity",0
19.950472,"/drivetrain/heading",-2.2300000190734863
19.950481,"/drivetrain/headingVelocity",0
19.950487,"/drivetrain/xAcceleration",0
19.950493,"/drivetrain/yAcceleration",0
19.950497,"/drivetrain/leftOutputLog",0
19.950501,"/drivetrain/rightOutputLog",0
19.95081,"/intake/pos",0
19.950983,"/intake/output",0
19.951291,"/shooter/rpm",0
19.95132,"/shooter/output",0.1
19.951359,"/shooter/hasBall",true
19.951392,"/shooter/temperature",40
19.951578,"/climber/rightPos",0
19.969279,"/drivetrain/leftPos",0
19.969295,"/drivetrain/leftVelocity",0
19.96931,"/drivetrain/rightPos",0
19.969323,"/drivetrain/rightVelocity",0
19.969364,"/drivetrain/heading",-2.2200000286102295
19.969373,"/drivetrain/headingVelocity",0
19.969379,"/drivetrain/xAcceleration",0
19.969384,"/drivetrain/yAcceleration",0
19.969388,"/drivetrain/leftOutputLog",0
19.969392,"/drivetrain/rightOutputLog",0
19.96965,"/intake/pos",0
19.969655,"/intake/output",0
19.969852,"/shooter/rpm",0
19.969908,"/shooter/output",0.1
19.969946,"/shooter/hasBall",true
19.969972,"/shooter/temperature",40
19.970144,"/climber/rightPos",0
19.990116,"/drivetrain/leftPos",0
19.990134,"/drivetrain/leftVelocity",0
19.99015,"/drivetrain/rightPos",0
19.990162,"/drivetrain/rightVelocity",0
19.990199,"/drivetrain/heading",-2.2200000286102295
19.990208,"/drivetrain/headingVelocity",0
19.990214,"/drivetrain/xAcceleration",0
19.990219,"/drivetrain/yAcceleration",0
19.990224,"/drivetrain/leftOutputLog",0
19.990228,"/drivetrain/rightOutputLog",0
19.990413,"/intake/pos",0
19.990418,"/intake/output",0
19.990642,"/shooter/rpm",0
19.990664,"/shooter/output",0.1
19.990748,"/shooter/hasBall",true
19.990773,"/shooter/temperature",40
19.990957,"/climber/rightPos",0
20.009846,"/drivetrain/leftPos",0
20.009865,"/drivetrain/leftVelocity",0
20.009881,"/drivetrain/rightPos",0
20.009894,"/drivetrain/rightVelocity",0
20.010204,"/drivetrain/heading",-2.2200000286102295
20.010214,"/drivetrain/headingVelocity",0
20.01022,"/drivetrain/xAcceleration",0
20.010226,"/drivetrain/yAcceleration",0
20.010231,"/drivetrain/leftOutputLog",0
20.010235,"/drivetrain/rightOutputLog",0
20.010967,"/intake/pos",0
20.010973,"/intake/output",0
20.011153,"/shooter/rpm",0
20.011178,"/shooter/output",0.1
20.01121,"/shooter/hasBall",true
20.011413,"/shooter/temperature",40
20.011573,"/climber/rightPos",0
20.029645,"/drivetrain/leftPos",0
20.029664,"/drivetrain/leftVelocity",0
20.029681,"/drivetrain/rightPos",0
20.029693,"/drivetrain/rightVelocity",0
20.029921,"/drivetrain/heading",-2.2200000286102295
20.029932,"/drivetrain/headingVelocity",0
20.030164,"/drivetrain/xAcceleration",0
20.030171,"/drivetrain/yAcceleration",0
20.030176,"/drivetrain/leftOutputLog",0
20.03018,"/drivetrain/rightOutputLog",0
20.030434,"/intake/pos",0
20.030439,"/intake/output",0
20.030684,"/shooter/rpm",0
20.030707,"/shooter/output",0.1
20.030742,"/shooter/hasBall",true
20.030788,"/shooter/temperature",40
20.030942,"/climber/rightPos",0
20.049281,"/drivetrain/leftPos",0
20.049297,"/drivetrain/leftVelocity",0
20.049314,"/drivetrain/rightPos",0
20.049325,"/drivetrain/rightVelocity",0
20.049368,"/drivetrain/heading",-2.2200000286102295
20.049377,"/drivetrain/headingVelocity",0
20.049383,"/drivetrain/xAcceleration",0
20.049388,"/drivetrain/yAcceleration",0
20.049392,"/drivetrain/leftOutputLog",0
20.049396,"/drivetrain/rightOutputLog",0
20.04965,"/intake/pos",0
20.049656,"/intake/output",0
20.049863,"/shooter/rpm",0
20.049926,"/shooter/output",0.1
20.049963,"/shooter/hasBall",true
20.050005,"/shooter/temperature",40
20.050168,"/climber/rightPos",0
20.069291,"/drivetrain/leftPos",0
20.06931,"/drivetrain/leftVelocity",0
20.069876,"/drivetrain/rightPos",0
20.069903,"/drivetrain/rightVelocity",0
20.069938,"/drivetrain/heading",-2.2300000190734863
20.069947,"/drivetrain/headingVelocity",0.0610351525247097
20.069953,"/drivetrain/xAcceleration",0.003000000026077032
20.069958,"/drivetrain/yAcceleration",0
20.069963,"/drivetrain/leftOutputLog",0
20.069967,"/drivetrain/rightOutputLog",0
20.071191,"/intake/pos",0
20.071197,"/intake/output",0
20.071467,"/shooter/rpm",0
20.071621,"/shooter/output",0.1
20.071674,"/shooter/hasBall",true
20.071731,"/shooter/temperature",40
20.072037,"/climber/rightPos",0
20.089546,"/drivetrain/leftPos",0
20.089564,"/drivetrain/leftVelocity",0
20.08958,"/drivetrain/rightPos",0
20.089593,"/drivetrain/rightVelocity",0
20.089636,"/drivetrain/heading",-2.2300000190734863
20.089646,"/drivetrain/headingVelocity",0
20.089652,"/drivetrain/xAcceleration",0
20.089657,"/drivetrain/yAcceleration",0
20.089662,"/drivetrain/leftOutputLog",0
20.089666,"/drivetrain/rightOutputLog",0
20.090407,"/intake/pos",0
20.090412,"/intake/output",0
20.090909,"/shooter/rpm",0
20.090931,"/shooter/output",0.1
20.090975,"/shooter/hasBall",true
20.091012,"/shooter/temperature",40
20.091169,"/climber/rightPos",0
20.109288,"/drivetrain/leftPos",0
20.109305,"/drivetrain/leftVelocity",0
20.109321,"/drivetrain/rightPos",0
20.109332,"/drivetrain/rightVelocity",0
20.109375,"/drivetrain/heading",-2.2300000190734863
20.109383,"/drivetrain/headingVelocity",0
20.109389,"/drivetrain/xAcceleration",0
20.109394,"/drivetrain/yAcceleration",0
20.109399,"/drivetrain/leftOutputLog",0
20.109403,"/drivetrain/rightOutputLog",0
20.109658,"/intake/pos",0
20.109663,"/intake/output",0
20.109866,"/shooter/rpm",0
20.110038,"/shooter/output",0.1
20.110088,"/shooter/hasBall",true
20.110135,"/shooter/temperature",40
20.110595,"/climber/rightPos",0
20.13246,"/drivetrain/leftPos",0
20.132477,"/drivetrain/leftVelocity",0
20.132493,"/drivetrain/rightPos",0
20.132505,"/drivetrain/rightVelocity",0
20.132541,"/drivetrain/heading",-2.2200000286102295
20.13255,"/drivetrain/headingVelocity",-0.0610351525247097
20.132556,"/drivetrain/xAcceleration",0
20.132561,"/drivetrain/yAcceleration",0
20.132566,"/drivetrain/leftOutputLog",0
20.132569,"/drivetrain/rightOutputLog",0
20.132938,"/intake/pos",0
20.132943,"/intake/output",0
20.133186,"/shooter/rpm",0
20.133208,"/shooter/output",0.1
20.133246,"/shooter/hasBall",true
20.133285,"/shooter/temperature",40
20.133451,"/climber/rightPos",0
20.150034,"/drivetrain/leftPos",0
20.150054,"/drivetrain/leftVelocity",0
20.150071,"/drivetrain/rightPos",0
20.150083,"/drivetrain/rightVelocity",0
20.150286,"/drivetrain/heading",-2.2200000286102295
20.150302,"/drivetrain/headingVelocity",0
20.150308,"/drivetrain/xAcceleration",0
20.150313,"/drivetrain/yAcceleration",0
20.150319,"/drivetrain/leftOutputLog",0
20.150322,"/drivetrain/rightOutputLog",0
20.150534,"/intake/pos",0
20.150539,"/intake/output",0
20.150809,"/shooter/rpm",0
20.150833,"/shooter/output",0.1
20.15087,"/shooter/hasBall",true
20.150895,"/shooter/temperature",40
20.151043,"/climber/rightPos",0
20.169729,"/drivetrain/leftPos",0
20.169954,"/drivetrain/leftVelocity",0
20.170235,"/drivetrain/rightPos",0
20.170253,"/drivetrain/rightVelocity",0
20.170286,"/drivetrain/heading",-2.2200000286102295
20.170294,"/drivetrain/headingVelocity",0
20.1703,"/drivetrain/xAcceleration",0
20.170305,"/drivetrain/yAcceleration",0
20.170311,"/drivetrain/leftOutputLog",0
20.170314,"/drivetrain/rightOutputLog",0
20.170514,"/intake/pos",0
20.17052,"/intake/output",0
20.170698,"/shooter/rpm",0
20.17072,"/shooter/output",0.1
20.170756,"/shooter/hasBall",true
20.170792,"/shooter/temperature",40
20.171166,"/climber/rightPos",0
20.190283,"/drivetrain/leftPos",0
20.190302,"/drivetrain/leftVelocity",0
20.190318,"/drivetrain/rightPos",0
20.19033,"/drivetrain/rightVelocity",0
20.190362,"/drivetrain/heading",-2.2200000286102295
20.190371,"/drivetrain/headingVelocity",0
20.190376,"/drivetrain/xAcceleration",0
20.190381,"/drivetrain/yAcceleration",0
20.190386,"/drivetrain/leftOutputLog",0
20.19039,"/drivetrain/rightOutputLog",0
20.190689,"/intake/pos",0
20.190694,"/intake/output",0
20.190936,"/shooter/rpm",0
20.19096,"/shooter/output",0.1
20.191037,"/shooter/hasBall",true
20.191069,"/shooter/temperature",40
20.191714,"/climber/rightPos",0
20.209516,"/drivetrain/leftPos",0
20.209564,"/drivetrain/leftVelocity",0
20.209582,"/drivetrain/rightPos",0
20.209595,"/drivetrain/rightVelocity",0
20.21005,"/drivetrain/heading",-2.2300000190734863
20.21006,"/drivetrain/headingVelocity",0
20.210066,"/drivetrain/xAcceleration",0
20.210071,"/drivetrain/yAcceleration",0
20.210076,"/drivetrain/leftOutputLog",0
20.21008,"/drivetrain/rightOutputLog",0
20.210373,"/intake/pos",0
20.210406,"/intake/output",0
20.210715,"/shooter/rpm",0
20.210741,"/shooter/output",0.1
20.210779,"/shooter/hasBall",true
20.210803,"/shooter/temperature",40
20.210966,"/climber/rightPos",0
20.22926,"/drivetrain/leftPos",0
20.229277,"/drivetrain/leftVelocity",0
20.229292,"/drivetrain/rightPos",0
20.229303,"/drivetrain/rightVelocity",0
20.229341,"/drivetrain/heading",-2.2300000190734863
20.22935,"/drivetrain/headingVelocity",0.0610351525247097
20.229355,"/drivetrain/xAcceleration",0
20.22936,"/drivetrain/yAcceleration",0
20.229365,"/drivetrain/leftOutputLog",0
20.229368,"/drivetrain/rightOutputLog",0
20.229545,"/intake/pos",0
20.22955,"/intake/output",0
20.229765,"/shooter/rpm",0
20.229788,"/shooter/output",0.1
20.229822,"/shooter/hasBall",true
20.229846,"/shooter/temperature",40
20.230296,"/climber/rightPos",0
20.249257,"/drivetrain/leftPos",0
20.249273,"/drivetrain/leftVelocity",0
20.249289,"/drivetrain/rightPos",0
20.2493,"/drivetrain/rightVelocity",0
20.249345,"/drivetrain/heading",-2.2300000190734863
20.249355,"/drivetrain/headingVelocity",0
20.249361,"/drivetrain/xAcceleration",0
20.249366,"/drivetrain/yAcceleration",0
20.249371,"/drivetrain/leftOutputLog",0
20.249375,"/drivetrain/rightOutputLog",0
20.249648,"/intake/pos",0
20.249653,"/intake/output",0
20.249982,"/shooter/rpm",0
20.250015,"/shooter/output",0.1
20.250109,"/shooter/hasBall",true
20.250168,"/shooter/temperature",40
20.250733,"/climber/rightPos",0
20.270496,"/drivetrain/leftPos",0
20.270516,"/drivetrain/leftVelocity",0
20.270531,"/drivetrain/rightPos",0
20.270543,"/drivetrain/rightVelocity",0
20.270578,"/drivetrain/heading",-2.2300000190734863
20.270587,"/drivetrain/headingVelocity",0
20.270593,"/drivetrain/xAcceleration",0
20.270598,"/drivetrain/yAcceleration",0
20.270603,"/drivetrain/leftOutputLog",0
20.270607,"/drivetrain/rightOutputLog",0
20.27096,"/intake/pos",0
20.270965,"/intake/output",0
20.271333,"/shooter/rpm",0
20.271363,"/shooter/output",0.1
20.271403,"/shooter/hasBall",true
20.271451,"/shooter/temperature",40
20.271662,"/climber/rightPos",0
20.290336,"/drivetrain/leftPos",0
20.290354,"/drivetrain/leftVelocity",0
20.290369,"/drivetrain/rightPos",0
20.290381,"/drivetrain/rightVelocity",0
20.290411,"/drivetrain/heading",-2.2300000190734863
20.290419,"/drivetrain/headingVelocity",0
20.290425,"/drivetrain/xAcceleration",0
20.29043,"/drivetrain/yAcceleration",0
20.290434,"/drivetrain/leftOutputLog",0
20.290438,"/drivetrain/rightOutputLog",0
20.290661,"/intake/pos",0
20.290666,"/intake/output",0
20.290857,"/shooter/rpm",0
20.29088,"/shooter/output",0.1
20.290923,"/shooter/hasBall",true
20.290958,"/shooter/temperature",40
20.291123,"/climber/rightPos",0
20.309271,"/drivetrain/leftPos",0
20.309288,"/drivetrain/leftVelocity",0
20.309303,"/drivetrain/rightPos",0
20.309315,"/drivetrain/rightVelocity",0
20.309359,"/drivetrain/heading",-2.2300000190734863
20.309367,"/drivetrain/headingVelocity",0
20.309373,"/drivetrain/xAcceleration",0
20.309378,"/drivetrain/yAcceleration",0
20.309382,"/drivetrain/leftOutputLog",0
20.309386,"/drivetrain/rightOutputLog",0
20.309665,"/intake/pos",0
20.30967,"/intake/output",0
20.309854,"/shooter/rpm",0
20.309876,"/shooter/output",0.1
20.309911,"/shooter/hasBall",true
20.309954,"/shooter/temperature",40
20.310409,"/climber/rightPos",0
20.329524,"/drivetrain/leftPos",0
20.329544,"/drivetrain/leftVelocity",0
20.329559,"/drivetrain/rightPos",0
20.329571,"/drivetrain/rightVelocity",0
20.329873,"/drivetrain/heading",-2.2300000190734863
20.329884,"/drivetrain/headingVelocity",0
20.32989,"/drivetrain/xAcceleration",0
20.329895,"/drivetrain/yAcceleration",0
20.3299,"/drivetrain/leftOutputLog",0
20.329904,"/drivetrain/rightOutputLog",0
20.33035,"/intake/pos",0
20.330357,"/intake/output",0
20.331669,"/shooter/rpm",0
20.331688,"/shooter/output",0.1
20.331739,"/shooter/hasBall",true
20.331792,"/shooter/temperature",40
20.332085,"/climber/rightPos",0
20.349857,"/drivetrain/leftPos",0
20.349892,"/drivetrain/leftVelocity",0
20.349915,"/drivetrain/rightPos",0
20.349928,"/drivetrain/rightVelocity",0
20.349972,"/drivetrain/heading",-2.2300000190734863
20.349981,"/drivetrain/headingVelocity",0
20.349987,"/drivetrain/xAcceleration",0
20.349992,"/drivetrain/yAcceleration",0
20.349997,"/drivetrain/leftOutputLog",0
20.350001,"/drivetrain/rightOutputLog",0
20.350541,"/intake/pos",0
20.350546,"/intake/output",0
20.350731,"/shooter/rpm",0
20.350753,"/shooter/output",0.1
20.35079,"/shooter/hasBall",true
20.350832,"/shooter/temperature",40
20.351,"/climber/rightPos",0
20.36934,"/drivetrain/leftPos",0
20.369357,"/drivetrain/leftVelocity",0
20.369372,"/drivetrain/rightPos",0
20.369384,"/drivetrain/rightVelocity",0
20.369425,"/drivetrain/heading",-2.2300000190734863
20.369434,"/drivetrain/headingVelocity",0
20.36944,"/drivetrain/xAcceleration",0
20.369445,"/drivetrain/yAcceleration",0
20.369449,"/drivetrain/leftOutputLog",0
20.369453,"/drivetrain/rightOutputLog",0
20.369761,"/intake/pos",0
20.369766,"/intake/output",0
20.370029,"/shooter/rpm",0
20.370061,"/shooter/output",0.1
20.370102,"/shooter/hasBall",true
20.370347,"/shooter/temperature",40
20.370989,"/climber/rightPos",0
20.389427,"/drivetrain/leftPos",0
20.389446,"/drivetrain/leftVelocity",0
20.389462,"/drivetrain/rightPos",0
20.389474,"/drivetrain/rightVelocity",0
20.389523,"/drivetrain/heading",-2.2300000190734863
20.389533,"/drivetrain/headingVelocity",0
20.389539,"/drivetrain/xAcceleration",0
20.389544,"/drivetrain/yAcceleration",0
20.389549,"/drivetrain/leftOutputLog",0
20.389553,"/drivetrain/rightOutputLog",0
20.389952,"/intake/pos",0
20.389957,"/intake/output",0
20.390811,"/shooter/rpm",0
20.390831,"/shooter/output",0.1
20.390867,"/shooter/hasBall",true
20.390909,"/shooter/temperature",40
20.391074,"/climber/rightPos",0
20.409464,"/drivetrain/leftPos",0
20.409482,"/drivetrain/leftVelocity",0
20.409497,"/drivetrain/rightPos",0
20.409509,"/drivetrain/rightVelocity",0
20.40955,"/drivetrain/heading",-2.2300000190734863
20.409559,"/drivetrain/headingVelocity",0
20.409565,"/drivetrain/xAcceleration",0
20.40957,"/drivetrain/yAcceleration",0
20.409575,"/drivetrain/leftOutputLog",0
20.409579,"/drivetrain/rightOutputLog",0
20.409784,"/intake/pos",0
20.409789,"/intake/output",0
20.410478,"/shooter/rpm",0
20.410511,"/shooter/output",0.1
20.410558,"/shooter/hasBall",true
20.411046,"/shooter/temperature",40
20.411254,"/climber/rightPos",0
20.429764,"/drivetrain/leftPos",0
20.430074,"/drivetrain/leftVelocity",0
20.430096,"/drivetrain/rightPos",0
20.430108,"/drivetrain/rightVelocity",0
20.430141,"/drivetrain/heading",-2.2300000190734863
20.43015,"/drivetrain/headingVelocity",0
20.430155,"/drivetrain/xAcceleration",0
20.43016,"/drivetrain/yAcceleration",0
20.430165,"/drivetrain/leftOutputLog",0
20.430169,"/drivetrain/rightOutputLog",0
20.430771,"/intake/pos",0
20.430776,"/intake/output",0
20.431083,"/shooter/rpm",0
20.431104,"/shooter/output",0.1
20.431141,"/shooter/hasBall",true
20.431173,"/shooter/temperature",40
20.431371,"/climber/rightPos",0
20.449302,"/drivetrain/leftPos",0
20.449544,"/drivetrain/leftVelocity",0
20.449592,"/drivetrain/rightPos",0
20.449607,"/drivetrain/rightVelocity",0
20.44988,"/drivetrain/heading",-2.2300000190734863
20.449891,"/drivetrain/headingVelocity",0
20.449897,"/drivetrain/xAcceleration",0
20.449903,"/drivetrain/yAcceleration",0
20.449908,"/drivetrain/leftOutputLog",0
20.449912,"/drivetrain/rightOutputLog",0
20.450169,"/intake/pos",0
20.450174,"/intake/output",0
20.450402,"/shooter/rpm",0
20.450472,"/shooter/output",0.1
20.45051,"/shooter/hasBall",true
20.450535,"/shooter/temperature",40
20.450769,"/climber/rightPos",0
20.469237,"/drivetrain/leftPos",0
20.469254,"/drivetrain/leftVelocity",0
20.46927,"/drivetrain/rightPos",0
20.469282,"/drivetrain/rightVelocity",0
20.469323,"/drivetrain/heading",-2.2300000190734863
20.469332,"/drivetrain/headingVelocity",0
20.469337,"/drivetrain/xAcceleration",0
20.469342,"/drivetrain/yAcceleration",0
20.469347,"/drivetrain/leftOutputLog",0
20.469351,"/drivetrain/rightOutputLog",0
20.469548,"/intake/pos",0
20.469553,"/intake/output",0
20.469792,"/shooter/rpm",0
20.469818,"/shooter/output",0.1
20.469857,"/shooter/hasBall",true
20.469883,"/shooter/temperature",40
20.470075,"/climber/rightPos",0
20.490198,"/drivetrain/leftPos",0
20.490217,"/drivetrain/leftVelocity",0
20.490234,"/drivetrain/rightPos",0
20.490246,"/drivetrain/rightVelocity",0
20.490293,"/drivetrain/heading",-2.2300000190734863
20.490303,"/drivetrain/headingVelocity",0
20.490309,"/drivetrain/xAcceleration",0
20.490314,"/drivetrain/yAcceleration",0
20.490319,"/drivetrain/leftOutputLog",0
20.490323,"/drivetrain/rightOutputLog",0
20.491167,"/intake/pos",0
20.491173,"/intake/output",0
20.4915,"/shooter/rpm",0
20.491526,"/shooter/output",0.1
20.491563,"/shooter/hasBall",true
20.491608,"/shooter/temperature",40
20.491795,"/climber/rightPos",0
20.509241,"/drivetrain/leftPos",0
20.509258,"/drivetrain/leftVelocity",0
20.509273,"/drivetrain/rightPos",0
20.509285,"/drivetrain/rightVelocity",0
20.509326,"/drivetrain/heading",-2.2300000190734863
20.509334,"/drivetrain/headingVelocity",0
20.50934,"/drivetrain/xAcceleration",0
20.509345,"/drivetrain/yAcceleration",0
20.50935,"/drivetrain/leftOutputLog",0
20.509354,"/drivetrain/rightOutputLog",0
20.509606,"/intake/pos",0
20.509611,"/intake/output",0
20.509807,"/shooter/rpm",0
20.509868,"/shooter/output",0.1
20.509905,"/shooter/hasBall",true
20.509995,"/shooter/temperature",40
20.510252,"/climber/rightPos",0
20.53039,"/drivetrain/leftPos",0
20.530407,"/drivetrain/leftVelocity",0
20.530422,"/drivetrain/rightPos",0
20.530434,"/drivetrain/rightVelocity",0
20.530469,"/drivetrain/heading",-2.2300000190734863
20.530478,"/drivetrain/headingVelocity",0
20.530484,"/drivetrain/xAcceleration",0
20.530489,"/drivetrain/yAcceleration",0
20.530494,"/drivetrain/leftOutputLog",0
20.530497,"/drivetrain/rightOutputLog",0
20.530764,"/intake/pos",0
20.530769,"/intake/output",0
20.530972,"/shooter/rpm",0
20.531039,"/shooter/output",0.1
20.531076,"/shooter/hasBall",true
20.531164,"/shooter/temperature",40
20.531386,"/climber/rightPos",0
20.549625,"/drivetrain/leftPos",0
20.549645,"/drivetrain/leftVelocity",0
20.549661,"/drivetrain/rightPos",0
20.549673,"/drivetrain/rightVelocity",0
20.549811,"/drivetrain/heading",-2.2300000190734863
20.549821,"/drivetrain/headingVelocity",0
20.549827,"/drivetrain/xAcceleration",0
20.549832,"/drivetrain/yAcceleration",0
20.549837,"/drivetrain/leftOutputLog",0
20.549841,"/drivetrain/rightOutputLog",0
20.550483,"/intake/pos",0
20.550489,"/intake/output",0
20.550759,"/shooter/rpm",0
20.550784,"/shooter/output",0.1
20.550822,"/shooter/hasBall",true
20.550869,"/shooter/temperature",40
20.551066,"/climber/rightPos",0
20.56953,"/drivetrain/leftPos",0
20.569549,"/drivetrain/leftVelocity",0
20.569564,"/drivetrain/rightPos",0
20.569577,"/drivetrain/rightVelocity",0
20.56962,"/drivetrain/heading",-2.2300000190734863
20.569628,"/drivetrain/headingVelocity",0
20.569634,"/drivetrain/xAcceleration",0
20.569639,"/drivetrain/yAcceleration",0
20.569644,"/drivetrain/leftOutputLog",0
20.569648,"/drivetrain/rightOutputLog",0
20.569845,"/intake/pos",0
20.56985,"/intake/output",0
20.57008,"/shooter/rpm",0
20.570103,"/shooter/output",0.1
20.570139,"/shooter/hasBall",true
20.570182,"/shooter/temperature",40
20.570369,"/climber/rightPos",0
20.589279,"/drivetrain/leftPos",0
20.589296,"/drivetrain/leftVelocity",0
20.589311,"/drivetrain/rightPos",0
20.589323,"/drivetrain/rightVelocity",0
20.589363,"/drivetrain/heading",-2.2300000190734863
20.589372,"/drivetrain/headingVelocity",0
20.589378,"/drivetrain/xAcceleration",0
20.589383,"/drivetrain/yAcceleration",0
20.589387,"/drivetrain/leftOutputLog",0
20.589391,"/drivetrain/rightOutputLog",0
20.58959,"/intake/pos",0
20.589595,"/intake/output",0
20.589784,"/shooter/rpm",0
20.589806,"/shooter/output",0.1
20.589839,"/shooter/hasBall",true
20.58988,"/shooter/temperature",40
20.590065,"/climber/rightPos",0
20.609862,"/drivetrain/leftPos",0
20.60988,"/drivetrain/leftVelocity",0
20.609896,"/drivetrain/rightPos",0
20.609908,"/drivetrain/rightVelocity",0
20.609943,"/drivetrain/heading",-2.2300000190734863
20.609953,"/drivetrain/headingVelocity",0
20.609958,"/drivetrain/xAcceleration",0
20.609963,"/drivetrain/yAcceleration",0
20.609968,"/drivetrain/leftOutputLog",0
20.609972,"/drivetrain/rightOutputLog",0
20.610268,"/intake/pos",0
20.610273,"/intake/output",0
20.610513,"/shooter/rpm",0
20.610535,"/shooter/output",0.1
20.610572,"/shooter/hasBall",true
20.610608,"/shooter/temperature",40
20.610939,"/climber/rightPos",0
20.629739,"/drivetrain/leftPos",0
20.62976,"/drivetrain/leftVelocity",0
20.629776,"/drivetrain/rightPos",0
20.629787,"/drivetrain/rightVelocity",0
20.62983,"/drivetrain/heading",-2.2300000190734863
20.629839,"/drivetrain/headingVelocity",0
20.629845,"/drivetrain/xAcceleration",0
20.62985,"/drivetrain/yAcceleration",0
20.629855,"/drivetrain/leftOutputLog",0
20.629859,"/drivetrain/rightOutputLog",0
20.630068,"/intake/pos",0
20.630072,"/intake/output",0
20.630297,"/shooter/rpm",0
20.630318,"/shooter/output",0.1
20.630353,"/shooter/hasBall",true
20.630388,"/shooter/temperature",40
20.630541,"/climber/rightPos",0
20.650021,"/drivetrain/leftPos",0
20.65004,"/drivetrain/leftVelocity",0
20.650057,"/drivetrain/rightPos",0
20.650069,"/drivetrain/rightVelocity",0
20.650117,"/drivetrain/heading",-2.2200000286102295
20.650127,"/drivetrain/headingVelocity",0
20.650133,"/drivetrain/xAcceleration",0
20.650139,"/drivetrain/yAcceleration",0
20.650144,"/drivetrain/leftOutputLog",0
20.650148,"/drivetrain/rightOutputLog",0
20.650668,"/intake/pos",0
20.650673,"/intake/output",0
20.65103,"/shooter/rpm",0
20.651118,"/shooter/output",0.1
20.651157,"/shooter/hasBall",true
20.651196,"/shooter/temperature",40
20.65136,"/climber/rightPos",0
20.671157,"/drivetrain/leftPos",0
20.671176,"/drivetrain/leftVelocity",0
20.671192,"/drivetrain/rightPos",0
20.671369,"/drivetrain/rightVelocity",0
20.671413,"/drivetrain/heading",-2.2200000286102295
20.671495,"/drivetrain/headingVelocity",0
20.671501,"/drivetrain/xAcceleration",0
20.671506,"/drivetrain/yAcceleration",0
20.671511,"/drivetrain/leftOutputLog",0
20.671516,"/drivetrain/rightOutputLog",0
20.672209,"/intake/pos",0
20.672214,"/intake/output",0
20.672474,"/shooter/rpm",0
20.672502,"/shooter/output",0.1
20.67254,"/shooter/hasBall",true
20.672571,"/shooter/temperature",40
20.672749,"/climber/rightPos",0
20.689295,"/drivetrain/leftPos",0
20.689311,"/drivetrain/leftVelocity",0
20.689327,"/drivetrain/rightPos",0
20.689338,"/drivetrain/rightVelocity",0
20.689378,"/drivetrain/heading",-2.2200000286102295
20.689386,"/drivetrain/headingVelocity",0
20.689392,"/drivetrain/xAcceleration",0
20.689397,"/drivetrain/yAcceleration",0
20.689402,"/drivetrain/leftOutputLog",0
20.689405,"/drivetrain/rightOutputLog",0
20.689662,"/intake/pos",0
20.689667,"/intake/output",0
20.690216,"/shooter/rpm",0
20.690249,"/shooter/output",0.1
20.690301,"/shooter/hasBall",true
20.690327,"/shooter/temperature",40
20.690752,"/climber/rightPos",0
20.70932,"/drivetrain/leftPos",0
20.709337,"/drivetrain/leftVelocity",0
20.709352,"/drivetrain/rightPos",0
20.709363,"/drivetrain/rightVelocity",0
20.709406,"/drivetrain/heading",-2.2200000286102295
20.709415,"/drivetrain/headingVelocity",0
20.709421,"/drivetrain/xAcceleration",0
20.709426,"/drivetrain/yAcceleration",0
20.709431,"/drivetrain/leftOutputLog",0
20.709435,"/drivetrain/rightOutputLog",0
20.709705,"/intake/pos",0
20.70971,"/intake/output",0
20.709919,"/shooter/rpm",0
20.709979,"/shooter/output",0.1
20.710017,"/shooter/hasBall",true
20.710043,"/shooter/temperature",40
20.710276,"/climber/rightPos",0
20.729329,"/drivetrain/leftPos",0
20.729347,"/drivetrain/leftVelocity",0
20.729361,"/drivetrain/rightPos",0
20.729373,"/drivetrain/rightVelocity",0
20.729414,"/drivetrain/heading",-2.2300000190734863
20.729424,"/drivetrain/headingVelocity",0
20.729429,"/drivetrain/xAcceleration",0
20.729435,"/drivetrain/yAcceleration",0
20.729439,"/drivetrain/leftOutputLog",0
20.729443,"/drivetrain/rightOutputLog",0
20.729976,"/intake/pos",0
20.729984,"/intake/output",0
20.731635,"/shooter/rpm",0
20.73166,"/shooter/output",0.1
20.7317,"/shooter/hasBall",true
20.731752,"/shooter/temperature",40
20.732024,"/climber/rightPos",0
20.75046,"/drivetrain/leftPos",0
20.750478,"/drivetrain/leftVelocity",0
20.750493,"/drivetrain/rightPos",0
20.750504,"/drivetrain/rightVelocity",0
20.750539,"/drivetrain/heading",-2.2300000190734863
20.750547,"/drivetrain/headingVelocity",0
20.750553,"/drivetrain/xAcceleration",0
20.750557,"/drivetrain/yAcceleration",0
20.750562,"/drivetrain/leftOutputLog",0
20.750566,"/drivetrain/rightOutputLog",0
20.750756,"/intake/pos",0
20.750761,"/intake/output",0
20.751007,"/shooter/rpm",0
20.751032,"/shooter/output",0.1
20.751077,"/shooter/hasBall",true
20.751115,"/shooter/temperature",40
20.751289,"/climber/rightPos",0
20.769273,"/drivetrain/leftPos",0
20.76929,"/drivetrain/leftVelocity",0
20.769306,"/drivetrain/rightPos",0
20.769318,"/drivetrain/rightVelocity",0
20.769361,"/drivetrain/heading",-2.2200000286102295
20.769369,"/drivetrain/headingVelocity",0
20.769375,"/drivetrain/xAcceleration",0
20.76938,"/drivetrain/yAcceleration",0
20.769385,"/drivetrain/leftOutputLog",0
20.769389,"/drivetrain/rightOutputLog",0
20.76962,"/intake/pos",0
20.769625,"/intake/output",0
20.770229,"/shooter/rpm",0
20.770264,"/shooter/output",0.1
20.770311,"/shooter/hasBall",true
20.770362,"/shooter/temperature",40
20.770738,"/climber/rightPos",0
20.789306,"/drivetrain/leftPos",0
20.789323,"/drivetrain/leftVelocity",0
20.789339,"/drivetrain/rightPos",0
20.78935,"/drivetrain/rightVelocity",0
20.78939,"/drivetrain/heading",-2.2200000286102295
20.7894,"/drivetrain/headingVelocity",0
20.789406,"/drivetrain/xAcceleration",0
20.789411,"/drivetrain/yAcceleration",0
20.789416,"/drivetrain/leftOutputLog",0
20.78942,"/drivetrain/rightOutputLog",0
20.789644,"/intake/pos",0
20.789649,"/intake/output",0
20.789857,"/shooter/rpm",0
20.789879,"/shooter/output",0.1
20.789913,"/shooter/hasBall",true
20.790919,"/shooter/temperature",40
20.791765,"/climber/rightPos",0
20.809248,"/drivetrain/leftPos",0
20.809265,"/drivetrain/leftVelocity",0
20.80928,"/drivetrain/rightPos",0
20.809292,"/drivetrain/rightVelocity",0
20.80933,"/drivetrain/heading",-2.2300000190734863
20.809339,"/drivetrain/headingVelocity",0.54931640625
20.809345,"/drivetrain/xAcceleration",0.026000000536441803
20.80935,"/drivetrain/yAcceleration",-0.026000000536441803
20.809354,"/drivetrain/leftOutputLog",0
20.809358,"/drivetrain/rightOutputLog",0
20.80961,"/intake/pos",0
20.809615,"/intake/output",0
20.809812,"/shooter/rpm",0
20.809873,"/shooter/output",0.1
20.809917,"/shooter/hasBall",true
20.810074,"/shooter/temperature",40
20.810512,"/climber/rightPos",0
20.830522,"/drivetrain/leftPos",0
20.83054,"/drivetrain/leftVelocity",0
20.830556,"/drivetrain/rightPos",0
20.830567,"/drivetrain/rightVelocity",0
20.830599,"/drivetrain/heading",-2.25
20.830607,"/drivetrain/headingVelocity",0.8544921278953552
20.830613,"/drivetrain/xAcceleration",-0.02500000037252903
20.830618,"/drivetrain/yAcceleration",0.013000000268220901
20.830622,"/drivetrain/leftOutputLog",0
20.830626,"/drivetrain/rightOutputLog",0
20.830836,"/intake/pos",0
20.830841,"/intake/output",0
20.831059,"/shooter/rpm",0
20.831136,"/shooter/output",0.1
20.831173,"/shooter/hasBall",true
20.831211,"/shooter/temperature",40
20.831435,"/climber/rightPos",0
20.849451,"/drivetrain/leftPos",0
20.849469,"/drivetrain/leftVelocity",0
20.849486,"/drivetrain/rightPos",0
20.849497,"/drivetrain/rightVelocity",0
20.849543,"/drivetrain/heading",-2.25
20.849553,"/drivetrain/headingVelocity",0.4272460639476776
20.84956,"/drivetrain/xAcceleration",-0.04100000113248825
20.849565,"/drivetrain/yAcceleration",0.012000000104308128
20.84957,"/drivetrain/leftOutputLog",0
20.849574,"/drivetrain/rightOutputLog",0
20.850488,"/intake/pos",0
20.850494,"/intake/output",0
20.851013,"/shooter/rpm",0
20.851032,"/shooter/output",0.1
20.851071,"/shooter/hasBall",true
20.85111,"/shooter/temperature",40
20.851316,"/climber/rightPos",0
20.869395,"/drivetrain/leftPos",0
20.869418,"/drivetrain/leftVelocity",0
20.869435,"/drivetrain/rightPos",0
20.869447,"/drivetrain/rightVelocity",0
20.86949,"/drivetrain/heading",-2.240000009536743
20.869499,"/drivetrain/headingVelocity",-0.3662109076976776
20.869506,"/drivetrain/xAcceleration",0.00800000037997961
20.869511,"/drivetrain/yAcceleration",0.014999999664723873
20.869516,"/drivetrain/leftOutputLog",0
20.86952,"/drivetrain/rightOutputLog",0
20.869999,"/intake/pos",0
20.870004,"/intake/output",0
20.870419,"/shooter/rpm",0
20.870526,"/shooter/output",0.1
20.870574,"/shooter/hasBall",true
20.8706,"/shooter/temperature",40
20.871196,"/climber/rightPos",0
20.88927,"/drivetrain/leftPos",0
20.889286,"/drivetrain/leftVelocity",0
20.889303,"/drivetrain/rightPos",0
20.889314,"/drivetrain/rightVelocity",0
20.889356,"/drivetrain/heading",-2.240000009536743
20.889365,"/drivetrain/headingVelocity",-0.4272460639476776
20.889371,"/drivetrain/xAcceleration",0
20.889376,"/drivetrain/yAcceleration",0.003000000026077032
20.889381,"/drivetrain/leftOutputLog",0
20.889384,"/drivetrain/rightOutputLog",0
20.889642,"/intake/pos",0
20.889647,"/intake/output",0
20.8899,"/shooter/rpm",0
20.889923,"/shooter/output",0.1
20.889958,"/shooter/hasBall",true
20.889994,"/shooter/temperature",40
20.890141,"/climber/rightPos",0
20.909386,"/drivetrain/leftPos",0
20.909415,"/drivetrain/leftVelocity",0
20.909433,"/drivetrain/rightPos",0
20.909444,"/drivetrain/rightVelocity",0
20.909494,"/drivetrain/heading",-2.2300000190734863
20.909503,"/drivetrain/headingVelocity",-0.1831054538488388
20.90951,"/drivetrain/xAcceleration",-0.007000000216066837
20.909515,"/drivetrain/yAcceleration",0
20.90952,"/drivetrain/leftOutputLog",0
20.909524,"/drivetrain/rightOutputLog",0
20.910756,"/intake/pos",0
20.910762,"/intake/output",0
20.911071,"/shooter/rpm",0
20.911095,"/shooter/output",0.1
20.911135,"/shooter/hasBall",true
20.911166,"/shooter/temperature",40
20.911366,"/climber/rightPos",0
20.929456,"/drivetrain/leftPos",0
20.929475,"/drivetrain/leftVelocity",0
20.930134,"/drivetrain/rightPos",0
20.930151,"/drivetrain/rightVelocity",0
20.930198,"/drivetrain/heading",-2.2300000190734863
20.930207,"/drivetrain/headingVelocity",0
20.930213,"/drivetrain/xAcceleration",0.007000000216066837
20.930219,"/drivetrain/yAcceleration",-0.02199999988079071
20.930224,"/drivetrain/leftOutputLog",0
20.930228,"/drivetrain/rightOutputLog",0
20.930452,"/intake/pos",0
20.930457,"/intake/output",0
20.9308,"/shooter/rpm",0
20.930825,"/shooter/output",0.1
20.930873,"/shooter/hasBall",true
20.930898,"/shooter/temperature",40
20.931151,"/climber/rightPos",0
20.949769,"/drivetrain/leftPos",0
20.949789,"/drivetrain/leftVelocity",0
20.949804,"/drivetrain/rightPos",0
20.949816,"/drivetrain/rightVelocity",0
20.949865,"/drivetrain/heading",-2.240000009536743
20.949874,"/drivetrain/headingVelocity",0.2441406100988388
20.94988,"/drivetrain/xAcceleration",0.00800000037997961
20.949885,"/drivetrain/yAcceleration",-0.017000000923871994
20.94989,"/drivetrain/leftOutputLog",0
20.949894,"/drivetrain/rightOutputLog",0
20.950312,"/intake/pos",0
20.950317,"/intake/output",0
20.950722,"/shooter/rpm",0
20.950751,"/shooter/output",0.1
20.950798,"/shooter/hasBall",true
20.950825,"/shooter/temperature",40
20.951094,"/climber/rightPos",0
20.969388,"/drivetrain/leftPos",0
20.969406,"/drivetrain/leftVelocity",0
20.969559,"/drivetrain/rightPos",0
20.969574,"/drivetrain/rightVelocity",0
20.969667,"/drivetrain/heading",-2.240000009536743
20.969677,"/drivetrain/headingVelocity",0.30517578125
20.969683,"/drivetrain/xAcceleration",-0.012000000104308128
20.969688,"/drivetrain/yAcceleration",0
20.969694,"/drivetrain/leftOutputLog",0
20.969698,"/drivetrain/rightOutputLog",0
20.970271,"/intake/pos",0
20.970277,"/intake/output",0
20.970593,"/shooter/rpm",0
20.970676,"/shooter/output",0.1
20.970718,"/shooter/hasBall",true
20.970826,"/shooter/temperature",40
20.971631,"/climber/rightPos",0
20.989257,"/drivetrain/leftPos",0
20.989274,"/drivetrain/leftVelocity",0
20.98929,"/drivetrain/rightPos",0
20.989301,"/drivetrain/rightVelocity",0
20.989342,"/drivetrain/heading",-2.25
20.98935,"/drivetrain/headingVelocity",0.2441406100988388
20.989356,"/drivetrain/xAcceleration",0.006000000052154064
20.989361,"/drivetrain/yAcceleration",0.010999999940395355
20.989365,"/drivetrain/leftOutputLog",0
20.989369,"/drivetrain/rightOutputLog",0
20.989622,"/intake/pos",0
20.989627,"/intake/output",0
20.989823,"/shooter/rpm",0
20.989882,"/shooter/output",0.1
20.989926,"/shooter/hasBall",true
20.989966,"/shooter/temperature",40
20.99023,"/climber/rightPos",0
21.009429,"/drivetrain/leftPos",0
21.00945,"/drivetrain/leftVelocity",0
21.009466,"/drivetrain/rightPos",0
21.009478,"/drivetrain/rightVelocity",0
21.009845,"/drivetrain/heading",-2.259999990463257
21.009857,"/drivetrain/headingVelocity",0.2441406100988388
21.009878,"/drivetrain/xAcceleration",0
21.009886,"/drivetrain/yAcceleration",0
21.009892,"/drivetrain/leftOutputLog",0
21.009896,"/drivetrain/rightOutputLog",0
21.010495,"/intake/pos",0
21.010502,"/intake/output",0
21.011172,"/shooter/rpm",0
21.011191,"/shooter/output",0.1
21.01123,"/shooter/hasBall",true
21.01128,"/shooter/temperature",40
21.011446,"/climber/rightPos",0
21.0301,"/drivetrain/leftPos",0
21.030121,"/drivetrain/leftVelocity",0
21.030137,"/drivetrain/rightPos",0
21.03015,"/drivetrain/rightVelocity",0
21.030187,"/drivetrain/heading",-2.259999990463257
21.030196,"/drivetrain/headingVelocity",0.30517578125
21.030202,"/drivetrain/xAcceleration",0
21.030208,"/drivetrain/yAcceleration",-0.008999999612569809
21.030212,"/drivetrain/leftOutputLog",0
21.030216,"/drivetrain/rightOutputLog",0
21.030774,"/intake/pos",0
21.03078,"/intake/output",0
21.030998,"/shooter/rpm",0
21.031023,"/shooter/output",0.1
21.031061,"/shooter/hasBall",true
21.031117,"/shooter/temperature",40
21.031337,"/climber/rightPos",0
21.049452,"/drivetrain/leftPos",0
21.049471,"/drivetrain/leftVelocity",0
21.049487,"/drivetrain/rightPos",0
21.049499,"/drivetrain/rightVelocity",0
21.049596,"/drivetrain/heading",-2.2899999618530273
21.049607,"/drivetrain/headingVelocity",0.6713866591453552
21.049613,"/drivetrain/xAcceleration",-0.004000000189989805
21.049618,"/drivetrain/yAcceleration",-0.010999999940395355
21.049623,"/drivetrain/leftOutputLog",0
21.049627,"/drivetrain/rightOutputLog",0
21.05005,"/intake/pos",0
21.050056,"/intake/output",0
21.050706,"/shooter/rpm",0
21.050734,"/shooter/output",0.1
21.050783,"/shooter/hasBall",true
21.050838,"/shooter/temperature",40
21.051074,"/climber/rightPos",0
21.069809,"/drivetrain/leftPos",0
21.070068,"/drivetrain/leftVelocity",0
21.070092,"/drivetrain/rightPos",0
21.070106,"/drivetrain/rightVelocity",0
21.070138,"/drivetrain/heading",-2.299999952316284
21.070147,"/drivetrain/headingVelocity",0.6713866591453552
21.070152,"/drivetrain/xAcceleration",0
21.070157,"/drivetrain/yAcceleration",-0.004999999888241291
21.070162,"/drivetrain/leftOutputLog",0
21.070166,"/drivetrain/rightOutputLog",0
21.070362,"/intake/pos",0
21.070367,"/intake/output",0
21.070612,"/shooter/rpm",0
21.070634,"/shooter/output",0.1
21.07067,"/shooter/hasBall",true
21.070707,"/shooter/temperature",40
21.070877,"/climber/rightPos",0
21.08956,"/drivetrain/leftPos",0
21.08958,"/drivetrain/leftVelocity",0
21.089595,"/drivetrain/rightPos",0
21.089607,"/drivetrain/rightVelocity",0
21.089639,"/drivetrain/heading",-2.309999942779541
21.089648,"/drivetrain/headingVelocity",0.7934569716453552
21.089655,"/drivetrain/xAcceleration",0.003000000026077032
21.08966,"/drivetrain/yAcceleration",-0.003000000026077032
21.089664,"/drivetrain/leftOutputLog",0
21.089668,"/drivetrain/rightOutputLog",0
21.089912,"/intake/pos",0
21.089918,"/intake/output",0
21.090509,"/shooter/rpm",0
21.090541,"/shooter/output",0.1
21.090583,"/shooter/hasBall",true
21.090629,"/shooter/temperature",40
21.091144,"/climber/rightPos",0
21.10935,"/drivetrain/leftPos",0
21.109366,"/drivetrain/leftVelocity",0
21.109381,"/drivetrain/rightPos",0
21.109393,"/drivetrain/rightVelocity",0
21.109427,"/drivetrain/heading",-2.3399999141693115
21.109436,"/drivetrain/headingVelocity",1.03759765625
21.109441,"/drivetrain/xAcceleration",-0.006000000052154064
21.109446,"/drivetrain/yAcceleration",0.003000000026077032
21.109451,"/drivetrain/leftOutputLog",0
21.109455,"/drivetrain/rightOutputLog",0
21.10964,"/intake/pos",0
21.109644,"/intake/output",0
21.109984,"/shooter/rpm",0
21.11001,"/shooter/output",0.1
21.110988,"/shooter/hasBall",true
21.11105,"/shooter/temperature",40
21.11126,"/climber/rightPos",0
21.129628,"/drivetrain/leftPos",0
21.129668,"/drivetrain/leftVelocity",0
21.12969,"/drivetrain/rightPos",0
21.129703,"/drivetrain/rightVelocity",0
21.130313,"/drivetrain/heading",-2.359999895095825
21.130324,"/drivetrain/headingVelocity",0.9765624403953552
21.13033,"/drivetrain/xAcceleration",0
21.130336,"/drivetrain/yAcceleration",0.006000000052154064
21.130342,"/drivetrain/leftOutputLog",0
21.130346,"/drivetrain/rightOutputLog",0
21.13056,"/intake/pos",0
21.130565,"/intake/output",0
21.130829,"/shooter/rpm",0
21.130852,"/shooter/output",0.1
21.130889,"/shooter/hasBall",true
21.130931,"/shooter/temperature",40
21.131091,"/climber/rightPos",0
21.14928,"/drivetrain/leftPos",0
21.149297,"/drivetrain/leftVelocity",0
21.149313,"/drivetrain/rightPos",0
21.149325,"/drivetrain/rightVelocity",0
21.149361,"/drivetrain/heading",-2.369999885559082
21.14937,"/drivetrain/headingVelocity",0.8544921278953552
21.149376,"/drivetrain/xAcceleration",0
21.149381,"/drivetrain/yAcceleration",0.00800000037997961
21.149386,"/drivetrain/leftOutputLog",0
21.14939,"/drivetrain/rightOutputLog",0
21.14969,"/intake/pos",0
21.149695,"/intake/output",0
21.149875,"/shooter/rpm",0
21.149898,"/shooter/output",0.1
21.149933,"/shooter/hasBall",true
21.149956,"/shooter/temperature",40
21.150335,"/climber/rightPos",0
21.169317,"/drivetrain/leftPos",0
21.169336,"/drivetrain/leftVelocity",0
21.169351,"/drivetrain/rightPos",0
21.169363,"/drivetrain/rightVelocity",0
21.169409,"/drivetrain/heading",-2.390000104904175
21.169419,"/drivetrain/headingVelocity",0.30517578125
21.169597,"/drivetrain/xAcceleration",0.003000000026077032
21.169605,"/drivetrain/yAcceleration",0.017999999225139618
21.16961,"/drivetrain/leftOutputLog",0
21.169614,"/drivetrain/rightOutputLog",0
21.170262,"/intake/pos",0
21.170268,"/intake/output",0
21.171088,"/shooter/rpm",0
21.171107,"/shooter/output",0.1
21.17115,"/shooter/hasBall",true
21.171184,"/shooter/temperature",40
21.171373,"/climber/rightPos",0
21.189293,"/drivetrain/leftPos",0
21.18931,"/drivetrain/leftVelocity",0
21.189325,"/drivetrain/rightPos",0
21.189337,"/drivetrain/rightVelocity",0
21.189381,"/drivetrain/heading",-2.390000104904175
21.18939,"/drivetrain/headingVelocity",0.0610351525247097
21.189395,"/drivetrain/xAcceleration",0
21.1894,"/drivetrain/yAcceleration",0.017999999225139618
21.189405,"/drivetrain/leftOutputLog",0
21.189409,"/drivetrain/rightOutputLog",0
21.189611,"/intake/pos",0
21.189616,"/intake/output",0
21.190322,"/shooter/rpm",0
21.190351,"/shooter/output",0.1
21.190395,"/shooter/hasBall",true
21.190421,"/shooter/temperature",40
21.190693,"/climber/rightPos",0
21.209291,"/drivetrain/leftPos",0
21.209309,"/drivetrain/leftVelocity",0
21.209329,"/drivetrain/rightPos",0
21.209343,"/drivetrain/rightVelocity",0
21.209898,"/drivetrain/heading",-2.380000114440918
21.209911,"/drivetrain/headingVelocity",-0.1831054538488388
21.209917,"/drivetrain/xAcceleration",0
21.209922,"/drivetrain/yAcceleration",0.010999999940395355
21.209927,"/drivetrain/leftOutputLog",0
21.209931,"/drivetrain/rightOutputLog",0
21.210768,"/intake/pos",0
21.210773,"/intake/output",0
21.211117,"/shooter/rpm",0
21.211145,"/shooter/output",0.1
21.21119,"/shooter/hasBall",true
21.211296,"/shooter/temperature",40
21.211491,"/climber/rightPos",0
21.230379,"/drivetrain/leftPos",0
21.230398,"/drivetrain/leftVelocity",0
21.230415,"/drivetrain/rightPos",0
21.230426,"/drivetrain/rightVelocity",0
21.230459,"/drivetrain/heading",-2.369999885559082
21.230467,"/drivetrain/headingVelocity",-0.4272460639476776
21.230473,"/drivetrain/xAcceleration",0
21.230478,"/drivetrain/yAcceleration",0.003000000026077032
21.230483,"/drivetrain/leftOutputLog",0
21.230487,"/drivetrain/rightOutputLog",0
21.230687,"/intake/pos",0
21.230691,"/intake/output",0
21.230896,"/shooter/rpm",0
21.230962,"/shooter/output",0.1
21.231002,"/shooter/hasBall",true
21.231048,"/shooter/temperature",40
21.231213,"/climber/rightPos",0
21.249266,"/drivetrain/leftPos",0
21.249285,"/drivetrain/leftVelocity",0
21.249301,"/drivetrain/rightPos",0
21.249312,"/drivetrain/rightVelocity",0
21.24935,"/drivetrain/heading",-2.359999895095825
21.249358,"/drivetrain/headingVelocity",-0.4882812201976776
21.249364,"/drivetrain/xAcceleration",0
21.249369,"/drivetrain/yAcceleration",0
21.249374,"/drivetrain/leftOutputLog",0
21.249377,"/drivetrain/rightOutputLog",0
21.249562,"/intake/pos",0
21.249566,"/intake/output",0
21.249808,"/shooter/rpm",0
21.249833,"/shooter/output",0.1
21.249869,"/shooter/hasBall",true
21.249912,"/shooter/temperature",40
21.2501,"/climber/rightPos",0
21.269562,"/drivetrain/leftPos",0
21.269582,"/drivetrain/leftVelocity",0
21.2696,"/drivetrain/rightPos",0
21.269612,"/drivetrain/rightVelocity",0
21.269852,"/drivetrain/heading",-2.359999895095825
21.269944,"/drivetrain/headingVelocity",-0.4882812201976776
21.269954,"/drivetrain/xAcceleration",0
21.269959,"/drivetrain/yAcceleration",-0.007000000216066837
21.269965,"/drivetrain/leftOutputLog",0
21.269969,"/drivetrain/rightOutputLog",0
21.270659,"/intake/pos",0
21.270664,"/intake/output",0
21.270987,"/shooter/rpm",0
21.271016,"/shooter/output",0.1
21.271055,"/shooter/hasBall",true
21.271098,"/shooter/temperature",40
21.271303,"/climber/rightPos",0
21.289352,"/drivetrain/leftPos",0
21.289368,"/drivetrain/leftVelocity",0
21.289383,"/drivetrain/rightPos",0
21.289394,"/drivetrain/rightVelocity",0
21.289433,"/drivetrain/heading",-2.3399999141693115
21.289442,"/drivetrain/headingVelocity",-0.3662109076976776
21.289448,"/drivetrain/xAcceleration",0
21.289453,"/drivetrain/yAcceleration",-0.008999999612569809
21.289457,"/drivetrain/leftOutputLog",0
21.289461,"/drivetrain/rightOutputLog",0
21.289687,"/intake/pos",0
21.289692,"/intake/output",0
21.290317,"/shooter/rpm",0
21.290345,"/shooter/output",0.1
21.290386,"/shooter/hasBall",true
21.290439,"/shooter/temperature",40
21.290725,"/climber/rightPos",0
21.309533,"/drivetrain/leftPos",0
21.309551,"/drivetrain/leftVelocity",0
21.309567,"/drivetrain/rightPos",0
21.309579,"/drivetrain/rightVelocity",0
21.309625,"/drivetrain/heading",-2.3399999141693115
21.309635,"/drivetrain/headingVelocity",-0.1831054538488388
21.309641,"/drivetrain/xAcceleration",0
21.309646,"/drivetrain/yAcceleration",-0.003000000026077032
21.309811,"/drivetrain/leftOutputLog",0
21.309816,"/drivetrain/rightOutputLog",0
21.310688,"/intake/pos",0
21.310694,"/intake/output",0
21.310926,"/shooter/rpm",0
21.310957,"/shooter/output",0.1
21.310997,"/shooter/hasBall",true
21.311044,"/shooter/temperature",40
21.311247,"/climber/rightPos",0
21.329791,"/drivetrain/leftPos",0
21.32981,"/drivetrain/leftVelocity",0
21.329825,"/drivetrain/rightPos",0
21.330349,"/drivetrain/rightVelocity",0
21.330382,"/drivetrain/heading",-2.3399999141693115
21.330391,"/drivetrain/headingVelocity",-0.0610351525247097
21.330397,"/drivetrain/xAcceleration",-0.003000000026077032
21.330402,"/drivetrain/yAcceleration",0
21.330407,"/drivetrain/leftOutputLog",0
21.330411,"/drivetrain/rightOutputLog",0
21.330673,"/intake/pos",0
21.330679,"/intake/output",0
21.330909,"/shooter/rpm",0
21.330932,"/shooter/output",0.1
21.330968,"/shooter/hasBall",true
21.331004,"/shooter/temperature",40
21.331327,"/climber/rightPos",0
21.349368,"/drivetrain/leftPos",0
21.349388,"/drivetrain/leftVelocity",0
21.349451,"/drivetrain/rightPos",0
21.349471,"/drivetrain/rightVelocity",0
21.349966,"/drivetrain/heading",-2.3299999237060547
21.349983,"/drivetrain/headingVelocity",-0.0610351525247097
21.350002,"/drivetrain/xAcceleration",0.003000000026077032
21.350017,"/drivetrain/yAcceleration",0.004000000189989805
21.350023,"/drivetrain/leftOutputLog",0
21.350027,"/drivetrain/rightOutputLog",0
21.350724,"/intake/pos",0
21.350729,"/intake/output",0
21.350937,"/shooter/rpm",0
21.350999,"/shooter/output",0.1
21.351036,"/shooter/hasBall",true
21.351073,"/shooter/temperature",40
21.351236,"/climber/rightPos",0
21.369262,"/drivetrain/leftPos",0
21.36928,"/drivetrain/leftVelocity",0
21.369296,"/drivetrain/rightPos",0
21.369308,"/drivetrain/rightVelocity",0
21.369349,"/drivetrain/heading",-2.3299999237060547
21.369358,"/drivetrain/headingVelocity",-0.1220703050494194
21.369364,"/drivetrain/xAcceleration",0
21.369369,"/drivetrain/yAcceleration",0
21.369374,"/drivetrain/leftOutputLog",0
21.369378,"/drivetrain/rightOutputLog",0
21.369572,"/intake/pos",0
21.369577,"/intake/output",0
21.369803,"/shooter/rpm",0
21.369826,"/shooter/output",0.1
21.369861,"/shooter/hasBall",true
21.369886,"/shooter/temperature",40
21.37063,"/climber/rightPos",0
21.389503,"/drivetrain/leftPos",0
21.389521,"/drivetrain/leftVelocity",0
21.389536,"/drivetrain/rightPos",0
21.389547,"/drivetrain/rightVelocity",0
21.389586,"/drivetrain/heading",-2.3299999237060547
21.389596,"/drivetrain/headingVelocity",-0.1220703050494194
21.389602,"/drivetrain/xAcceleration",0
21.389607,"/drivetrain/yAcceleration",0
21.389612,"/drivetrain/leftOutputLog",0
21.389615,"/drivetrain/rightOutputLog",0
21.389824,"/intake/pos",0
21.389829,"/intake/output",0
21.390034,"/shooter/rpm",0
21.390056,"/shooter/output",0.1
21.39009,"/shooter/hasBall",true
21.39012,"/shooter/temperature",40
21.390289,"/climber/rightPos",0
21.409679,"/drivetrain/leftPos",0
21.409696,"/drivetrain/leftVelocity",0
21.409711,"/drivetrain/rightPos",0
21.409722,"/drivetrain/rightVelocity",0
21.409769,"/drivetrain/heading",-2.319999933242798
21.409778,"/drivetrain/headingVelocity",-0.1220703050494194
21.409784,"/drivetrain/xAcceleration",0
21.40979,"/drivetrain/yAcceleration",0
21.409794,"/drivetrain/leftOutputLog",0
21.409798,"/drivetrain/rightOutputLog",0
21.410422,"/intake/pos",0
21.410427,"/intake/output",0
21.410734,"/shooter/rpm",0
21.410758,"/shooter/output",0.1
21.410795,"/shooter/hasBall",true
21.41082,"/shooter/temperature",40
21.41107,"/climber/rightPos",0
21.430513,"/drivetrain/leftPos",0
21.43053,"/drivetrain/leftVelocity",0
21.430545,"/drivetrain/rightPos",0
21.430557,"/drivetrain/rightVelocity",0
21.43059,"/drivetrain/heading",-2.319999933242798
21.430599,"/drivetrain/headingVelocity",-0.1220703050494194
21.430605,"/drivetrain/xAcceleration",0
21.43061,"/drivetrain/yAcceleration",0
21.430615,"/drivetrain/leftOutputLog",0
21.430618,"/drivetrain/rightOutputLog",0
21.431253,"/intake/pos",0
21.431259,"/intake/output",0
21.431514,"/shooter/rpm",0
21.431543,"/shooter/output",0.1
21.43158,"/shooter/hasBall",true
21.431603,"/shooter/temperature",40
21.431783,"/climber/rightPos",0
21.449464,"/drivetrain/leftPos",0
21.449483,"/drivetrain/leftVelocity",0
21.449498,"/drivetrain/rightPos",0
21.449511,"/drivetrain/rightVelocity",0
21.449559,"/drivetrain/heading",-2.319999933242798
21.44957,"/drivetrain/headingVelocity",-0.1220703050494194
21.449575,"/drivetrain/xAcceleration",0
21.449581,"/drivetrain/yAcceleration",0
21.449586,"/drivetrain/leftOutputLog",0
21.44959,"/drivetrain/rightOutputLog",0
21.45024,"/intake/pos",0
21.450245,"/intake/output",0
21.450686,"/shooter/rpm",0
21.450715,"/shooter/output",0.1
21.45147,"/shooter/hasBall",true
21.451539,"/shooter/temperature",40
21.451783,"/climber/rightPos",0
21.470888,"/drivetrain/leftPos",0
21.470908,"/drivetrain/leftVelocity",0
21.470924,"/drivetrain/rightPos",0
21.470936,"/drivetrain/rightVelocity",0
21.470971,"/drivetrain/heading",-2.309999942779541
21.47098,"/drivetrain/headingVelocity",-0.1220703050494194
21.470985,"/drivetrain/xAcceleration",0
21.47099,"/drivetrain/yAcceleration",0
21.470995,"/drivetrain/leftOutputLog",0
21.470999,"/drivetrain/rightOutputLog",0
21.47131,"/intake/pos",0
21.471316,"/intake/output",0
21.471964,"/shooter/rpm",0
21.471999,"/shooter/output",0.1
21.472046,"/shooter/hasBall",true
21.472098,"/shooter/temperature",40
21.472299,"/climber/rightPos",0
21.489267,"/drivetrain/leftPos",0
21.489284,"/drivetrain/leftVelocity",0
21.489299,"/drivetrain/rightPos",0
21.48931,"/drivetrain/rightVelocity",0
21.489353,"/drivetrain/heading",-2.309999942779541
21.489362,"/drivetrain/headingVelocity",-0.1831054538488388
21.489367,"/drivetrain/xAcceleration",0
21.489372,"/drivetrain/yAcceleration",0
21.489377,"/drivetrain/leftOutputLog",0
21.489381,"/drivetrain/rightOutputLog",0
21.489782,"/intake/pos",0
21.489787,"/intake/output",0
21.490109,"/shooter/rpm",0
21.490136,"/shooter/output",0.1
21.490173,"/shooter/hasBall",true
21.490222,"/shooter/temperature",40
21.490428,"/climber/rightPos",0
21.511165,"/drivetrain/leftPos",0
21.511184,"/drivetrain/leftVelocity",0
21.5112,"/drivetrain/rightPos",0
21.511212,"/drivetrain/rightVelocity",0
21.511246,"/drivetrain/heading",-2.309999942779541
21.511254,"/drivetrain/headingVelocity",-0.0610351525247097
21.511259,"/drivetrain/xAcceleration",0
21.511264,"/drivetrain/yAcceleration",-0.003000000026077032
21.511269,"/drivetrain/leftOutputLog",0
21.511273,"/drivetrain/rightOutputLog",0
21.511484,"/intake/pos",0
21.511489,"/intake/output",0
21.511803,"/shooter/rpm",0
21.511826,"/shooter/output",0.1
21.511861,"/shooter/hasBall",true
21.511904,"/shooter/temperature",40
21.512096,"/climber/rightPos",0
21.529273,"/drivetrain/leftPos",0
21.52929,"/drivetrain/leftVelocity",0
21.529306,"/drivetrain/rightPos",0
21.529318,"/drivetrain/rightVelocity",0
21.529357,"/drivetrain/heading",-2.299999952316284
21.529365,"/drivetrain/headingVelocity",-0.1220703050494194
21.529371,"/drivetrain/xAcceleration",0
21.529376,"/drivetrain/yAcceleration",-0.004000000189989805
21.529381,"/drivetrain/leftOutputLog",0
21.529385,"/drivetrain/rightOutputLog",0
21.529638,"/intake/pos",0
21.529643,"/intake/output",0
21.529839,"/shooter/rpm",0
21.529897,"/shooter/output",0.1
21.529932,"/shooter/hasBall",true
21.529977,"/shooter/temperature",40
21.53016,"/climber/rightPos",0
21.549555,"/drivetrain/leftPos",0
21.549626,"/drivetrain/leftVelocity",0
21.549644,"/drivetrain/rightPos",0
21.549767,"/drivetrain/rightVelocity",0
21.54982,"/drivetrain/heading",-2.299999952316284
21.54983,"/drivetrain/headingVelocity",-0.1220703050494194
21.549837,"/drivetrain/xAcceleration",0
21.549842,"/drivetrain/yAcceleration",0
21.549847,"/drivetrain/leftOutputLog",0
21.549851,"/drivetrain/rightOutputLog",0
21.550134,"/intake/pos",0
21.550139,"/intake/output",0
21.550568,"/shooter/rpm",0
21.550597,"/shooter/output",0.1
21.550641,"/shooter/hasBall",true
21.550686,"/shooter/temperature",40
21.551094,"/climber/rightPos",0
21.569272,"/drivetrain/leftPos",0
21.569289,"/drivetrain/leftVelocity",0
21.569305,"/drivetrain/rightPos",0
21.569317,"/drivetrain/rightVelocity",0
21.569356,"/drivetrain/heading",-2.299999952316284
21.569366,"/drivetrain/headingVelocity",-0.1220703050494194
21.569372,"/drivetrain/xAcceleration",0
21.569378,"/drivetrain/yAcceleration",0
21.569383,"/drivetrain/leftOutputLog",0
21.569387,"/drivetrain/rightOutputLog",0
21.569591,"/intake/pos",0
21.569597,"/intake/output",0
21.569977,"/shooter/rpm",0
21.570054,"/shooter/output",0.1
21.5701,"/shooter/hasBall",true
21.570145,"/shooter/temperature",40
21.570353,"/climber/rightPos",0
21.589331,"/drivetrain/leftPos",0
21.589349,"/drivetrain/leftVelocity",0
21.589367,"/drivetrain/rightPos",0
21.589378,"/drivetrain/rightVelocity",0
21.589419,"/drivetrain/heading",-2.2899999618530273
21.589429,"/drivetrain/headingVelocity",-0.0610351525247097
21.589435,"/drivetrain/xAcceleration",0
21.58944,"/drivetrain/yAcceleration",0
21.589444,"/drivetrain/leftOutputLog",0
21.589448,"/drivetrain/rightOutputLog",0
21.58971,"/intake/pos",0
21.589716,"/intake/output",0
21.590008,"/shooter/rpm",0
21.590029,"/shooter/output",0.1
21.590065,"/shooter/hasBall",true
21.590103,"/shooter/temperature",40
21.590255,"/climber/rightPos",0
21.609292,"/drivetrain/leftPos",0
21.609309,"/drivetrain/leftVelocity",0
21.609324,"/drivetrain/rightPos",0
21.609336,"/drivetrain/rightVelocity",0
21.609379,"/drivetrain/heading",-2.2899999618530273
21.609388,"/drivetrain/headingVelocity",0
21.609393,"/drivetrain/xAcceleration",0
21.609398,"/drivetrain/yAcceleration",0
21.609403,"/drivetrain/leftOutputLog",0
21.609407,"/drivetrain/rightOutputLog",0
21.609664,"/intake/pos",0
21.60967,"/intake/output",0
21.609874,"/shooter/rpm",0
21.609935,"/shooter/output",0.1
21.609972,"/shooter/hasBall",true
21.610009,"/shooter/temperature",40
21.610171,"/climber/rightPos",0
21.62923,"/drivetrain/leftPos",0
21.629247,"/drivetrain/leftVelocity",0
21.629262,"/drivetrain/rightPos",0
21.629273,"/drivetrain/rightVelocity",0
21.62931,"/drivetrain/heading",-2.2899999618530273
21.629319,"/drivetrain/headingVelocity",0
21.629325,"/drivetrain/xAcceleration",-0.00800000037997961
21.62933,"/drivetrain/yAcceleration",0
21.629335,"/drivetrain/leftOutputLog",0
21.629339,"/drivetrain/rightOutputLog",0
21.629621,"/intake/pos",0
21.629626,"/intake/output",0
21.629859,"/shooter/rpm",0
21.629888,"/shooter/output",0.1
21.632054,"/shooter/hasBall",true
21.632122,"/shooter/temperature",40
21.632445,"/climber/rightPos",0
21.649513,"/drivetrain/leftPos",0
21.649537,"/drivetrain/leftVelocity",0
21.649555,"/drivetrain/rightPos",0
21.649567,"/drivetrain/rightVelocity",0
21.649623,"/drivetrain/heading",-2.2899999618530273
21.64968,"/drivetrain/headingVelocity",-0.30517578125
21.649689,"/drivetrain/xAcceleration",0.020999999716877937
21.649694,"/drivetrain/yAcceleration",0.00800000037997961
21.649699,"/drivetrain/leftOutputLog",0
21.649704,"/drivetrain/rightOutputLog",0
21.649987,"/intake/pos",0
21.649992,"/intake/output",0
21.650278,"/shooter/rpm",0
21.650365,"/shooter/output",0.1
21.650414,"/shooter/hasBall",true
21.650439,"/shooter/temperature",40
21.650617,"/climber/rightPos",0
21.669446,"/drivetrain/leftPos",0
21.669463,"/drivetrain/leftVelocity",0
21.669481,"/drivetrain/rightPos",0
21.669493,"/drivetrain/rightVelocity",0
21.669799,"/drivetrain/heading",-2.2799999713897705
21.669813,"/drivetrain/headingVelocity",-0.4272460639476776
21.66982,"/drivetrain/xAcceleration",0.019999999552965164
21.669825,"/drivetrain/yAcceleration",0.003000000026077032
21.669831,"/drivetrain/leftOutputLog",0
21.669835,"/drivetrain/rightOutputLog",0
21.670274,"/intake/pos",0
21.670279,"/intake/output",0
21.671014,"/shooter/rpm",0
21.671033,"/shooter/output",0.1
21.671079,"/shooter/hasBall",true
21.671107,"/shooter/temperature",40
21.671355,"/climber/rightPos",0
21.689391,"/drivetrain/leftPos",0
21.689412,"/drivetrain/leftVelocity",0
21.689428,"/drivetrain/rightPos",0
21.68944,"/drivetrain/rightVelocity",0
21.689475,"/drivetrain/heading",-2.2699999809265137
21.689484,"/drivetrain/headingVelocity",-0.2441406100988388
21.689489,"/drivetrain/xAcceleration",0
21.689494,"/drivetrain/yAcceleration",-0.004000000189989805
21.689499,"/drivetrain/leftOutputLog",0
21.689503,"/drivetrain/rightOutputLog",0
21.689705,"/intake/pos",0
21.68971,"/intake/output",0
21.689913,"/shooter/rpm",0
21.689976,"/shooter/output",0.1
21.690012,"/shooter/hasBall",true
21.690056,"/shooter/temperature",40
21.690213,"/climber/rightPos",0
21.709252,"/drivetrain/leftPos",0
21.709268,"/drivetrain/leftVelocity",0
21.709284,"/drivetrain/rightPos",0
21.709295,"/drivetrain/rightVelocity",0
21.709334,"/drivetrain/heading",-2.2699999809265137
21.709342,"/drivetrain/headingVelocity",-0.1831054538488388
21.709348,"/drivetrain/xAcceleration",0.004999999888241291
21.709353,"/drivetrain/yAcceleration",-0.008999999612569809
21.709358,"/drivetrain/leftOutputLog",0
21.709362,"/drivetrain/rightOutputLog",0
21.709888,"/intake/pos",0
21.709893,"/intake/output",0
21.710134,"/shooter/rpm",0
21.710161,"/shooter/output",0.1
21.710196,"/shooter/hasBall",true
21.710239,"/shooter/temperature",40
21.710461,"/climber/rightPos",0
21.729702,"/drivetrain/leftPos",0
21.72972,"/drivetrain/leftVelocity",0
21.729736,"/drivetrain/rightPos",0
21.729748,"/drivetrain/rightVelocity",0
21.729795,"/drivetrain/heading",-2.259999990463257
21.729805,"/drivetrain/headingVelocity",-0.0610351525247097
21.72981,"/drivetrain/xAcceleration",0.004000000189989805
21.729816,"/drivetrain/yAcceleration",-0.009999999776482582
21.729821,"/drivetrain/leftOutputLog",0
21.729825,"/drivetrain/rightOutputLog",0
21.730562,"/intake/pos",0
21.730567,"/intake/output",0
21.730762,"/shooter/rpm",0
21.730784,"/shooter/output",0.1
21.730818,"/shooter/hasBall",true
21.730861,"/shooter/temperature",40
21.731022,"/climber/rightPos",0
21.749768,"/drivetrain/leftPos",0
21.74979,"/drivetrain/leftVelocity",0
21.749808,"/drivetrain/rightPos",0
21.74982,"/drivetrain/rightVelocity",0
21.74993,"/drivetrain/heading",-2.259999990463257
21.749942,"/drivetrain/headingVelocity",-0.0610351525247097
21.749949,"/drivetrain/xAcceleration",0.004000000189989805
21.749954,"/drivetrain/yAcceleration",-0.009999999776482582
21.749959,"/drivetrain/leftOutputLog",0
21.750041,"/drivetrain/rightOutputLog",0
21.750599,"/intake/pos",0
21.750604,"/intake/output",0
21.750946,"/shooter/rpm",0
21.750975,"/shooter/output",0.1
21.751015,"/shooter/hasBall",true
21.751065,"/shooter/temperature",40
21.751526,"/climber/rightPos",0
21.769416,"/drivetrain/leftPos",0
21.769434,"/drivetrain/leftVelocity",0
21.769449,"/drivetrain/rightPos",0
21.76946,"/drivetrain/rightVelocity",0
21.7695,"/drivetrain/heading",-2.259999990463257
21.769509,"/drivetrain/headingVelocity",-0.0610351525247097
21.769515,"/drivetrain/xAcceleration",0.004000000189989805
21.76952,"/drivetrain/yAcceleration",-0.009999999776482582
21.769524,"/drivetrain/leftOutputLog",0
21.769528,"/drivetrain/rightOutputLog",0
21.769721,"/intake/pos",0
21.769726,"/intake/output",0
21.7701,"/shooter/rpm",0
21.770134,"/shooter/output",0.1
21.770224,"/shooter/hasBall",true
21.77028,"/shooter/temperature",40
21.770492,"/climber/rightPos",0
21.789528,"/drivetrain/leftPos",0
21.789544,"/drivetrain/leftVelocity",0
21.789559,"/drivetrain/rightPos",0
21.78957,"/drivetrain/rightVelocity",0
21.78961,"/drivetrain/heading",-2.259999990463257
21.789619,"/drivetrain/headingVelocity",-0.0610351525247097
21.789624,"/drivetrain/xAcceleration",0.004000000189989805
21.789629,"/drivetrain/yAcceleration",-0.009999999776482582
21.789634,"/drivetrain/leftOutputLog",0
21.789638,"/drivetrain/rightOutputLog",0
21.789841,"/intake/pos",0
21.789846,"/intake/output",0
21.790041,"/shooter/rpm",0
21.790065,"/shooter/output",0.1
21.790098,"/shooter/hasBall",true
21.790136,"/shooter/temperature",40
21.790605,"/climber/rightPos",0
21.80942,"/drivetrain/leftPos",0
21.809442,"/drivetrain/leftVelocity",0
21.809458,"/drivetrain/rightPos",0
21.80947,"/drivetrain/rightVelocity",0
21.809504,"/drivetrain/heading",-2.259999990463257
21.809514,"/drivetrain/headingVelocity",0
21.80952,"/drivetrain/xAcceleration",0.003000000026077032
21.809525,"/drivetrain/yAcceleration",0
21.80953,"/drivetrain/leftOutputLog",0
21.809533,"/drivetrain/rightOutputLog",0
21.809724,"/intake/pos",0
21.80973,"/intake/output",0
21.810265,"/shooter/rpm",0
21.810338,"/shooter/output",0.1
21.81038,"/shooter/hasBall",true
21.810422,"/shooter/temperature",40
21.811089,"/climber/rightPos",0
21.829247,"/drivetrain/leftPos",0
21.829264,"/drivetrain/leftVelocity",0
21.82928,"/drivetrain/rightPos",0
21.829292,"/drivetrain/rightVelocity",0
21.829337,"/drivetrain/heading",-2.259999990463257
21.829347,"/drivetrain/headingVelocity",0
21.829354,"/drivetrain/xAcceleration",0
21.829358,"/drivetrain/yAcceleration",0
21.829363,"/drivetrain/leftOutputLog",0
21.829367,"/drivetrain/rightOutputLog",0
21.830309,"/intake/pos",0
21.830315,"/intake/output",0
21.831073,"/shooter/rpm",0
21.831096,"/shooter/output",0.1
21.831137,"/shooter/hasBall",true
21.831179,"/shooter/temperature",40
21.831345,"/climber/rightPos",0
21.849273,"/drivetrain/leftPos",0
21.849289,"/drivetrain/leftVelocity",0
21.849305,"/drivetrain/rightPos",0
21.849317,"/drivetrain/rightVelocity",0
21.84948,"/drivetrain/heading",-2.259999990463257
21.849491,"/drivetrain/headingVelocity",0
21.849498,"/drivetrain/xAcceleration",0.004000000189989805
21.849503,"/drivetrain/yAcceleration",0
21.849508,"/drivetrain/leftOutputLog",0
21.849512,"/drivetrain/rightOutputLog",0
21.850049,"/intake/pos",0
21.850055,"/intake/output",0
21.850255,"/shooter/rpm",0
21.850596,"/shooter/output",0.1
21.850645,"/shooter/hasBall",true
21.850708,"/shooter/temperature",40
21.851643,"/climber/rightPos",0
21.869311,"/drivetrain/leftPos",0
21.869329,"/drivetrain/leftVelocity",0
21.869346,"/drivetrain/rightPos",0
21.869359,"/drivetrain/rightVelocity",0
21.869395,"/drivetrain/heading",-2.259999990463257
21.869404,"/drivetrain/headingVelocity",0
21.86941,"/drivetrain/xAcceleration",0
21.869415,"/drivetrain/yAcceleration",0
21.86942,"/drivetrain/leftOutputLog",0
21.869424,"/drivetrain/rightOutputLog",0
21.870064,"/intake/pos",0
21.87007,"/intake/output",0
21.870787,"/shooter/rpm",0
21.871042,"/shooter/output",0.1
21.871095,"/shooter/hasBall",true
21.871368,"/shooter/temperature",40
21.871606,"/climber/rightPos",0
21.889267,"/drivetrain/leftPos",0
21.889285,"/drivetrain/leftVelocity",0
21.889301,"/drivetrain/rightPos",0
21.889313,"/drivetrain/rightVelocity",0
21.889353,"/drivetrain/heading",-2.259999990463257
21.889362,"/drivetrain/headingVelocity",0
21.889368,"/drivetrain/xAcceleration",0
21.889373,"/drivetrain/yAcceleration",0
21.889378,"/drivetrain/leftOutputLog",0
21.889381,"/drivetrain/rightOutputLog",0
21.88964,"/intake/pos",0
21.889645,"/intake/output",0
21.889849,"/shooter/rpm",0
21.889909,"/shooter/output",0.1
21.889946,"/shooter/hasBall",true
21.889969,"/shooter/temperature",40
21.890144,"/climber/rightPos",0
21.909374,"/drivetrain/leftPos",0
21.909392,"/drivetrain/leftVelocity",0
21.909407,"/drivetrain/rightPos",0
21.909419,"/drivetrain/rightVelocity",0
21.909461,"/drivetrain/heading",-2.259999990463257
21.90947,"/drivetrain/headingVelocity",0.0610351525247097
21.909475,"/drivetrain/xAcceleration",0
21.90948,"/drivetrain/yAcceleration",0
21.909485,"/drivetrain/leftOutputLog",0
21.909489,"/drivetrain/rightOutputLog",0
21.91004,"/intake/pos",0
21.910046,"/intake/output",0
21.910499,"/shooter/rpm",0
21.910531,"/shooter/output",0.1
21.910572,"/shooter/hasBall",true
21.910598,"/shooter/temperature",40
21.911256,"/climber/rightPos",0
21.929471,"/drivetrain/leftPos",0
21.92949,"/drivetrain/leftVelocity",0
21.929505,"/drivetrain/rightPos",0
21.929516,"/drivetrain/rightVelocity",0
21.92956,"/drivetrain/heading",-2.259999990463257
21.92957,"/drivetrain/headingVelocity",0.1220703050494194
21.929577,"/drivetrain/xAcceleration",0
21.929582,"/drivetrain/yAcceleration",0
21.929587,"/drivetrain/leftOutputLog",0
21.929591,"/drivetrain/rightOutputLog",0
21.930745,"/intake/pos",0
21.93075,"/intake/output",0
21.930983,"/shooter/rpm",0
21.931004,"/shooter/output",0.1
21.931039,"/shooter/hasBall",true
21.931086,"/shooter/temperature",40
21.931255,"/climber/rightPos",0
21.949482,"/drivetrain/leftPos",0
21.9495,"/drivetrain/leftVelocity",0
21.949516,"/drivetrain/rightPos",0
21.949529,"/drivetrain/rightVelocity",0
21.949573,"/drivetrain/heading",-2.2699999809265137
21.949583,"/drivetrain/headingVelocity",0.0610351525247097
21.949589,"/drivetrain/xAcceleration",0.003000000026077032
21.949594,"/drivetrain/yAcceleration",0
21.9496,"/drivetrain/leftOutputLog",0
21.949603,"/drivetrain/rightOutputLog",0
21.950145,"/intake/pos",0
21.95015,"/intake/output",0
21.950525,"/shooter/rpm",0
21.950544,"/shooter/output",0.1
21.950582,"/shooter/hasBall",true
21.950634,"/shooter/temperature",40
21.950842,"/climber/rightPos",0
21.969292,"/drivetrain/leftPos",0
21.969309,"/drivetrain/leftVelocity",0
21.969324,"/drivetrain/rightPos",0
21.969336,"/drivetrain/rightVelocity",0
21.969379,"/drivetrain/heading",-2.2699999809265137
21.969388,"/drivetrain/headingVelocity",0
21.969394,"/drivetrain/xAcceleration",0.004999999888241291
21.969399,"/drivetrain/yAcceleration",0
21.969403,"/drivetrain/leftOutputLog",0
21.969407,"/drivetrain/rightOutputLog",0
21.969663,"/intake/pos",0
21.969668,"/intake/output",0
21.970495,"/shooter/rpm",0
21.970522,"/shooter/output",0.1
21.970562,"/shooter/hasBall",true
21.970607,"/shooter/temperature",40
21.970854,"/climber/rightPos",0
21.989278,"/drivetrain/leftPos",0
21.989294,"/drivetrain/leftVelocity",0
21.989309,"/drivetrain/rightPos",0
21.989321,"/drivetrain/rightVelocity",0
21.989362,"/drivetrain/heading",-2.2699999809265137
21.989371,"/drivetrain/headingVelocity",0
21.989377,"/drivetrain/xAcceleration",0
21.989495,"/drivetrain/yAcceleration",0
21.989501,"/drivetrain/leftOutputLog",0
21.989505,"/drivetrain/rightOutputLog",0
21.990102,"/intake/pos",0
21.990108,"/intake/output",0
21.990962,"/shooter/rpm",0
21.99098,"/shooter/output",0.1
21.991024,"/shooter/hasBall",true
21.991071,"/shooter/temperature",40
21.991309,"/climber/rightPos",0
22.009281,"/drivetrain/leftPos",0
22.009298,"/drivetrain/leftVelocity",0
22.009315,"/drivetrain/rightPos",0
22.009326,"/drivetrain/rightVelocity",0
22.009482,"/drivetrain/heading",-2.259999990463257
22.009493,"/drivetrain/headingVelocity",-0.1831054538488388
22.009499,"/drivetrain/xAcceleration",0
22.009504,"/drivetrain/yAcceleration",-0.003000000026077032
22.00951,"/drivetrain/leftOutputLog",0
22.009514,"/drivetrain/rightOutputLog",0
22.010071,"/intake/pos",0
22.010077,"/intake/output",0
22.010899,"/shooter/rpm",0
22.010918,"/shooter/output",0.1
22.010962,"/shooter/hasBall",true
22.011012,"/shooter/temperature",40
22.011246,"/climber/rightPos",0
22.029324,"/drivetrain/leftPos",0
22.029343,"/drivetrain/leftVelocity",0
22.029359,"/drivetrain/rightPos",0
22.029371,"/drivetrain/rightVelocity",0
22.029414,"/drivetrain/heading",-2.259999990463257
22.029422,"/drivetrain/headingVelocity",-0.1220703050494194
22.029428,"/drivetrain/xAcceleration",0
22.029433,"/drivetrain/yAcceleration",0
22.029438,"/drivetrain/leftOutputLog",0
22.029442,"/drivetrain/rightOutputLog",0
22.029634,"/intake/pos",0
22.029639,"/intake/output",0
22.030112,"/shooter/rpm",0
22.030143,"/shooter/output",0.1
22.030184,"/shooter/hasBall",true
22.030232,"/shooter/temperature",40
22.030887,"/climber/rightPos",0
22.049432,"/drivetrain/leftPos",0
22.049566,"/drivetrain/leftVelocity",0
22.049597,"/drivetrain/rightPos",0
22.049612,"/drivetrain/rightVelocity",0
22.049656,"/drivetrain/heading",-2.25
22.049665,"/drivetrain/headingVelocity",-0.1220703050494194
22.04967,"/drivetrain/xAcceleration",0
22.049676,"/drivetrain/yAcceleration",0
22.049681,"/drivetrain/leftOutputLog",0
22.049685,"/drivetrain/rightOutputLog",0
22.050166,"/intake/pos",0
22.050172,"/intake/output",0
22.050604,"/shooter/rpm",0
22.050635,"/shooter/output",0.1
22.050677,"/shooter/hasBall",true
22.050719,"/shooter/temperature",40
22.051076,"/climber/rightPos",0
22.069248,"/drivetrain/leftPos",0
22.069265,"/drivetrain/leftVelocity",0
22.06928,"/drivetrain/rightPos",0
22.069292,"/drivetrain/rightVelocity",0
22.069333,"/drivetrain/heading",-2.25
22.069342,"/drivetrain/headingVelocity",-0.0610351525247097
22.069348,"/drivetrain/xAcceleration",0
22.069353,"/drivetrain/yAcceleration",0
22.069357,"/drivetrain/leftOutputLog",0
22.069361,"/drivetrain/rightOutputLog",0
22.069605,"/intake/pos",0
22.069611,"/intake/output",0
22.069807,"/shooter/rpm",0
22.069866,"/shooter/output",0.1
22.06991,"/shooter/hasBall",true
22.069944,"/shooter/temperature",40
22.071261,"/climber/rightPos",0
22.089435,"/drivetrain/leftPos",0
22.089453,"/drivetrain/leftVelocity",0
22.089468,"/drivetrain/rightPos",0
22.089479,"/drivetrain/rightVelocity",0
22.089519,"/drivetrain/heading",-2.25
22.089528,"/drivetrain/headingVelocity",0
22.089534,"/drivetrain/xAcceleration",0
22.089539,"/drivetrain/yAcceleration",-0.006000000052154064
22.089544,"/drivetrain/leftOutputLog",0
22.089548,"/drivetrain/rightOutputLog",0
22.089736,"/intake/pos",0
22.089741,"/intake/output",0
22.089948,"/shooter/rpm",0
22.090011,"/shooter/output",0.1
22.090047,"/shooter/hasBall",true
22.090082,"/shooter/temperature",40
22.09031,"/climber/rightPos",0
22.109681,"/drivetrain/leftPos",0
22.109704,"/drivetrain/leftVelocity",0
22.109722,"/drivetrain/rightPos",0
22.109734,"/drivetrain/rightVelocity",0
22.109904,"/drivetrain/heading",-2.25
22.109915,"/drivetrain/headingVelocity",0.0610351525247097
22.109921,"/drivetrain/xAcceleration",0
22.109926,"/drivetrain/yAcceleration",0
22.109931,"/drivetrain/leftOutputLog",0
22.109935,"/drivetrain/rightOutputLog",0
22.110879,"/intake/pos",0
22.110885,"/intake/output",0
22.111127,"/shooter/rpm",0
22.111149,"/shooter/output",0.1
22.111184,"/shooter/hasBall",true
22.111216,"/shooter/temperature",40
22.111413,"/climber/rightPos",0
22.129224,"/drivetrain/leftPos",0
22.129241,"/drivetrain/leftVelocity",0
22.129258,"/drivetrain/rightPos",0
22.129269,"/drivetrain/rightVelocity",0
22.129312,"/drivetrain/heading",-2.25
22.129321,"/drivetrain/headingVelocity",0
22.129326,"/drivetrain/xAcceleration",-0.004999999888241291
22.129331,"/drivetrain/yAcceleration",0
22.129336,"/drivetrain/leftOutputLog",0
22.12934,"/drivetrain/rightOutputLog",0
22.129539,"/intake/pos",0
22.129544,"/intake/output",0
22.129743,"/shooter/rpm",0
22.129806,"/shooter/output",0.1
22.129841,"/shooter/hasBall",true
22.129865,"/shooter/temperature",40
22.130521,"/climber/rightPos",0
22.150069,"/drivetrain/leftPos",0
22.150087,"/drivetrain/leftVelocity",0
22.150104,"/drivetrain/rightPos",0
22.150116,"/drivetrain/rightVelocity",0
22.150152,"/drivetrain/heading",-2.25
22.15016,"/drivetrain/headingVelocity",0.0610351525247097
22.150166,"/drivetrain/xAcceleration",0
22.150171,"/drivetrain/yAcceleration",0
22.150176,"/drivetrain/leftOutputLog",0
22.15018,"/drivetrain/rightOutputLog",0
22.150633,"/intake/pos",0
22.150637,"/intake/output",0
22.150896,"/shooter/rpm",0
22.150921,"/shooter/output",0.1
22.150961,"/shooter/hasBall",true
22.150987,"/shooter/temperature",40
22.151347,"/climber/rightPos",0
22.169516,"/drivetrain/leftPos",0
22.169535,"/drivetrain/leftVelocity",0
22.169552,"/drivetrain/rightPos",0
22.169564,"/drivetrain/rightVelocity",0
22.169609,"/drivetrain/heading",-2.25
22.169619,"/drivetrain/headingVelocity",0
22.169625,"/drivetrain/xAcceleration",0
22.16963,"/drivetrain/yAcceleration",0
22.169635,"/drivetrain/leftOutputLog",0
22.169639,"/drivetrain/rightOutputLog",0
22.170284,"/intake/pos",0
22.17029,"/intake/output",0
22.170511,"/shooter/rpm",0
22.170536,"/shooter/output",0.1
22.170575,"/shooter/hasBall",true
22.170628,"/shooter/temperature",40
22.170805,"/climber/rightPos",0
22.189426,"/drivetrain/leftPos",0
22.189449,"/drivetrain/leftVelocity",0
22.189467,"/drivetrain/rightPos",0
22.18948,"/drivetrain/rightVelocity",0
22.189534,"/drivetrain/heading",-2.25
22.189545,"/drivetrain/headingVelocity",0
22.189551,"/drivetrain/xAcceleration",0
22.189557,"/drivetrain/yAcceleration",0
22.189608,"/drivetrain/leftOutputLog",0
22.189612,"/drivetrain/rightOutputLog",0
22.189963,"/intake/pos",0
22.189968,"/intake/output",0
22.190872,"/shooter/rpm",0
22.190903,"/shooter/output",0.1
22.190953,"/shooter/hasBall",true
22.191009,"/shooter/temperature",40
22.191221,"/climber/rightPos",0
22.209685,"/drivetrain/leftPos",0
22.209704,"/drivetrain/leftVelocity",0
22.209721,"/drivetrain/rightPos",0
22.209733,"/drivetrain/rightVelocity",0
22.20978,"/drivetrain/heading",-2.25
22.20979,"/drivetrain/headingVelocity",0
22.209796,"/drivetrain/xAcceleration",0
22.209802,"/drivetrain/yAcceleration",0
22.209807,"/drivetrain/leftOutputLog",0
22.20981,"/drivetrain/rightOutputLog",0
22.210258,"/intake/pos",0
22.210263,"/intake/output",0
22.210527,"/shooter/rpm",0
22.210554,"/shooter/output",0.1
22.210592,"/shooter/hasBall",true
22.210643,"/shooter/temperature",40
22.211367,"/climber/rightPos",0
22.230165,"/drivetrain/leftPos",0
22.230183,"/drivetrain/leftVelocity",0
22.2302,"/drivetrain/rightPos",0
22.230212,"/drivetrain/rightVelocity",0
22.230248,"/drivetrain/heading",-2.25
22.230256,"/drivetrain/headingVelocity",0
22.230262,"/drivetrain/xAcceleration",0
22.230267,"/drivetrain/yAcceleration",0
22.230272,"/drivetrain/leftOutputLog",0
22.230275,"/drivetrain/rightOutputLog",0
22.230458,"/intake/pos",0
22.230463,"/intake/output",0
22.230712,"/shooter/rpm",0
22.230733,"/shooter/output",0.1
22.230771,"/shooter/hasBall",true
22.230816,"/shooter/temperature",40
22.230969,"/climber/rightPos",0
22.249847,"/drivetrain/leftPos",0
22.249868,"/drivetrain/leftVelocity",0
22.249885,"/drivetrain/rightPos",0
22.249898,"/drivetrain/rightVelocity",0
22.250073,"/drivetrain/heading",-2.259999990463257
22.250084,"/drivetrain/headingVelocity",0.1220703050494194
22.25009,"/drivetrain/xAcceleration",0
22.250095,"/drivetrain/yAcceleration",0
22.2501,"/drivetrain/leftOutputLog",0
22.250104,"/drivetrain/rightOutputLog",0
22.25033,"/intake/pos",0
22.250335,"/intake/output",0
22.250562,"/shooter/rpm",0
22.250586,"/shooter/output",0.1
22.250621,"/shooter/hasBall",true
22.250666,"/shooter/temperature",40
22.250821,"/climber/rightPos",0
22.269646,"/drivetrain/leftPos",0
22.269665,"/drivetrain/leftVelocity",0
22.269681,"/drivetrain/rightPos",0
22.269693,"/drivetrain/rightVelocity",0
22.269744,"/drivetrain/heading",-2.259999990463257
22.269753,"/drivetrain/headingVelocity",0
22.269759,"/drivetrain/xAcceleration",0
22.269765,"/drivetrain/yAcceleration",0
22.26977,"/drivetrain/leftOutputLog",0
22.269773,"/drivetrain/rightOutputLog",0
22.27056,"/intake/pos",0
22.270566,"/intake/output",0
22.270792,"/shooter/rpm",0
22.270816,"/shooter/output",0.1
22.270853,"/shooter/hasBall",true
22.27089,"/shooter/temperature",40
22.271068,"/climber/rightPos",0
22.28992,"/drivetrain/leftPos",0
22.28994,"/drivetrain/leftVelocity",0
22.289958,"/drivetrain/rightPos",0
22.28997,"/drivetrain/rightVelocity",0
22.290013,"/drivetrain/heading",-2.259999990463257
22.290022,"/drivetrain/headingVelocity",-0.0610351525247097
22.290027,"/drivetrain/xAcceleration",0
22.290032,"/drivetrain/yAcceleration",0.003000000026077032
22.290038,"/drivetrain/leftOutputLog",0
22.290041,"/drivetrain/rightOutputLog",0
22.290266,"/intake/pos",0
22.290271,"/intake/output",0
22.290553,"/shooter/rpm",0
22.290573,"/shooter/output",0.1
22.290607,"/shooter/hasBall",true
22.290632,"/shooter/temperature",40
22.290793,"/climber/rightPos",0
22.309342,"/drivetrain/leftPos",0
22.30936,"/drivetrain/leftVelocity",0
22.309376,"/drivetrain/rightPos",0
22.309388,"/drivetrain/rightVelocity",0
22.309429,"/drivetrain/heading",-2.25
22.309438,"/drivetrain/headingVelocity",-0.1220703050494194
22.309443,"/drivetrain/xAcceleration",0
22.309448,"/drivetrain/yAcceleration",0
22.309453,"/drivetrain/leftOutputLog",0
22.309457,"/drivetrain/rightOutputLog",0
22.309652,"/intake/pos",0
22.309657,"/intake/output",0
22.309918,"/shooter/rpm",0
22.309941,"/shooter/output",0.1
22.309977,"/shooter/hasBall",true
22.310016,"/shooter/temperature",40
22.310193,"/climber/rightPos",0
22.330755,"/drivetrain/leftPos",0
22.330772,"/drivetrain/leftVelocity",0
22.330787,"/drivetrain/rightPos",0
22.330799,"/drivetrain/rightVelocity",0
22.330836,"/drivetrain/heading",-2.25
22.330845,"/drivetrain/headingVelocity",-0.1831054538488388
22.330852,"/drivetrain/xAcceleration",0
22.330857,"/drivetrain/yAcceleration",0
22.330862,"/drivetrain/leftOutputLog",0
22.330866,"/drivetrain/rightOutputLog",0
22.331132,"/intake/pos",0
22.331137,"/intake/output",0
22.331459,"/shooter/rpm",0
22.33148,"/shooter/output",0.1
22.331519,"/shooter/hasBall",true
22.331556,"/shooter/temperature",40
22.331813,"/climber/rightPos",0
22.349373,"/drivetrain/leftPos",0
22.349393,"/drivetrain/leftVelocity",0
22.349409,"/drivetrain/rightPos",0
22.34942,"/drivetrain/rightVelocity",0
22.349458,"/drivetrain/heading",-2.240000009536743
22.349467,"/drivetrain/headingVelocity",-0.0610351525247097
22.349472,"/drivetrain/xAcceleration",0
22.349477,"/drivetrain/yAcceleration",-0.004999999888241291
22.349482,"/drivetrain/leftOutputLog",0
22.349486,"/drivetrain/rightOutputLog",0
22.349969,"/intake/pos",0
22.349975,"/intake/output",0
22.350347,"/shooter/rpm",0
22.350375,"/shooter/output",0.1
22.350418,"/shooter/hasBall",true
22.350449,"/shooter/temperature",40
22.351594,"/climber/rightPos",0
22.369485,"/drivetrain/leftPos",0
22.369503,"/drivetrain/leftVelocity",0
22.36952,"/drivetrain/rightPos",0
22.369532,"/drivetrain/rightVelocity",0
22.369579,"/drivetrain/heading",-2.240000009536743
22.36959,"/drivetrain/headingVelocity",0
22.369596,"/drivetrain/xAcceleration",0
22.369601,"/drivetrain/yAcceleration",-0.003000000026077032
22.369606,"/drivetrain/leftOutputLog",0
22.36961,"/drivetrain/rightOutputLog",0
22.370094,"/intake/pos",0
22.3701,"/intake/output",0
22.370306,"/shooter/rpm",0
22.370331,"/shooter/output",0.1
22.370372,"/shooter/hasBall",true
22.370541,"/shooter/temperature",40
22.370808,"/climber/rightPos",0
22.389704,"/drivetrain/leftPos",0
22.389722,"/drivetrain/leftVelocity",0
22.389737,"/drivetrain/rightPos",0
22.389748,"/drivetrain/rightVelocity",0
22.38979,"/drivetrain/heading",-2.240000009536743
22.389799,"/drivetrain/headingVelocity",0.0610351525247097
22.389804,"/drivetrain/xAcceleration",0
22.389809,"/drivetrain/yAcceleration",0
22.389814,"/drivetrain/leftOutputLog",0
22.389818,"/drivetrain/rightOutputLog",0
22.390263,"/intake/pos",0
22.390269,"/intake/output",0
22.390466,"/shooter/rpm",0
22.390491,"/shooter/output",0.1
22.390525,"/shooter/hasBall",true
22.390549,"/shooter/temperature",40
22.391117,"/climber/rightPos",0
22.410493,"/drivetrain/leftPos",0
22.41051,"/drivetrain/leftVelocity",0
22.410524,"/drivetrain/rightPos",0
22.410536,"/drivetrain/rightVelocity",0
22.410568,"/drivetrain/heading",-2.25
22.410577,"/drivetrain/headingVelocity",0.1220703050494194
22.410583,"/drivetrain/xAcceleration",0
22.410588,"/drivetrain/yAcceleration",0
22.410593,"/drivetrain/leftOutputLog",0
22.410597,"/drivetrain/rightOutputLog",0
22.410841,"/intake/pos",0
22.410846,"/intake/output",0
22.411101,"/shooter/rpm",0
22.411128,"/shooter/output",0.1
22.411169,"/shooter/hasBall",true
22.411195,"/shooter/temperature",40
22.411675,"/climber/rightPos",0
22.430149,"/drivetrain/leftPos",0
22.430167,"/drivetrain/leftVelocity",0
22.430183,"/drivetrain/rightPos",0
22.430194,"/drivetrain/rightVelocity",0
22.430237,"/drivetrain/heading",-2.25
22.430247,"/drivetrain/headingVelocity",0.0610351525247097
22.430253,"/drivetrain/xAcceleration",0
22.430259,"/drivetrain/yAcceleration",0
22.430264,"/drivetrain/leftOutputLog",0
22.430268,"/drivetrain/rightOutputLog",0
22.430573,"/intake/pos",0
22.430578,"/intake/output",0
22.43082,"/shooter/rpm",0
22.430845,"/shooter/output",0.1
22.43089,"/shooter/hasBall",true
22.430932,"/shooter/temperature",40
22.431097,"/climber/rightPos",0
22.44989,"/drivetrain/leftPos",0
22.449908,"/drivetrain/leftVelocity",0
22.44995,"/drivetrain/rightPos",0
22.449964,"/drivetrain/rightVelocity",0
22.449996,"/drivetrain/heading",-2.25
22.450005,"/drivetrain/headingVelocity",0
22.450011,"/drivetrain/xAcceleration",0
22.450016,"/drivetrain/yAcceleration",0
22.45002,"/drivetrain/leftOutputLog",0
22.450024,"/drivetrain/rightOutputLog",0
22.450243,"/intake/pos",0
22.450248,"/intake/output",0
22.450434,"/shooter/rpm",0
22.450503,"/shooter/output",0.1
22.450541,"/shooter/hasBall",true
22.450589,"/shooter/temperature",40
22.450761,"/climber/rightPos",0
22.470146,"/drivetrain/leftPos",0
22.470165,"/drivetrain/leftVelocity",0
22.470182,"/drivetrain/rightPos",0
22.470193,"/drivetrain/rightVelocity",0
22.470235,"/drivetrain/heading",-2.25
22.470246,"/drivetrain/headingVelocity",0
22.470252,"/drivetrain/xAcceleration",0
22.470257,"/drivetrain/yAcceleration",0
22.470262,"/drivetrain/leftOutputLog",0
22.470266,"/drivetrain/rightOutputLog",0
22.470492,"/intake/pos",0
22.470498,"/intake/output",0
22.4707,"/shooter/rpm",0
22.470775,"/shooter/output",0.1
22.470816,"/shooter/hasBall",true
22.470861,"/shooter/temperature",40
22.471044,"/climber/rightPos",0
22.489255,"/drivetrain/leftPos",0
22.489272,"/drivetrain/leftVelocity",0
22.489288,"/drivetrain/rightPos",0
22.489299,"/drivetrain/rightVelocity",0
22.48934,"/drivetrain/heading",-2.25
22.489348,"/drivetrain/headingVelocity",-0.0610351525247097
22.489354,"/drivetrain/xAcceleration",0
22.489359,"/drivetrain/yAcceleration",0
22.489364,"/drivetrain/leftOutputLog",0
22.489367,"/drivetrain/rightOutputLog",0
22.489634,"/intake/pos",0
22.489639,"/intake/output",0
22.489874,"/shooter/rpm",0
22.489897,"/shooter/output",0.1
22.489933,"/shooter/hasBall",true
22.489976,"/shooter/temperature",40
22.490406,"/climber/rightPos",0
22.510478,"/drivetrain/leftPos",0
22.510517,"/drivetrain/leftVelocity",0
22.510535,"/drivetrain/rightPos",0
22.5108,"/drivetrain/rightVelocity",0
22.510833,"/drivetrain/heading",-2.25
22.510841,"/drivetrain/headingVelocity",-0.0610351525247097
22.510847,"/drivetrain/xAcceleration",0
22.510852,"/drivetrain/yAcceleration",0
22.510857,"/drivetrain/leftOutputLog",0
22.510862,"/drivetrain/rightOutputLog",0
22.511085,"/intake/pos",0
22.51109,"/intake/output",0
22.511287,"/shooter/rpm",0
22.511311,"/shooter/output",0.1
22.511346,"/shooter/hasBall",true
22.51139,"/shooter/temperature",40
22.511625,"/climber/rightPos",0
22.529447,"/drivetrain/leftPos",0
22.529463,"/drivetrain/leftVelocity",0
22.529477,"/drivetrain/rightPos",0
22.529488,"/drivetrain/rightVelocity",0
22.529526,"/drivetrain/heading",-2.25
22.529536,"/drivetrain/headingVelocity",0
22.529541,"/drivetrain/xAcceleration",0
22.529546,"/drivetrain/yAcceleration",-0.003000000026077032
22.529551,"/drivetrain/leftOutputLog",0
22.529555,"/drivetrain/rightOutputLog",0
22.529829,"/intake/pos",0
22.529834,"/intake/output",0
22.530086,"/shooter/rpm",0
22.53116,"/shooter/output",0.1
22.531313,"/shooter/hasBall",true
22.531408,"/shooter/temperature",40
22.531814,"/climber/rightPos",0
22.549905,"/drivetrain/leftPos",0
22.549924,"/drivetrain/leftVelocity",0
22.54994,"/drivetrain/rightPos",0
22.549951,"/drivetrain/rightVelocity",0
22.549982,"/drivetrain/heading",-2.25
22.549991,"/drivetrain/headingVelocity",0
22.549996,"/drivetrain/xAcceleration",0
22.550002,"/drivetrain/yAcceleration",0
22.550006,"/drivetrain/leftOutputLog",0
22.55001,"/drivetrain/rightOutputLog",0
22.550415,"/intake/pos",0
22.55042,"/intake/output",0
22.550597,"/shooter/rpm",0
22.550681,"/shooter/output",0.1
22.55072,"/shooter/hasBall",true
22.550744,"/shooter/temperature",40
22.550907,"/climber/rightPos",0
22.569482,"/drivetrain/leftPos",0
22.569526,"/drivetrain/leftVelocity",0
22.569854,"/drivetrain/rightPos",0
22.569871,"/drivetrain/rightVelocity",0
22.5699,"/drivetrain/heading",-2.25
22.56991,"/drivetrain/headingVelocity",0
22.569916,"/drivetrain/xAcceleration",0
22.569921,"/drivetrain/yAcceleration",0
22.569927,"/drivetrain/leftOutputLog",0
22.56993,"/drivetrain/rightOutputLog",0
22.570149,"/intake/pos",0
22.570154,"/intake/output",0
22.570353,"/shooter/rpm",0
22.570376,"/shooter/output",0.1
22.570413,"/shooter/hasBall",true
22.570452,"/shooter/temperature",40
22.570663,"/climber/rightPos",0
22.589505,"/drivetrain/leftPos",0
22.589523,"/drivetrain/leftVelocity",0
22.589538,"/drivetrain/rightPos",0
22.58955,"/drivetrain/rightVelocity",0
22.589587,"/drivetrain/heading",-2.25
22.589596,"/drivetrain/headingVelocity",0
22.589601,"/drivetrain/xAcceleration",0
22.589606,"/drivetrain/yAcceleration",0
22.589611,"/drivetrain/leftOutputLog",0
22.589615,"/drivetrain/rightOutputLog",0
22.589892,"/intake/pos",0
22.589897,"/intake/output",0
22.591025,"/shooter/rpm",0
22.591291,"/shooter/output",0.1
22.591346,"/shooter/hasBall",true
22.591387,"/shooter/temperature",40
22.591591,"/climber/rightPos",0
22.610264,"/drivetrain/leftPos",0
22.610362,"/drivetrain/leftVelocity",0
22.610509,"/drivetrain/rightPos",0
22.610525,"/drivetrain/rightVelocity",0
22.610565,"/drivetrain/heading",-2.25
22.610573,"/drivetrain/headingVelocity",0
22.610579,"/drivetrain/xAcceleration",0
22.610585,"/drivetrain/yAcceleration",0
22.61059,"/drivetrain/leftOutputLog",0
22.610595,"/drivetrain/rightOutputLog",0
22.610912,"/intake/pos",0
22.610917,"/intake/output",0
22.611111,"/shooter/rpm",0
22.611136,"/shooter/output",0.1
22.611172,"/shooter/hasBall",true
22.611196,"/shooter/temperature",40
22.611395,"/climber/rightPos",0
22.630772,"/drivetrain/leftPos",0
22.63079,"/drivetrain/leftVelocity",0
22.630805,"/drivetrain/rightPos",0
22.630816,"/drivetrain/rightVelocity",0
22.630857,"/drivetrain/heading",-2.25
22.630866,"/drivetrain/headingVelocity",0
22.630872,"/drivetrain/xAcceleration",0
22.630877,"/drivetrain/yAcceleration",0
22.630882,"/drivetrain/leftOutputLog",0
22.630886,"/drivetrain/rightOutputLog",0
22.631188,"/intake/pos",0
22.631194,"/intake/output",0
22.631446,"/shooter/rpm",0
22.631473,"/shooter/output",0.1
22.63151,"/shooter/hasBall",true
22.631535,"/shooter/temperature",40
22.63169,"/climber/rightPos",0
22.650443,"/drivetrain/leftPos",0
22.650462,"/drivetrain/leftVelocity",0
22.650479,"/drivetrain/rightPos",0
22.650492,"/drivetrain/rightVelocity",0
22.650531,"/drivetrain/heading",-2.25
22.650539,"/drivetrain/headingVelocity",0
22.650545,"/drivetrain/xAcceleration",0
22.650551,"/drivetrain/yAcceleration",0
22.650555,"/drivetrain/leftOutputLog",0
22.650559,"/drivetrain/rightOutputLog",0
22.650851,"/intake/pos",0
22.650856,"/intake/output",0
22.651107,"/shooter/rpm",0
22.65113,"/shooter/output",0.1
22.651175,"/shooter/hasBall",true
22.651277,"/shooter/temperature",40
22.651491,"/climber/rightPos",0
22.670289,"/drivetrain/leftPos",0
22.670306,"/drivetrain/leftVelocity",0
22.670321,"/drivetrain/rightPos",0
22.670332,"/drivetrain/rightVelocity",0
22.670366,"/drivetrain/heading",-2.25
22.670375,"/drivetrain/headingVelocity",-0.0610351525247097
22.670381,"/drivetrain/xAcceleration",0
22.670386,"/drivetrain/yAcceleration",-0.003000000026077032
22.67039,"/drivetrain/leftOutputLog",0
22.670394,"/drivetrain/rightOutputLog",0
22.670956,"/intake/pos",0
22.670962,"/intake/output",0
22.671208,"/shooter/rpm",0
22.671237,"/shooter/output",0.1
22.671272,"/shooter/hasBall",true
22.671316,"/shooter/temperature",40
22.67155,"/climber/rightPos",0
22.689858,"/drivetrain/leftPos",0
22.689876,"/drivetrain/leftVelocity",0
22.689892,"/drivetrain/rightPos",0
22.690496,"/drivetrain/rightVelocity",0
22.690527,"/drivetrain/heading",-2.240000009536743
22.690535,"/drivetrain/headingVelocity",-0.0610351525247097
22.690541,"/drivetrain/xAcceleration",0
22.690546,"/drivetrain/yAcceleration",0
22.690551,"/drivetrain/leftOutputLog",0
22.690555,"/drivetrain/rightOutputLog",0
22.690804,"/intake/pos",0
22.69081,"/intake/output",0
22.691025,"/shooter/rpm",0
22.691091,"/shooter/output",0.1
22.691132,"/shooter/hasBall",true
22.691177,"/shooter/temperature",40
22.691349,"/climber/rightPos",0
22.709345,"/drivetrain/leftPos",0
22.709364,"/drivetrain/leftVelocity",0
22.709379,"/drivetrain/rightPos",0
22.709391,"/drivetrain/rightVelocity",0
22.709429,"/drivetrain/heading",-2.240000009536743
22.709438,"/drivetrain/headingVelocity",-0.0610351525247097
22.709444,"/drivetrain/xAcceleration",0
22.709448,"/drivetrain/yAcceleration",0
22.709454,"/drivetrain/leftOutputLog",0
22.709457,"/drivetrain/rightOutputLog",0
22.709783,"/intake/pos",0
22.709788,"/intake/output",0
22.711175,"/shooter/rpm",0
22.711193,"/shooter/output",0.1
22.711238,"/shooter/hasBall",true
22.711284,"/shooter/temperature",40
22.711514,"/climber/rightPos",0
22.730532,"/drivetrain/leftPos",0
22.73055,"/drivetrain/leftVelocity",0
22.730565,"/drivetrain/rightPos",0
22.730577,"/drivetrain/rightVelocity",0
22.730609,"/drivetrain/heading",-2.240000009536743
22.730618,"/drivetrain/headingVelocity",0
22.730624,"/drivetrain/xAcceleration",0
22.730629,"/drivetrain/yAcceleration",0
22.730634,"/drivetrain/leftOutputLog",0
22.730638,"/drivetrain/rightOutputLog",0
22.730874,"/intake/pos",0
22.730879,"/intake/output",0
22.731103,"/shooter/rpm",0
22.731129,"/shooter/output",0.1
22.731169,"/shooter/hasBall",true
22.731212,"/shooter/temperature",40
22.731609,"/climber/rightPos",0
22.750165,"/drivetrain/leftPos",0
22.750203,"/drivetrain/leftVelocity",0
22.750223,"/drivetrain/rightPos",0
22.750235,"/drivetrain/rightVelocity",0
22.750271,"/drivetrain/heading",-2.240000009536743
22.75028,"/drivetrain/headingVelocity",0
22.750286,"/drivetrain/xAcceleration",0
22.750292,"/drivetrain/yAcceleration",0
22.750297,"/drivetrain/leftOutputLog",0
22.7503,"/drivetrain/rightOutputLog",0
22.750563,"/intake/pos",0
22.750569,"/intake/output",0
22.750754,"/shooter/rpm",0
22.750779,"/shooter/output",0.1
22.750812,"/shooter/hasBall",true
22.750852,"/shooter/temperature",40
22.751024,"/climber/rightPos",0
22.769483,"/drivetrain/leftPos",0
22.769501,"/drivetrain/leftVelocity",0
22.769517,"/drivetrain/rightPos",0
22.769529,"/drivetrain/rightVelocity",0
22.769571,"/drivetrain/heading",-2.240000009536743
22.76958,"/drivetrain/headingVelocity",0
22.769586,"/drivetrain/xAcceleration",0
22.769591,"/drivetrain/yAcceleration",0
22.769596,"/drivetrain/leftOutputLog",0
22.7696,"/drivetrain/rightOutputLog",0
22.770342,"/intake/pos",0
22.770572,"/intake/output",0
22.770876,"/shooter/rpm",0
22.770898,"/shooter/output",0.1
22.770935,"/shooter/hasBall",true
22.770973,"/shooter/temperature",40
22.771147,"/climber/rightPos",0
22.789269,"/drivetrain/leftPos",0
22.789287,"/drivetrain/leftVelocity",0
22.789302,"/drivetrain/rightPos",0
22.789314,"/drivetrain/rightVelocity",0
22.789357,"/drivetrain/heading",-2.240000009536743
22.789366,"/drivetrain/headingVelocity",0
22.789371,"/drivetrain/xAcceleration",0
22.789376,"/drivetrain/yAcceleration",0
22.789381,"/drivetrain/leftOutputLog",0
22.789385,"/drivetrain/rightOutputLog",0
22.789648,"/intake/pos",0
22.789653,"/intake/output",0
22.789889,"/shooter/rpm",0
22.789913,"/shooter/output",0.1
22.789948,"/shooter/hasBall",true
22.789973,"/shooter/temperature",40
22.790396,"/climber/rightPos",0
22.809272,"/drivetrain/leftPos",0
22.809291,"/drivetrain/leftVelocity",0
22.809308,"/drivetrain/rightPos",0
22.80932,"/drivetrain/rightVelocity",0
22.809362,"/drivetrain/heading",-2.240000009536743
22.809371,"/drivetrain/headingVelocity",0
22.809377,"/drivetrain/xAcceleration",0
22.809383,"/drivetrain/yAcceleration",0
22.809387,"/drivetrain/leftOutputLog",0
22.809391,"/drivetrain/rightOutputLog",0
22.8096,"/intake/pos",0
22.809605,"/intake/output",0
22.810114,"/shooter/rpm",0
22.810144,"/shooter/output",0.1
22.810188,"/shooter/hasBall",true
22.810233,"/shooter/temperature",40
22.810568,"/climber/rightPos",0
22.829407,"/drivetrain/leftPos",0
22.829427,"/drivetrain/leftVelocity",0
22.829445,"/drivetrain/rightPos",0
22.829688,"/drivetrain/rightVelocity",0
22.829742,"/drivetrain/heading",-2.25
22.829751,"/drivetrain/headingVelocity",0
22.829758,"/drivetrain/xAcceleration",0
22.829764,"/drivetrain/yAcceleration",0
22.829769,"/drivetrain/leftOutputLog",0
22.829773,"/drivetrain/rightOutputLog",0
22.830396,"/intake/pos",0
22.830402,"/intake/output",0
22.830746,"/shooter/rpm",0
22.830776,"/shooter/output",0.1
22.830821,"/shooter/hasBall",true
22.830858,"/shooter/temperature",40
22.831205,"/climber/rightPos",0
22.849618,"/drivetrain/leftPos",0
22.849635,"/drivetrain/leftVelocity",0
22.849653,"/drivetrain/rightPos",0
22.849665,"/drivetrain/rightVelocity",0
22.84971,"/drivetrain/heading",-2.25
22.849718,"/drivetrain/headingVelocity",0
22.849725,"/drivetrain/xAcceleration",0
22.84973,"/drivetrain/yAcceleration",0
22.849734,"/drivetrain/leftOutputLog",0
22.849738,"/drivetrain/rightOutputLog",0
22.85008,"/intake/pos",0
22.850085,"/intake/output",0
22.850771,"/shooter/rpm",0
22.850793,"/shooter/output",0.1
22.85083,"/shooter/hasBall",true
22.850853,"/shooter/temperature",40
22.851093,"/climber/rightPos",0
22.869399,"/drivetrain/leftPos",0
22.869419,"/drivetrain/leftVelocity",0
22.869437,"/drivetrain/rightPos",0
22.869449,"/drivetrain/rightVelocity",0
22.869552,"/drivetrain/heading",-2.25
22.869564,"/drivetrain/headingVelocity",0
22.86957,"/drivetrain/xAcceleration",0
22.869575,"/drivetrain/yAcceleration",0
22.869581,"/drivetrain/leftOutputLog",0
22.869584,"/drivetrain/rightOutputLog",0
22.870016,"/intake/pos",0
22.870022,"/intake/output",0
22.870661,"/shooter/rpm",0
22.870678,"/shooter/output",0.1
22.870721,"/shooter/hasBall",true
22.870747,"/shooter/temperature",40
22.870983,"/climber/rightPos",0
22.88932,"/drivetrain/leftPos",0
22.889337,"/drivetrain/leftVelocity",0
22.889352,"/drivetrain/rightPos",0
22.889364,"/drivetrain/rightVelocity",0
22.889401,"/drivetrain/heading",-2.25
22.889409,"/drivetrain/headingVelocity",0
22.889415,"/drivetrain/xAcceleration",0
22.88942,"/drivetrain/yAcceleration",0
22.889424,"/drivetrain/leftOutputLog",0
22.889428,"/drivetrain/rightOutputLog",0
22.889639,"/intake/pos",0
22.889644,"/intake/output",0
22.890144,"/shooter/rpm",0
22.890174,"/shooter/output",0.1
22.890215,"/shooter/hasBall",true
22.890265,"/shooter/temperature",40
22.890866,"/climber/rightPos",0
22.909274,"/drivetrain/leftPos",0
22.909292,"/drivetrain/leftVelocity",0
22.909308,"/drivetrain/rightPos",0
22.90932,"/drivetrain/rightVelocity",0
22.909357,"/drivetrain/heading",-2.25
22.909365,"/drivetrain/headingVelocity",0
22.909371,"/drivetrain/xAcceleration",0
22.909376,"/drivetrain/yAcceleration",0
22.909381,"/drivetrain/leftOutputLog",0
22.909384,"/drivetrain/rightOutputLog",0
22.909593,"/intake/pos",0
22.909598,"/intake/output",0
22.909793,"/shooter/rpm",0
22.909857,"/shooter/output",0.1
22.9099,"/shooter/hasBall",true
22.909941,"/shooter/temperature",40
22.910212,"/climber/rightPos",0
22.929484,"/drivetrain/leftPos",0
22.929503,"/drivetrain/leftVelocity",0
22.929519,"/drivetrain/rightPos",0
22.929531,"/drivetrain/rightVelocity",0
22.929578,"/drivetrain/heading",-2.25
22.929586,"/drivetrain/headingVelocity",0
22.929593,"/drivetrain/xAcceleration",0
22.929598,"/drivetrain/yAcceleration",0
22.929757,"/drivetrain/leftOutputLog",0
22.92977,"/drivetrain/rightOutputLog",0
22.930464,"/intake/pos",0
22.93047,"/intake/output",0
22.930661,"/shooter/rpm",0
22.930686,"/shooter/output",0.1
22.93072,"/shooter/hasBall",true
22.930766,"/shooter/temperature",40
22.931134,"/climber/rightPos",0
22.950052,"/drivetrain/leftPos",0
22.950072,"/drivetrain/leftVelocity",0
22.950088,"/drivetrain/rightPos",0
22.950099,"/drivetrain/rightVelocity",0
22.950146,"/drivetrain/heading",-2.25
22.950156,"/drivetrain/headingVelocity",0
22.950162,"/drivetrain/xAcceleration",0
22.950167,"/drivetrain/yAcceleration",0
22.950172,"/drivetrain/leftOutputLog",0
22.950176,"/drivetrain/rightOutputLog",0
22.950833,"/intake/pos",0
22.950838,"/intake/output",0
22.951091,"/shooter/rpm",0
22.951114,"/shooter/output",0.1
22.951153,"/shooter/hasBall",true
22.951199,"/shooter/temperature",40
22.951355,"/climber/rightPos",0
22.969407,"/drivetrain/leftPos",0
22.969426,"/drivetrain/leftVelocity",0
22.969442,"/drivetrain/rightPos",0
22.969453,"/drivetrain/rightVelocity",0
22.969499,"/drivetrain/heading",-2.25
22.969508,"/drivetrain/headingVelocity",-0.0610351525247097
22.969515,"/drivetrain/xAcceleration",0
22.96952,"/drivetrain/yAcceleration",0
22.969525,"/drivetrain/leftOutputLog",0
22.969529,"/drivetrain/rightOutputLog",0
22.969945,"/intake/pos",0
22.969951,"/intake/output",0
22.970849,"/shooter/rpm",0
22.970877,"/shooter/output",0.1
22.97093,"/shooter/hasBall",true
22.970976,"/shooter/temperature",40
22.971135,"/climber/rightPos",0
22.989252,"/drivetrain/leftPos",0
22.989268,"/drivetrain/leftVelocity",0
22.989283,"/drivetrain/rightPos",0
22.989295,"/drivetrain/rightVelocity",0
22.989337,"/drivetrain/heading",-2.25
22.989345,"/drivetrain/headingVelocity",-0.0610351525247097
22.989351,"/drivetrain/xAcceleration",0
22.989356,"/drivetrain/yAcceleration",0
22.989361,"/drivetrain/leftOutputLog",0
22.989365,"/drivetrain/rightOutputLog",0
22.989779,"/intake/pos",0
22.989786,"/intake/output",0
22.990151,"/shooter/rpm",0
22.990182,"/shooter/output",0.1
22.990219,"/shooter/hasBall",true
22.990262,"/shooter/temperature",40
22.99056,"/climber/rightPos",0
23.009267,"/drivetrain/leftPos",0
23.009286,"/drivetrain/leftVelocity",0
23.009302,"/drivetrain/rightPos",0
23.009313,"/drivetrain/rightVelocity",0
23.009352,"/drivetrain/heading",-2.25
23.00936,"/drivetrain/headingVelocity",0
23.009366,"/drivetrain/xAcceleration",0
23.009371,"/drivetrain/yAcceleration",0
23.009376,"/drivetrain/leftOutputLog",0
23.009379,"/drivetrain/rightOutputLog",0
23.009646,"/intake/pos",0
23.009651,"/intake/output",0
23.009853,"/shooter/rpm",0
23.009913,"/shooter/output",0.1
23.009949,"/shooter/hasBall",true
23.009985,"/shooter/temperature",40
23.010247,"/climber/rightPos",0
23.029503,"/drivetrain/leftPos",0
23.029526,"/drivetrain/leftVelocity",0
23.029542,"/drivetrain/rightPos",0
23.029555,"/drivetrain/rightVelocity",0
23.029609,"/drivetrain/heading",-2.25
23.029619,"/drivetrain/headingVelocity",0
23.029626,"/drivetrain/xAcceleration",0
23.029631,"/drivetrain/yAcceleration",0
23.029636,"/drivetrain/leftOutputLog",0
23.02964,"/drivetrain/rightOutputLog",0
23.030073,"/intake/pos",0
23.030078,"/intake/output",0
23.030538,"/shooter/rpm",0
23.030567,"/shooter/output",0.1
23.030606,"/shooter/hasBall",true
23.030646,"/shooter/temperature",40
23.031112,"/climber/rightPos",0
23.052569,"/drivetrain/leftPos",0
23.052588,"/drivetrain/leftVelocity",0
23.052603,"/drivetrain/rightPos",0
23.052615,"/drivetrain/rightVelocity",0
23.05265,"/drivetrain/heading",-2.25
23.052659,"/drivetrain/headingVelocity",0
23.052665,"/drivetrain/xAcceleration",0
23.05267,"/drivetrain/yAcceleration",0
23.052675,"/drivetrain/leftOutputLog",0
23.052679,"/drivetrain/rightOutputLog",0
23.052999,"/intake/pos",0
23.053004,"/intake/output",0
23.053214,"/shooter/rpm",0
23.05328,"/shooter/output",0.1
23.053318,"/shooter/hasBall",true
23.053348,"/shooter/temperature",40
23.053625,"/climber/rightPos",0
23.070367,"/drivetrain/leftPos",0
23.070386,"/drivetrain/leftVelocity",0
23.070402,"/drivetrain/rightPos",0
23.070414,"/drivetrain/rightVelocity",0
23.070445,"/drivetrain/heading",-2.25
23.070453,"/drivetrain/headingVelocity",0
23.070459,"/drivetrain/xAcceleration",0
23.070464,"/drivetrain/yAcceleration",0
23.070469,"/drivetrain/leftOutputLog",0
23.070473,"/drivetrain/rightOutputLog",0
23.070677,"/intake/pos",0
23.070682,"/intake/output",0
23.070953,"/shooter/rpm",0
23.070981,"/shooter/output",0.1
23.071018,"/shooter/hasBall",true
23.071084,"/shooter/temperature",40
23.071234,"/climber/rightPos",0
23.089357,"/drivetrain/leftPos",0
23.089374,"/drivetrain/leftVelocity",0
23.08939,"/drivetrain/rightPos",0
23.089401,"/drivetrain/rightVelocity",0
23.089443,"/drivetrain/heading",-2.25
23.089452,"/drivetrain/headingVelocity",0
23.089459,"/drivetrain/xAcceleration",0
23.089464,"/drivetrain/yAcceleration",0
23.089468,"/drivetrain/leftOutputLog",0
23.089472,"/drivetrain/rightOutputLog",0
23.089699,"/intake/pos",0
23.089705,"/intake/output",0
23.089952,"/shooter/rpm",0
23.089975,"/shooter/output",0.1
23.090011,"/shooter/hasBall",true
23.090034,"/shooter/temperature",40
23.090199,"/climber/rightPos",0
23.109798,"/drivetrain/leftPos",0
23.109816,"/drivetrain/leftVelocity",0
23.109833,"/drivetrain/rightPos",0
23.109845,"/drivetrain/rightVelocity",0
23.109893,"/drivetrain/heading",-2.25
23.109903,"/drivetrain/headingVelocity",0
23.109909,"/drivetrain/xAcceleration",0
23.109914,"/drivetrain/yAcceleration",0
23.109919,"/drivetrain/leftOutputLog",0
23.109923,"/drivetrain/rightOutputLog",0
23.110578,"/intake/pos",0
23.110584,"/intake/output",0
23.110874,"/shooter/rpm",0
23.110896,"/shooter/output",0.1
23.110931,"/shooter/hasBall",true
23.110975,"/shooter/temperature",40
23.111128,"/climber/rightPos",0
23.129319,"/drivetrain/leftPos",0
23.129337,"/drivetrain/leftVelocity",0
23.129353,"/drivetrain/rightPos",0
23.129375,"/drivetrain/rightVelocity",0
23.129414,"/drivetrain/heading",-2.25
23.129422,"/drivetrain/headingVelocity",0
23.129428,"/drivetrain/xAcceleration",0
23.129433,"/drivetrain/yAcceleration",0
23.129437,"/drivetrain/leftOutputLog",0
23.129441,"/drivetrain/rightOutputLog",0
23.129684,"/intake/pos",0
23.129689,"/intake/output",0
23.12993,"/shooter/rpm",0
23.129955,"/shooter/output",0.1
23.12999,"/shooter/hasBall",true
23.130035,"/shooter/temperature",40
23.130184,"/climber/rightPos",0
23.149407,"/drivetrain/leftPos",0
23.149428,"/drivetrain/leftVelocity",0
23.149445,"/drivetrain/rightPos",0
23.149456,"/drivetrain/rightVelocity",0
23.149502,"/drivetrain/heading",-2.25
23.149511,"/drivetrain/headingVelocity",0
23.149517,"/drivetrain/xAcceleration",0
23.149522,"/drivetrain/yAcceleration",0
23.149528,"/drivetrain/leftOutputLog",0
23.149531,"/drivetrain/rightOutputLog",0
23.150097,"/intake/pos",0
23.150105,"/intake/output",0
23.150343,"/shooter/rpm",0
23.150488,"/shooter/output",0.1
23.150532,"/shooter/hasBall",true
23.150583,"/shooter/temperature",40
23.150779,"/climber/rightPos",0
23.169244,"/drivetrain/leftPos",0
23.16926,"/drivetrain/leftVelocity",0
23.169275,"/drivetrain/rightPos",0
23.169286,"/drivetrain/rightVelocity",0
23.169326,"/drivetrain/heading",-2.25
23.169335,"/drivetrain/headingVelocity",0
23.169341,"/drivetrain/xAcceleration",0
23.169346,"/drivetrain/yAcceleration",0
23.16935,"/drivetrain/leftOutputLog",0
23.169354,"/drivetrain/rightOutputLog",0
23.170385,"/intake/pos",0
23.17039,"/intake/output",0
23.170695,"/shooter/rpm",0
23.17073,"/shooter/output",0.1
23.170771,"/shooter/hasBall",true
23.17082,"/shooter/temperature",40
23.171125,"/climber/rightPos",0
23.190696,"/drivetrain/leftPos",0
23.190714,"/drivetrain/leftVelocity",0
23.19073,"/drivetrain/rightPos",0
23.190742,"/drivetrain/rightVelocity",0
23.19078,"/drivetrain/heading",-2.25
23.190789,"/drivetrain/headingVelocity",0
23.190794,"/drivetrain/xAcceleration",0
23.190799,"/drivetrain/yAcceleration",-0.003000000026077032
23.190804,"/drivetrain/leftOutputLog",0
23.190808,"/drivetrain/rightOutputLog",0
23.191116,"/intake/pos",0
23.191121,"/intake/output",0
23.191318,"/shooter/rpm",0
23.191341,"/shooter/output",0.1
23.191377,"/shooter/hasBall",true
23.191423,"/shooter/temperature",40
23.191579,"/climber/rightPos",0
23.209261,"/drivetrain/leftPos",0
23.209278,"/drivetrain/leftVelocity",0
23.209294,"/drivetrain/rightPos",0
23.209307,"/drivetrain/rightVelocity",0
23.209346,"/drivetrain/heading",-2.25
23.209355,"/drivetrain/headingVelocity",0
23.20936,"/drivetrain/xAcceleration",0
23.209365,"/drivetrain/yAcceleration",0
23.20937,"/drivetrain/leftOutputLog",0
23.209374,"/drivetrain/rightOutputLog",0
23.209686,"/intake/pos",0
23.209691,"/intake/output",0
23.210203,"/shooter/rpm",0
23.210229,"/shooter/output",0.1
23.210269,"/shooter/hasBall",true
23.210315,"/shooter/temperature",40
23.210557,"/climber/rightPos",0
23.229511,"/drivetrain/leftPos",0
23.22953,"/drivetrain/leftVelocity",0
23.229546,"/drivetrain/rightPos",0
23.229559,"/drivetrain/rightVelocity",0
23.229606,"/drivetrain/heading",-2.25
23.229616,"/drivetrain/headingVelocity",0
23.229622,"/drivetrain/xAcceleration",0
23.229627,"/drivetrain/yAcceleration",0
23.229633,"/drivetrain/leftOutputLog",0
23.229636,"/drivetrain/rightOutputLog",0
23.229957,"/intake/pos",0
23.230131,"/intake/output",0
23.230814,"/shooter/rpm",0
23.230838,"/shooter/output",0.1
23.230881,"/shooter/hasBall",true
23.230923,"/shooter/temperature",40
23.231404,"/climber/rightPos",0
23.249325,"/drivetrain/leftPos",0
23.249342,"/drivetrain/leftVelocity",0
23.249358,"/drivetrain/rightPos",0
23.24937,"/drivetrain/rightVelocity",0
23.249405,"/drivetrain/heading",-2.25
23.249413,"/drivetrain/headingVelocity",0
23.249419,"/drivetrain/xAcceleration",0
23.249423,"/drivetrain/yAcceleration",0
23.249428,"/drivetrain/leftOutputLog",0
23.249432,"/drivetrain/rightOutputLog",0
23.249787,"/intake/pos",0
23.249793,"/intake/output",0
23.250118,"/shooter/rpm",0
23.250279,"/shooter/output",0.1
23.250329,"/shooter/hasBall",true
23.250355,"/shooter/temperature",40
23.250792,"/climber/rightPos",0
23.269252,"/drivetrain/leftPos",0
23.269269,"/drivetrain/leftVelocity",0
23.269285,"/drivetrain/rightPos",0
23.269297,"/drivetrain/rightVelocity",0
23.269344,"/drivetrain/heading",-2.25
23.269354,"/drivetrain/headingVelocity",0
23.26936,"/drivetrain/xAcceleration",0
23.269365,"/drivetrain/yAcceleration",0
23.269371,"/drivetrain/leftOutputLog",0
23.269375,"/drivetrain/rightOutputLog",0
23.269606,"/intake/pos",0
23.269611,"/intake/output",0
23.269816,"/shooter/rpm",0
23.269841,"/shooter/output",0.1
23.269882,"/shooter/hasBall",true
23.269917,"/shooter/temperature",40
23.270216,"/climber/rightPos",0
23.289283,"/drivetrain/leftPos",0
23.2893,"/drivetrain/leftVelocity",0
23.289316,"/drivetrain/rightPos",0
23.289327,"/drivetrain/rightVelocity",0
23.289371,"/drivetrain/heading",-2.25
23.289379,"/drivetrain/headingVelocity",0
23.289385,"/drivetrain/xAcceleration",0
23.28939,"/drivetrain/yAcceleration",0
23.289395,"/drivetrain/leftOutputLog",0
23.289399,"/drivetrain/rightOutputLog",0
23.289646,"/intake/pos",0
23.289651,"/intake/output",0
23.289901,"/shooter/rpm",0
23.289924,"/shooter/output",0.1
23.289998,"/shooter/hasBall",true
23.290042,"/shooter/temperature",40
23.290215,"/climber/rightPos",0
23.309439,"/drivetrain/leftPos",0
23.309456,"/drivetrain/leftVelocity",0
23.309472,"/drivetrain/rightPos",0
23.309484,"/drivetrain/rightVelocity",0
23.309522,"/drivetrain/heading",-2.25
23.30953,"/drivetrain/headingVelocity",0
23.309536,"/drivetrain/xAcceleration",0
23.309541,"/drivetrain/yAcceleration",0
23.309546,"/drivetrain/leftOutputLog",0
23.30955,"/drivetrain/rightOutputLog",0
23.31013,"/intake/pos",0
23.310135,"/intake/output",0
23.311069,"/shooter/rpm",0
23.311089,"/shooter/output",0.1
23.311129,"/shooter/hasBall",true
23.311162,"/shooter/temperature",40
23.311356,"/climber/rightPos",0
23.329762,"/drivetrain/leftPos",0
23.329784,"/drivetrain/leftVelocity",0
23.3298,"/drivetrain/rightPos",0
23.329813,"/drivetrain/rightVelocity",0
23.329861,"/drivetrain/heading",-2.25
23.32987,"/drivetrain/headingVelocity",0
23.329876,"/drivetrain/xAcceleration",0
23.329882,"/drivetrain/yAcceleration",0
23.329887,"/drivetrain/leftOutputLog",0
23.329891,"/drivetrain/rightOutputLog",0
23.330399,"/intake/pos",0
23.330404,"/intake/output",0
23.330637,"/shooter/rpm",0
23.330709,"/shooter/output",0.1
23.330747,"/shooter/hasBall",true
23.330772,"/shooter/temperature",40
23.330998,"/climber/rightPos",0
23.350628,"/drivetrain/leftPos",0
23.350646,"/drivetrain/leftVelocity",0
23.350662,"/drivetrain/rightPos",0
23.350674,"/drivetrain/rightVelocity",0
23.350709,"/drivetrain/heading",-2.25
23.350718,"/drivetrain/headingVelocity",0
23.350724,"/drivetrain/xAcceleration",0
23.35073,"/drivetrain/yAcceleration",0
23.350734,"/drivetrain/leftOutputLog",0
23.350738,"/drivetrain/rightOutputLog",0
23.351013,"/intake/pos",0
23.351022,"/intake/output",0
23.351535,"/shooter/rpm",0
23.351554,"/shooter/output",0.1
23.351593,"/shooter/hasBall",true
23.351617,"/shooter/temperature",40
23.35212,"/climber/rightPos",0
23.369437,"/drivetrain/leftPos",0
23.369456,"/drivetrain/leftVelocity",0
23.369517,"/drivetrain/rightPos",0
23.36954,"/drivetrain/rightVelocity",0
23.369585,"/drivetrain/heading",-2.25
23.369594,"/drivetrain/headingVelocity",0
23.369601,"/drivetrain/xAcceleration",0
23.369606,"/drivetrain/yAcceleration",0
23.369611,"/drivetrain/leftOutputLog",0
23.369615,"/drivetrain/rightOutputLog",0
23.369856,"/intake/pos",0
23.369862,"/intake/output",0
23.370316,"/shooter/rpm",0
23.370344,"/shooter/output",0.1
23.370383,"/shooter/hasBall",true
23.370435,"/shooter/temperature",40
23.370869,"/climber/rightPos",0
23.389281,"/drivetrain/leftPos",0
23.389298,"/drivetrain/leftVelocity",0
23.389314,"/drivetrain/rightPos",0
23.389326,"/drivetrain/rightVelocity",0
23.389369,"/drivetrain/heading",-2.25
23.389378,"/drivetrain/headingVelocity",0
23.389384,"/drivetrain/xAcceleration",0
23.389389,"/drivetrain/yAcceleration",0
23.389394,"/drivetrain/leftOutputLog",0
23.389398,"/drivetrain/rightOutputLog",0
23.389602,"/intake/pos",0
23.389608,"/intake/output",0
23.38979,"/shooter/rpm",0
23.389812,"/shooter/output",0.1
23.389845,"/shooter/hasBall",true
23.389887,"/shooter/temperature",40
23.39017,"/climber/rightPos",0
23.409921,"/drivetrain/leftPos",0
23.409941,"/drivetrain/leftVelocity",0
23.409958,"/drivetrain/rightPos",0
23.40997,"/drivetrain/rightVelocity",0
23.410014,"/drivetrain/heading",-2.25
23.410023,"/drivetrain/headingVelocity",0
23.410029,"/drivetrain/xAcceleration",0
23.410034,"/drivetrain/yAcceleration",0
23.41004,"/drivetrain/leftOutputLog",0
23.410043,"/drivetrain/rightOutputLog",0
23.410268,"/intake/pos",0
23.410273,"/intake/output",0
23.410476,"/shooter/rpm",0
23.410498,"/shooter/output",0.1
23.410534,"/shooter/hasBall",true
23.410576,"/shooter/temperature",40
23.41083,"/climber/rightPos",0
23.429816,"/drivetrain/leftPos",0
23.429834,"/drivetrain/leftVelocity",0
23.42985,"/drivetrain/rightPos",0
23.429861,"/drivetrain/rightVelocity",0
23.429906,"/drivetrain/heading",-2.25
23.429915,"/drivetrain/headingVelocity",0
23.429921,"/drivetrain/xAcceleration",0
23.429926,"/drivetrain/yAcceleration",0
23.429931,"/drivetrain/leftOutputLog",0
23.429935,"/drivetrain/rightOutputLog",0
23.430341,"/intake/pos",0
23.430345,"/intake/output",0
23.430851,"/shooter/rpm",0
23.430871,"/shooter/output",0.1
23.430911,"/shooter/hasBall",true
23.43096,"/shooter/temperature",40
23.431158,"/climber/rightPos",0
23.449294,"/drivetrain/leftPos",0
23.449311,"/drivetrain/leftVelocity",0
23.449326,"/drivetrain/rightPos",0
23.449338,"/drivetrain/rightVelocity",0
23.449379,"/drivetrain/heading",-2.25
23.449387,"/drivetrain/headingVelocity",0
23.449393,"/drivetrain/xAcceleration",0
23.449398,"/drivetrain/yAcceleration",0
23.449402,"/drivetrain/leftOutputLog",0
23.449406,"/drivetrain/rightOutputLog",0
23.449601,"/intake/pos",0
23.449606,"/intake/output",0
23.449785,"/shooter/rpm",0
23.449808,"/shooter/output",0.1
23.449842,"/shooter/hasBall",true
23.449885,"/shooter/temperature",40
23.450134,"/climber/rightPos",0
23.469401,"/drivetrain/leftPos",0
23.469422,"/drivetrain/leftVelocity",0
23.46944,"/drivetrain/rightPos",0
23.469508,"/drivetrain/rightVelocity",0
23.469557,"/drivetrain/heading",-2.25
23.469566,"/drivetrain/headingVelocity",0.0610351525247097
23.469572,"/drivetrain/xAcceleration",0
23.469577,"/drivetrain/yAcceleration",0
23.469583,"/drivetrain/leftOutputLog",0
23.469587,"/drivetrain/rightOutputLog",0
23.469815,"/intake/pos",0
23.46982,"/intake/output",0
23.470887,"/shooter/rpm",0
23.470906,"/shooter/output",0.1
23.470946,"/shooter/hasBall",true
23.47099,"/shooter/temperature",40
23.471298,"/climber/rightPos",0
23.489374,"/drivetrain/leftPos",0
23.489392,"/drivetrain/leftVelocity",0
23.489408,"/drivetrain/rightPos",0
23.489421,"/drivetrain/rightVelocity",0
23.48946,"/drivetrain/heading",-2.25
23.489468,"/drivetrain/headingVelocity",0
23.489474,"/drivetrain/xAcceleration",0
23.489479,"/drivetrain/yAcceleration",0
23.489483,"/drivetrain/leftOutputLog",0
23.489487,"/drivetrain/rightOutputLog",0
23.489693,"/intake/pos",0
23.489698,"/intake/output",0
23.49021,"/shooter/rpm",0
23.490242,"/shooter/output",0.1
23.490286,"/shooter/hasBall",true
23.490312,"/shooter/temperature",40
23.490652,"/climber/rightPos",0
23.509286,"/drivetrain/leftPos",0
23.509304,"/drivetrain/leftVelocity",0
23.50932,"/drivetrain/rightPos",0
23.509332,"/drivetrain/rightVelocity",0
23.509377,"/drivetrain/heading",-2.25
23.509386,"/drivetrain/headingVelocity",0
23.509392,"/drivetrain/xAcceleration",0
23.509397,"/drivetrain/yAcceleration",0
23.509402,"/drivetrain/leftOutputLog",0
23.509405,"/drivetrain/rightOutputLog",0
23.509642,"/intake/pos",0
23.509648,"/intake/output",0
23.509881,"/shooter/rpm",0
23.509905,"/shooter/output",0.1
23.50994,"/shooter/hasBall",true
23.509978,"/shooter/temperature",40
23.510181,"/climber/rightPos",0
23.530647,"/drivetrain/leftPos",0
23.530665,"/drivetrain/leftVelocity",0
23.530681,"/drivetrain/rightPos",0
23.530694,"/drivetrain/rightVelocity",0
23.530729,"/drivetrain/heading",-2.25
23.530738,"/drivetrain/headingVelocity",0
23.530743,"/drivetrain/xAcceleration",0
23.530748,"/drivetrain/yAcceleration",0
23.530753,"/drivetrain/leftOutputLog",0
23.530757,"/drivetrain/rightOutputLog",0
23.531022,"/intake/pos",0
23.531027,"/intake/output",0
23.531263,"/shooter/rpm",0
23.531285,"/shooter/output",0.1
23.531324,"/shooter/hasBall",true
23.531511,"/shooter/temperature",40
23.531702,"/climber/rightPos",0
23.549497,"/drivetrain/leftPos",0
23.549515,"/drivetrain/leftVelocity",0
23.549531,"/drivetrain/rightPos",0
23.549543,"/drivetrain/rightVelocity",0
23.549589,"/drivetrain/heading",-2.25
23.549598,"/drivetrain/headingVelocity",0
23.549604,"/drivetrain/xAcceleration",0
23.549609,"/drivetrain/yAcceleration",0
23.549614,"/drivetrain/leftOutputLog",0
23.549618,"/drivetrain/rightOutputLog",0
23.550017,"/intake/pos",0
23.550022,"/intake/output",0
23.55058,"/shooter/rpm",0
23.550605,"/shooter/output",0.1
23.550647,"/shooter/hasBall",true
23.550675,"/shooter/temperature",40
23.550885,"/climber/rightPos",0
23.569254,"/drivetrain/leftPos",0
23.569271,"/drivetrain/leftVelocity",0
23.569285,"/drivetrain/rightPos",0
23.569297,"/drivetrain/rightVelocity",0
23.569338,"/drivetrain/heading",-2.25
23.569347,"/drivetrain/headingVelocity",0
23.569354,"/drivetrain/xAcceleration",0
23.569359,"/drivetrain/yAcceleration",0
23.569363,"/drivetrain/leftOutputLog",0
23.569367,"/drivetrain/rightOutputLog",0
23.569609,"/intake/pos",0
23.569614,"/intake/output",0
23.569847,"/shooter/rpm",0
23.569871,"/shooter/output",0.1
23.569976,"/shooter/hasBall",true
23.570012,"/shooter/temperature",40
23.570176,"/climber/rightPos",0
23.589399,"/drivetrain/leftPos",0
23.589416,"/drivetrain/leftVelocity",0
23.589433,"/drivetrain/rightPos",0
23.589445,"/drivetrain/rightVelocity",0
23.589492,"/drivetrain/heading",-2.25
23.589502,"/drivetrain/headingVelocity",-0.0610351525247097
23.589508,"/drivetrain/xAcceleration",0
23.589513,"/drivetrain/yAcceleration",0
23.589518,"/drivetrain/leftOutputLog",0
23.589522,"/drivetrain/rightOutputLog",0
23.589898,"/intake/pos",0
23.589903,"/intake/output",0
23.590272,"/shooter/rpm",0
23.590294,"/shooter/output",0.1
23.590331,"/shooter/hasBall",true
23.590355,"/shooter/temperature",40
23.590516,"/climber/rightPos",0
23.610863,"/drivetrain/leftPos",0
23.610882,"/drivetrain/leftVelocity",0
23.610899,"/drivetrain/rightPos",0
23.61091,"/drivetrain/rightVelocity",0
23.610946,"/drivetrain/heading",-2.25
23.610955,"/drivetrain/headingVelocity",-0.0610351525247097
23.61096,"/drivetrain/xAcceleration",0
23.610966,"/drivetrain/yAcceleration",0
23.61097,"/drivetrain/leftOutputLog",0
23.610974,"/drivetrain/rightOutputLog",0
23.611215,"/intake/pos",0
23.611224,"/intake/output",0
23.611452,"/shooter/rpm",0
23.611478,"/shooter/output",0.1
23.611514,"/shooter/hasBall",true
23.611616,"/shooter/temperature",40
23.611896,"/climber/rightPos",0
23.629325,"/drivetrain/leftPos",0
23.629344,"/drivetrain/leftVelocity",0
23.62936,"/drivetrain/rightPos",0
23.629381,"/drivetrain/rightVelocity",0
23.629424,"/drivetrain/heading",-2.25
23.629433,"/drivetrain/headingVelocity",0
23.629439,"/drivetrain/xAcceleration",0
23.629444,"/drivetrain/yAcceleration",0
23.629449,"/drivetrain/leftOutputLog",0
23.629453,"/drivetrain/rightOutputLog",0
23.629703,"/intake/pos",0
23.629711,"/intake/output",0
23.631628,"/shooter/rpm",0
23.631649,"/shooter/output",0.1
23.631712,"/shooter/hasBall",true
23.63176,"/shooter/temperature",40
23.631994,"/climber/rightPos",0
23.64991,"/drivetrain/leftPos",0
23.649929,"/drivetrain/leftVelocity",0
23.649946,"/drivetrain/rightPos",0
23.649958,"/drivetrain/rightVelocity",0
23.650436,"/drivetrain/heading",-2.25
23.650446,"/drivetrain/headingVelocity",0
23.650452,"/drivetrain/xAcceleration",0
23.650457,"/drivetrain/yAcceleration",0
23.650462,"/drivetrain/leftOutputLog",0
23.650466,"/drivetrain/rightOutputLog",0
23.650694,"/intake/pos",0
23.650699,"/intake/output",0
23.650898,"/shooter/rpm",0
23.650921,"/shooter/output",0.1
23.650966,"/shooter/hasBall",true
23.651003,"/shooter/temperature",40
23.651228,"/climber/rightPos",0
23.669811,"/drivetrain/leftPos",0
23.669829,"/drivetrain/leftVelocity",0
23.669844,"/drivetrain/rightPos",0
23.669855,"/drivetrain/rightVelocity",0
23.669902,"/drivetrain/heading",-2.25
23.669911,"/drivetrain/headingVelocity",0
23.669917,"/drivetrain/xAcceleration",0
23.669922,"/drivetrain/yAcceleration",0
23.669927,"/drivetrain/leftOutputLog",0
23.669931,"/drivetrain/rightOutputLog",0
23.670631,"/intake/pos",0
23.670636,"/intake/output",0
23.671117,"/shooter/rpm",0
23.671138,"/shooter/output",0.1
23.671178,"/shooter/hasBall",true
23.671234,"/shooter/temperature",40
23.671416,"/climber/rightPos",0
23.689473,"/drivetrain/leftPos",0
23.689491,"/drivetrain/leftVelocity",0
23.689507,"/drivetrain/rightPos",0
23.689519,"/drivetrain/rightVelocity",0
23.689566,"/drivetrain/heading",-2.25
23.689575,"/drivetrain/headingVelocity",0
23.689581,"/drivetrain/xAcceleration",0
23.689586,"/drivetrain/yAcceleration",0
23.689591,"/drivetrain/leftOutputLog",0
23.689595,"/drivetrain/rightOutputLog",0
23.689827,"/intake/pos",0
23.689832,"/intake/output",0
23.690071,"/shooter/rpm",0
23.690094,"/shooter/output",0.1
23.69017,"/shooter/hasBall",true
23.690345,"/shooter/temperature",40
23.690742,"/climber/rightPos",0
23.70926,"/drivetrain/leftPos",0
23.709277,"/drivetrain/leftVelocity",0
23.709292,"/drivetrain/rightPos",0
23.709303,"/drivetrain/rightVelocity",0
23.709344,"/drivetrain/heading",-2.25
23.709353,"/drivetrain/headingVelocity",0
23.709358,"/drivetrain/xAcceleration",0
23.709363,"/drivetrain/yAcceleration",0
23.709368,"/drivetrain/leftOutputLog",0
23.709371,"/drivetrain/rightOutputLog",0
23.709572,"/intake/pos",0
23.709577,"/intake/output",0
23.709773,"/shooter/rpm",0
23.709796,"/shooter/output",0.1
23.712012,"/shooter/hasBall",true
23.712093,"/shooter/temperature",40
23.712317,"/climber/rightPos",0
23.729302,"/drivetrain/leftPos",0
23.729319,"/drivetrain/leftVelocity",0
23.729335,"/drivetrain/rightPos",0
23.729347,"/drivetrain/rightVelocity",0
23.72939,"/drivetrain/heading",-2.25
23.7294,"/drivetrain/headingVelocity",0
23.729406,"/drivetrain/xAcceleration",0
23.729411,"/drivetrain/yAcceleration",0
23.729417,"/drivetrain/leftOutputLog",0
23.729421,"/drivetrain/rightOutputLog",0
23.729822,"/intake/pos",0
23.729828,"/intake/output",0
23.730801,"/shooter/rpm",0
23.730826,"/shooter/output",0.1
23.730866,"/shooter/hasBall",true
23.730906,"/shooter/temperature",40
23.73113,"/climber/rightPos",0
23.749245,"/drivetrain/leftPos",0
23.749261,"/drivetrain/leftVelocity",0
23.749277,"/drivetrain/rightPos",0
23.749289,"/drivetrain/rightVelocity",0
23.74933,"/drivetrain/heading",-2.25
23.749339,"/drivetrain/headingVelocity",0
23.749345,"/drivetrain/xAcceleration",0
23.749349,"/drivetrain/yAcceleration",0
23.749354,"/drivetrain/leftOutputLog",0
23.749358,"/drivetrain/rightOutputLog",0
23.749703,"/intake/pos",0
23.749709,"/intake/output",0
23.74998,"/shooter/rpm",0
23.750011,"/shooter/output",0.1
23.75025,"/shooter/hasBall",true
23.750295,"/shooter/temperature",40
23.750613,"/climber/rightPos",0
23.769328,"/drivetrain/leftPos",0
23.76947,"/drivetrain/leftVelocity",0
23.769488,"/drivetrain/rightPos",0
23.769501,"/drivetrain/rightVelocity",0
23.769551,"/drivetrain/heading",-2.25
23.769562,"/drivetrain/headingVelocity",0
23.769568,"/drivetrain/xAcceleration",0
23.769574,"/drivetrain/yAcceleration",0
23.76958,"/drivetrain/leftOutputLog",0
23.769584,"/drivetrain/rightOutputLog",0
23.770066,"/intake/pos",0
23.770072,"/intake/output",0
23.770451,"/shooter/rpm",0
23.770477,"/shooter/output",0.1
23.770516,"/shooter/hasBall",true
23.770556,"/shooter/temperature",40
23.770982,"/climber/rightPos",0
23.789235,"/drivetrain/leftPos",0
23.789251,"/drivetrain/leftVelocity",0
23.789267,"/drivetrain/rightPos",0
23.789278,"/drivetrain/rightVelocity",0
23.789317,"/drivetrain/heading",-2.25
23.789325,"/drivetrain/headingVelocity",0
23.789331,"/drivetrain/xAcceleration",0
23.789336,"/drivetrain/yAcceleration",0
23.78934,"/drivetrain/leftOutputLog",0
23.789344,"/drivetrain/rightOutputLog",0
23.7896,"/intake/pos",0
23.789605,"/intake/output",0
23.789803,"/shooter/rpm",0
23.789863,"/shooter/output",0.1
23.789913,"/shooter/hasBall",true
23.789942,"/shooter/temperature",40
23.790114,"/climber/rightPos",0
23.809379,"/drivetrain/leftPos",0
23.809395,"/drivetrain/leftVelocity",0
23.80941,"/drivetrain/rightPos",0
23.809421,"/drivetrain/rightVelocity",0
23.809458,"/drivetrain/heading",-2.25
23.809467,"/drivetrain/headingVelocity",0
23.809473,"/drivetrain/xAcceleration",0
23.809478,"/drivetrain/yAcceleration",0
23.809483,"/drivetrain/leftOutputLog",0
23.809487,"/drivetrain/rightOutputLog",0
23.810015,"/intake/pos",0
23.810021,"/intake/output",0
23.810397,"/shooter/rpm",0
23.810431,"/shooter/output",0.1
23.810544,"/shooter/hasBall",true
23.810569,"/shooter/temperature",40
23.810875,"/climber/rightPos",0
23.830445,"/drivetrain/leftPos",0
23.830631,"/drivetrain/leftVelocity",0
23.83065,"/drivetrain/rightPos",0
23.830662,"/drivetrain/rightVelocity",0
23.830693,"/drivetrain/heading",-2.25
23.830701,"/drivetrain/headingVelocity",0
23.830707,"/drivetrain/xAcceleration",0
23.830712,"/drivetrain/yAcceleration",0
23.830717,"/drivetrain/leftOutputLog",0
23.830721,"/drivetrain/rightOutputLog",0
23.830937,"/intake/pos",0
23.830942,"/intake/output",0
23.83122,"/shooter/rpm",0
23.831243,"/shooter/output",0.1
23.831281,"/shooter/hasBall",true
23.831305,"/shooter/temperature",40
23.831579,"/climber/rightPos",0
23.849462,"/drivetrain/leftPos",0
23.84948,"/drivetrain/leftVelocity",0
23.849497,"/drivetrain/rightPos",0
23.849509,"/drivetrain/rightVelocity",0
23.849561,"/drivetrain/heading",-2.240000009536743
23.84957,"/drivetrain/headingVelocity",-0.1220703050494194
23.849576,"/drivetrain/xAcceleration",0
23.849582,"/drivetrain/yAcceleration",0
23.849587,"/drivetrain/leftOutputLog",0
23.849591,"/drivetrain/rightOutputLog",0
23.849929,"/intake/pos",0
23.849934,"/intake/output",0
23.850886,"/shooter/rpm",0
23.850905,"/shooter/output",0.1
23.850952,"/shooter/hasBall",true
23.851002,"/shooter/temperature",40
23.851305,"/climber/rightPos",0
23.869386,"/drivetrain/leftPos",0
23.869418,"/drivetrain/leftVelocity",0
23.869438,"/drivetrain/rightPos",0
23.869452,"/drivetrain/rightVelocity",0
23.869926,"/drivetrain/heading",-2.240000009536743
23.869953,"/drivetrain/headingVelocity",-0.1220703050494194
23.86996,"/drivetrain/xAcceleration",0
23.869965,"/drivetrain/yAcceleration",0
23.86997,"/drivetrain/leftOutputLog",0
23.869974,"/drivetrain/rightOutputLog",0
23.87076,"/intake/pos",0
23.870766,"/intake/output",0
23.87099,"/shooter/rpm",0
23.871011,"/shooter/output",0.1
23.871048,"/shooter/hasBall",true
23.871097,"/shooter/temperature",40
23.871277,"/climber/rightPos",0
23.889238,"/drivetrain/leftPos",0
23.889256,"/drivetrain/leftVelocity",0
23.889271,"/drivetrain/rightPos",0
23.889283,"/drivetrain/rightVelocity",0
23.889326,"/drivetrain/heading",-2.240000009536743
23.889335,"/drivetrain/headingVelocity",-0.0610351525247097
23.88934,"/drivetrain/xAcceleration",0
23.889345,"/drivetrain/yAcceleration",-0.004999999888241291
23.88935,"/drivetrain/leftOutputLog",0
23.889354,"/drivetrain/rightOutputLog",0
23.889541,"/intake/pos",0
23.889546,"/intake/output",0
23.889744,"/shooter/rpm",0
23.889808,"/shooter/output",0.1
23.889849,"/shooter/hasBall",true
23.8899,"/shooter/temperature",40
23.890284,"/climber/rightPos",0
23.90949,"/drivetrain/leftPos",0
23.909508,"/drivetrain/leftVelocity",0
23.909525,"/drivetrain/rightPos",0
23.909537,"/drivetrain/rightVelocity",0
23.909582,"/drivetrain/heading",-2.240000009536743
23.909592,"/drivetrain/headingVelocity",0
23.909598,"/drivetrain/xAcceleration",0
23.909604,"/drivetrain/yAcceleration",-0.003000000026077032
23.90961,"/drivetrain/leftOutputLog",0
23.909613,"/drivetrain/rightOutputLog",0
23.909942,"/intake/pos",0
23.909947,"/intake/output",0
23.910493,"/shooter/rpm",0
23.910513,"/shooter/output",0.1
23.910551,"/shooter/hasBall",true
23.910593,"/shooter/temperature",40
23.910754,"/climber/rightPos",0
23.929849,"/drivetrain/leftPos",0
23.929872,"/drivetrain/leftVelocity",0
23.929888,"/drivetrain/rightPos",0
23.9299,"/drivetrain/rightVelocity",0
23.930068,"/drivetrain/heading",-2.240000009536743
23.93008,"/drivetrain/headingVelocity",0.0610351525247097
23.930087,"/drivetrain/xAcceleration",0
23.930092,"/drivetrain/yAcceleration",0
23.930098,"/drivetrain/leftOutputLog",0
23.930102,"/drivetrain/rightOutputLog",0
23.930467,"/intake/pos",0
23.930472,"/intake/output",0
23.930704,"/shooter/rpm",0
23.930725,"/shooter/output",0.1
23.930818,"/shooter/hasBall",true
23.930863,"/shooter/temperature",40
23.931057,"/climber/rightPos",0
23.949607,"/drivetrain/leftPos",0
23.949624,"/drivetrain/leftVelocity",0
23.949638,"/drivetrain/rightPos",0
23.94965,"/drivetrain/rightVelocity",0
23.949688,"/drivetrain/heading",-2.240000009536743
23.949697,"/drivetrain/headingVelocity",0.0610351525247097
23.949703,"/drivetrain/xAcceleration",0
23.949708,"/drivetrain/yAcceleration",0
23.949713,"/drivetrain/leftOutputLog",0
23.949717,"/drivetrain/rightOutputLog",0
23.950638,"/intake/pos",0
23.950644,"/intake/output",0
23.950893,"/shooter/rpm",0
23.950918,"/shooter/output",0.1
23.950959,"/shooter/hasBall",true
23.950998,"/shooter/temperature",40
23.95134,"/climber/rightPos",0
23.970799,"/drivetrain/leftPos",0
23.97091,"/drivetrain/leftVelocity",0
23.970928,"/drivetrain/rightPos",0
23.97094,"/drivetrain/rightVelocity",0
23.970974,"/drivetrain/heading",-2.25
23.970983,"/drivetrain/headingVelocity",0.0610351525247097
23.970989,"/drivetrain/xAcceleration",0
23.970993,"/drivetrain/yAcceleration",0
23.970998,"/drivetrain/leftOutputLog",0
23.971002,"/drivetrain/rightOutputLog",0
23.971227,"/intake/pos",0
23.971232,"/intake/output",0
23.971452,"/shooter/rpm",0
23.971475,"/shooter/output",0.1
23.971553,"/shooter/hasBall",true
23.97159,"/shooter/temperature",40
23.971812,"/climber/rightPos",0
23.989436,"/drivetrain/leftPos",0
23.989455,"/drivetrain/leftVelocity",0
23.989471,"/drivetrain/rightPos",0
23.989485,"/drivetrain/rightVelocity",0
23.989532,"/drivetrain/heading",-2.25
23.989541,"/drivetrain/headingVelocity",0
23.989547,"/drivetrain/xAcceleration",0
23.989552,"/drivetrain/yAcceleration",0.004000000189989805
23.989557,"/drivetrain/leftOutputLog",0
23.989561,"/drivetrain/rightOutputLog",0
23.990338,"/intake/pos",0
23.990344,"/intake/output",0
23.990845,"/shooter/rpm",0
23.990872,"/shooter/output",0.1
23.990936,"/shooter/hasBall",true
23.991048,"/shooter/temperature",40
23.991291,"/climber/rightPos",0
24.010085,"/drivetrain/leftPos",0
24.010105,"/drivetrain/leftVelocity",0
24.010122,"/drivetrain/rightPos",0
24.010166,"/drivetrain/rightVelocity",0
24.010202,"/drivetrain/heading",-2.25
24.010212,"/drivetrain/headingVelocity",0
24.010218,"/drivetrain/xAcceleration",0
24.010223,"/drivetrain/yAcceleration",0
24.010228,"/drivetrain/leftOutputLog",0
24.010232,"/drivetrain/rightOutputLog",0
24.010497,"/intake/pos",0
24.010502,"/intake/output",0
24.010778,"/shooter/rpm",0
24.010802,"/shooter/output",0.1
24.010839,"/shooter/hasBall",true
24.010879,"/shooter/temperature",40
24.011208,"/climber/rightPos",0
24.030514,"/drivetrain/leftPos",0
24.030532,"/drivetrain/leftVelocity",0
24.030548,"/drivetrain/rightPos",0
24.03056,"/drivetrain/rightVelocity",0
24.030592,"/drivetrain/heading",-2.25
24.030601,"/drivetrain/headingVelocity",0
24.030606,"/drivetrain/xAcceleration",0
24.030611,"/drivetrain/yAcceleration",0
24.030616,"/drivetrain/leftOutputLog",0
24.03062,"/drivetrain/rightOutputLog",0
24.030886,"/intake/pos",0
24.030895,"/intake/output",0
24.031109,"/shooter/rpm",0
24.031177,"/shooter/output",0.1
24.031216,"/shooter/hasBall",true
24.031249,"/shooter/temperature",40
24.03143,"/climber/rightPos",0
24.050932,"/drivetrain/leftPos",0
24.050949,"/drivetrain/leftVelocity",0
24.050964,"/drivetrain/rightPos",0
24.050975,"/drivetrain/rightVelocity",0
24.05101,"/drivetrain/heading",-2.25
24.051018,"/drivetrain/headingVelocity",0
24.051024,"/drivetrain/xAcceleration",0
24.051029,"/drivetrain/yAcceleration",-0.003000000026077032
24.051034,"/drivetrain/leftOutputLog",0
24.051038,"/drivetrain/rightOutputLog",0
24.051276,"/intake/pos",0
24.051281,"/intake/output",0
24.051495,"/shooter/rpm",0
24.051517,"/shooter/output",0.1
24.051551,"/shooter/hasBall",true
24.051575,"/shooter/temperature",40
24.051756,"/climber/rightPos",0
24.070463,"/drivetrain/leftPos",0
24.070608,"/drivetrain/leftVelocity",0
24.070627,"/drivetrain/rightPos",0
24.07064,"/drivetrain/rightVelocity",0
24.07068,"/drivetrain/heading",-2.25
24.070689,"/drivetrain/headingVelocity",0
24.070695,"/drivetrain/xAcceleration",-0.004000000189989805
24.0707,"/drivetrain/yAcceleration",0
24.070705,"/drivetrain/leftOutputLog",0
24.070709,"/drivetrain/rightOutputLog",0
24.070944,"/intake/pos",0
24.070949,"/intake/output",0
24.071213,"/shooter/rpm",0
24.071237,"/shooter/output",0.1
24.071284,"/shooter/hasBall",true
24.071309,"/shooter/temperature",40
24.071488,"/climber/rightPos",0
24.089419,"/drivetrain/leftPos",0
24.089449,"/drivetrain/leftVelocity",0
24.089467,"/drivetrain/rightPos",0
24.089479,"/drivetrain/rightVelocity",0
24.089525,"/drivetrain/heading",-2.240000009536743
24.089537,"/drivetrain/headingVelocity",0
24.089543,"/drivetrain/xAcceleration",0
24.089548,"/drivetrain/yAcceleration",0
24.089553,"/drivetrain/leftOutputLog",0
24.089557,"/drivetrain/rightOutputLog",0
24.08996,"/intake/pos",0
24.089965,"/intake/output",0
24.09024,"/shooter/rpm",0
24.090269,"/shooter/output",0.1
24.090307,"/shooter/hasBall",true
24.09035,"/shooter/temperature",40
24.090503,"/climber/rightPos",0
24.112296,"/drivetrain/leftPos",0
24.112313,"/drivetrain/leftVelocity",0
24.11233,"/drivetrain/rightPos",0
24.112342,"/drivetrain/rightVelocity",0
24.112377,"/drivetrain/heading",-2.240000009536743
24.112386,"/drivetrain/headingVelocity",-0.1220703050494194
24.112392,"/drivetrain/xAcceleration",0
24.112397,"/drivetrain/yAcceleration",0
24.112402,"/drivetrain/leftOutputLog",0
24.112406,"/drivetrain/rightOutputLog",0
24.112664,"/intake/pos",0
24.11267,"/intake/output",0
24.112914,"/shooter/rpm",0
24.112939,"/shooter/output",0.1
24.112976,"/shooter/hasBall",true
24.113021,"/shooter/temperature",40
24.113178,"/climber/rightPos",0
24.129618,"/drivetrain/leftPos",0
24.129637,"/drivetrain/leftVelocity",0
24.129653,"/drivetrain/rightPos",0
24.129665,"/drivetrain/rightVelocity",0
24.130239,"/drivetrain/heading",-2.240000009536743
24.130345,"/drivetrain/headingVelocity",-0.1220703050494194
24.130356,"/drivetrain/xAcceleration",0
24.130362,"/drivetrain/yAcceleration",0
24.130367,"/drivetrain/leftOutputLog",0
24.130371,"/drivetrain/rightOutputLog",0
24.130597,"/intake/pos",0
24.130602,"/intake/output",0
24.130789,"/shooter/rpm",0
24.130813,"/shooter/output",0.1
24.130848,"/shooter/hasBall",true
24.130899,"/shooter/temperature",40
24.131048,"/climber/rightPos",0
24.150306,"/drivetrain/leftPos",0
24.150324,"/drivetrain/leftVelocity",0
24.150341,"/drivetrain/rightPos",0
24.150353,"/drivetrain/rightVelocity",0
24.150385,"/drivetrain/heading",-2.2300000190734863
24.150393,"/drivetrain/headingVelocity",-0.0610351525247097
24.150399,"/drivetrain/xAcceleration",0
24.150405,"/drivetrain/yAcceleration",0
24.150409,"/drivetrain/leftOutputLog",0
24.150413,"/drivetrain/rightOutputLog",0
24.150759,"/intake/pos",0
24.150764,"/intake/output",0
24.150949,"/shooter/rpm",0
24.150972,"/shooter/output",0.1
24.151006,"/shooter/hasBall",true
24.15105,"/shooter/temperature",40
24.151198,"/climber/rightPos",0
24.170249,"/drivetrain/leftPos",0
24.170266,"/drivetrain/leftVelocity",0
24.17028,"/drivetrain/rightPos",0
24.170292,"/drivetrain/rightVelocity",0
24.170325,"/drivetrain/heading",-2.2300000190734863
24.170334,"/drivetrain/headingVelocity",-0.0610351525247097
24.17034,"/drivetrain/xAcceleration",0
24.170345,"/drivetrain/yAcceleration",0
24.17035,"/drivetrain/leftOutputLog",0
24.170354,"/drivetrain/rightOutputLog",0
24.170586,"/intake/pos",0
24.170591,"/intake/output",0
24.17081,"/shooter/rpm",0
24.17083,"/shooter/output",0.1
24.170871,"/shooter/hasBall",true
24.170913,"/shooter/temperature",40
24.171065,"/climber/rightPos",0
24.19019,"/drivetrain/leftPos",0
24.190211,"/drivetrain/leftVelocity",0
24.1904,"/drivetrain/rightPos",0
24.190423,"/drivetrain/rightVelocity",0
24.190457,"/drivetrain/heading",-2.2300000190734863
24.190466,"/drivetrain/headingVelocity",-0.0610351525247097
24.190471,"/drivetrain/xAcceleration",0
24.190477,"/drivetrain/yAcceleration",-0.003000000026077032
24.190482,"/drivetrain/leftOutputLog",0
24.190486,"/drivetrain/rightOutputLog",0
24.190727,"/intake/pos",0
24.190731,"/intake/output",0
24.190953,"/shooter/rpm",0
24.190976,"/shooter/output",0.1
24.191011,"/shooter/hasBall",true
24.191048,"/shooter/temperature",40
24.191341,"/climber/rightPos",0
24.209404,"/drivetrain/leftPos",0
24.209423,"/drivetrain/leftVelocity",0
24.209439,"/drivetrain/rightPos",0
24.20945,"/drivetrain/rightVelocity",0
24.209495,"/drivetrain/heading",-2.2300000190734863
24.209504,"/drivetrain/headingVelocity",0
24.20951,"/drivetrain/xAcceleration",0
24.209516,"/drivetrain/yAcceleration",0
24.20952,"/drivetrain/leftOutputLog",0
24.209524,"/drivetrain/rightOutputLog",0
24.21041,"/intake/pos",0
24.210416,"/intake/output",0
24.21068,"/shooter/rpm",0
24.210703,"/shooter/output",0.1
24.210781,"/shooter/hasBall",true
24.210807,"/shooter/temperature",40
24.211034,"/climber/rightPos",0
24.229297,"/drivetrain/leftPos",0
24.229314,"/drivetrain/leftVelocity",0
24.229328,"/drivetrain/rightPos",0
24.22934,"/drivetrain/rightVelocity",0
24.229377,"/drivetrain/heading",-2.2300000190734863
24.229385,"/drivetrain/headingVelocity",0
24.229391,"/drivetrain/xAcceleration",0
24.229396,"/drivetrain/yAcceleration",0
24.229401,"/drivetrain/leftOutputLog",0
24.229404,"/drivetrain/rightOutputLog",0
24.229728,"/intake/pos",0
24.22974,"/intake/output",0
24.230149,"/shooter/rpm",0
24.23018,"/shooter/output",0.1
24.23022,"/shooter/hasBall",true
24.230261,"/shooter/temperature",40
24.230727,"/climber/rightPos",0
24.249301,"/drivetrain/leftPos",0
24.249321,"/drivetrain/leftVelocity",0
24.249337,"/drivetrain/rightPos",0
24.24935,"/drivetrain/rightVelocity",0
24.249398,"/drivetrain/heading",-2.2300000190734863
24.249408,"/drivetrain/headingVelocity",0
24.249415,"/drivetrain/xAcceleration",0
24.24942,"/drivetrain/yAcceleration",0
24.249425,"/drivetrain/leftOutputLog",0
24.249429,"/drivetrain/rightOutputLog",0
24.250624,"/intake/pos",0
24.25063,"/intake/output",0
24.25086,"/shooter/rpm",0
24.250882,"/shooter/output",0.1
24.25092,"/shooter/hasBall",true
24.250959,"/shooter/temperature",40
24.251163,"/climber/rightPos",0
24.269287,"/drivetrain/leftPos",0
24.269305,"/drivetrain/leftVelocity",0
24.269321,"/drivetrain/rightPos",0
24.269332,"/drivetrain/rightVelocity",0
24.269369,"/drivetrain/heading",-2.2300000190734863
24.269378,"/drivetrain/headingVelocity",0
24.269384,"/drivetrain/xAcceleration",0
24.269389,"/drivetrain/yAcceleration",0
24.269394,"/drivetrain/leftOutputLog",0
24.269397,"/drivetrain/rightOutputLog",0
24.269587,"/intake/pos",0
24.269592,"/intake/output",0
24.269788,"/shooter/rpm",0
24.26985,"/shooter/output",0.1
24.269885,"/shooter/hasBall",true
24.269909,"/shooter/temperature",40
24.270111,"/climber/rightPos",0
24.289365,"/drivetrain/leftPos",0
24.289382,"/drivetrain/leftVelocity",0
24.289398,"/drivetrain/rightPos",0
24.289409,"/drivetrain/rightVelocity",0
24.289452,"/drivetrain/heading",-2.2300000190734863
24.289461,"/drivetrain/headingVelocity",0
24.289468,"/drivetrain/xAcceleration",0
24.289473,"/drivetrain/yAcceleration",0
24.289478,"/drivetrain/leftOutputLog",0
24.289482,"/drivetrain/rightOutputLog",0
24.290111,"/intake/pos",0
24.290117,"/intake/output",0
24.290449,"/shooter/rpm",0
24.290483,"/shooter/output",0.1
24.290525,"/shooter/hasBall",true
24.29056,"/shooter/temperature",40
24.290868,"/climber/rightPos",0
24.310059,"/drivetrain/leftPos",0
24.310078,"/drivetrain/leftVelocity",0
24.310094,"/drivetrain/rightPos",0
24.310165,"/drivetrain/rightVelocity",0
24.310208,"/drivetrain/heading",-2.2300000190734863
24.310217,"/drivetrain/headingVelocity",0
24.310223,"/drivetrain/xAcceleration",0
24.310229,"/drivetrain/yAcceleration",0
24.310234,"/drivetrain/leftOutputLog",0
24.310238,"/drivetrain/rightOutputLog",0
24.310925,"/intake/pos",0
24.310931,"/intake/output",0
24.311141,"/shooter/rpm",0
24.311166,"/shooter/output",0.1
24.311205,"/shooter/hasBall",true
24.31123,"/shooter/temperature",40
24.311411,"/climber/rightPos",0
24.331142,"/drivetrain/leftPos",0
24.331161,"/drivetrain/leftVelocity",0
24.331177,"/drivetrain/rightPos",0
24.331188,"/drivetrain/rightVelocity",0
24.331222,"/drivetrain/heading",-2.2200000286102295
24.331231,"/drivetrain/headingVelocity",0
24.331237,"/drivetrain/xAcceleration",0
24.331243,"/drivetrain/yAcceleration",0
24.331247,"/drivetrain/leftOutputLog",0
24.331251,"/drivetrain/rightOutputLog",0
24.331557,"/intake/pos",0
24.331568,"/intake/output",0
24.331855,"/shooter/rpm",0
24.331885,"/shooter/output",0.1
24.331932,"/shooter/hasBall",true
24.331959,"/shooter/temperature",40
24.332422,"/climber/rightPos",0
24.34938,"/drivetrain/leftPos",0
24.349399,"/drivetrain/leftVelocity",0
24.349415,"/drivetrain/rightPos",0
24.349427,"/drivetrain/rightVelocity",0
24.349474,"/drivetrain/heading",-2.2200000286102295
24.349484,"/drivetrain/headingVelocity",-0.0610351525247097
24.34949,"/drivetrain/xAcceleration",0
24.349495,"/drivetrain/yAcceleration",0
24.349501,"/drivetrain/leftOutputLog",0
24.349505,"/drivetrain/rightOutputLog",0
24.351745,"/intake/pos",0
24.351751,"/intake/output",0
24.352022,"/shooter/rpm",0
24.352056,"/shooter/output",0.1
24.352099,"/shooter/hasBall",true
24.352148,"/shooter/temperature",40
24.352357,"/climber/rightPos",0
24.369489,"/drivetrain/leftPos",0
24.369513,"/drivetrain/leftVelocity",0
24.369533,"/drivetrain/rightPos",0
24.369545,"/drivetrain/rightVelocity",0
24.371983,"/drivetrain/heading",-2.2200000286102295
24.371996,"/drivetrain/headingVelocity",-0.0610351525247097
24.372002,"/drivetrain/xAcceleration",0
24.372007,"/drivetrain/yAcceleration",0
24.372012,"/drivetrain/leftOutputLog",0
24.372017,"/drivetrain/rightOutputLog",0
24.37234,"/intake/pos",0
24.372345,"/intake/output",0
24.372574,"/shooter/rpm",0
24.372637,"/shooter/output",0.1
24.372678,"/shooter/hasBall",true
24.372721,"/shooter/temperature",40
24.372934,"/climber/rightPos",0
24.389539,"/drivetrain/leftPos",0
24.389555,"/drivetrain/leftVelocity",0
24.38957,"/drivetrain/rightPos",0
24.389581,"/drivetrain/rightVelocity",0
24.389618,"/drivetrain/heading",-2.2200000286102295
24.389626,"/drivetrain/headingVelocity",0
24.389632,"/drivetrain/xAcceleration",0
24.389637,"/drivetrain/yAcceleration",0
24.389642,"/drivetrain/leftOutputLog",0
24.389645,"/drivetrain/rightOutputLog",0
24.389868,"/intake/pos",0
24.389873,"/intake/output",0
24.390382,"/shooter/rpm",0
24.390413,"/shooter/output",0.1
24.390457,"/shooter/hasBall",true
24.390514,"/shooter/temperature",40
24.390845,"/climber/rightPos",0
24.409351,"/drivetrain/leftPos",0
24.409477,"/drivetrain/leftVelocity",0
24.40951,"/drivetrain/rightPos",0
24.409525,"/drivetrain/rightVelocity",0
24.409575,"/drivetrain/heading",-2.2200000286102295
24.409586,"/drivetrain/headingVelocity",0
24.409592,"/drivetrain/xAcceleration",0
24.409598,"/drivetrain/yAcceleration",0
24.409603,"/drivetrain/leftOutputLog",0
24.409607,"/drivetrain/rightOutputLog",0
24.410071,"/intake/pos",0
24.410077,"/intake/output",0
24.410715,"/shooter/rpm",0
24.410733,"/shooter/output",0.1
24.410777,"/shooter/hasBall",true
24.410825,"/shooter/temperature",40
24.411104,"/climber/rightPos",0
24.430035,"/drivetrain/leftPos",0
24.430055,"/drivetrain/leftVelocity",0
24.430071,"/drivetrain/rightPos",0
24.430084,"/drivetrain/rightVelocity",0
24.430129,"/drivetrain/heading",-2.2200000286102295
24.430138,"/drivetrain/headingVelocity",0
24.430144,"/drivetrain/xAcceleration",0
24.43015,"/drivetrain/yAcceleration",0
24.430154,"/drivetrain/leftOutputLog",0
24.430158,"/drivetrain/rightOutputLog",0
24.430375,"/intake/pos",0
24.430381,"/intake/output",0
24.430583,"/shooter/rpm",0
24.430606,"/shooter/output",0.1
24.430641,"/shooter/hasBall",true
24.430683,"/shooter/temperature",40
24.430869,"/climber/rightPos",0
24.44962,"/drivetrain/leftPos",0
24.449639,"/drivetrain/leftVelocity",0
24.449654,"/drivetrain/rightPos",0
24.449667,"/drivetrain/rightVelocity",0
24.449716,"/drivetrain/heading",-2.2200000286102295
24.449726,"/drivetrain/headingVelocity",0
24.449733,"/drivetrain/xAcceleration",0
24.449738,"/drivetrain/yAcceleration",0
24.449743,"/drivetrain/leftOutputLog",0
24.449747,"/drivetrain/rightOutputLog",0
24.450226,"/intake/pos",0
24.450231,"/intake/output",0
24.450615,"/shooter/rpm",0
24.45064,"/shooter/output",0.1
24.450811,"/shooter/hasBall",true
24.45092,"/shooter/temperature",40
24.451215,"/climber/rightPos",0
24.469413,"/drivetrain/leftPos",0
24.469433,"/drivetrain/leftVelocity",0
24.469451,"/drivetrain/rightPos",0
24.469463,"/drivetrain/rightVelocity",0
24.469557,"/drivetrain/heading",-2.2200000286102295
24.469571,"/drivetrain/headingVelocity",0
24.469577,"/drivetrain/xAcceleration",0
24.469582,"/drivetrain/yAcceleration",0
24.469587,"/drivetrain/leftOutputLog",0
24.469591,"/drivetrain/rightOutputLog",0
24.469813,"/intake/pos",0
24.469819,"/intake/output",0
24.47061,"/shooter/rpm",0
24.470629,"/shooter/output",0.1
24.470675,"/shooter/hasBall",true
24.470701,"/shooter/temperature",40
24.470994,"/climber/rightPos",0
24.489376,"/drivetrain/leftPos",0
24.489394,"/drivetrain/leftVelocity",0
24.489409,"/drivetrain/rightPos",0
24.489421,"/drivetrain/rightVelocity",0
24.489465,"/drivetrain/heading",-2.2200000286102295
24.489474,"/drivetrain/headingVelocity",0
24.48948,"/drivetrain/xAcceleration",0.00800000037997961
24.489485,"/drivetrain/yAcceleration",-0.007000000216066837
24.48949,"/drivetrain/leftOutputLog",0
24.489494,"/drivetrain/rightOutputLog",0
24.489818,"/intake/pos",0
24.489823,"/intake/output",0
24.490214,"/shooter/rpm",0
24.490241,"/shooter/output",0.1
24.490388,"/shooter/hasBall",true
24.490689,"/shooter/temperature",40
24.491335,"/climber/rightPos",0
24.509284,"/drivetrain/leftPos",0
24.509303,"/drivetrain/leftVelocity",0
24.509435,"/drivetrain/rightPos",0
24.509456,"/drivetrain/rightVelocity",0
24.509503,"/drivetrain/heading",-2.2200000286102295
24.509513,"/drivetrain/headingVelocity",-0.0610351525247097
24.509519,"/drivetrain/xAcceleration",0.003000000026077032
24.509525,"/drivetrain/yAcceleration",0
24.50953,"/drivetrain/leftOutputLog",0
24.509791,"/drivetrain/rightOutputLog",0
24.510114,"/intake/pos",0
24.510403,"/intake/output",0
24.510865,"/shooter/rpm",0
24.510887,"/shooter/output",0.1
24.510924,"/shooter/hasBall",true
24.510955,"/shooter/temperature",40
24.511157,"/climber/rightPos",0
24.53012,"/drivetrain/leftPos",0
24.530138,"/drivetrain/leftVelocity",0
24.530154,"/drivetrain/rightPos",0
24.530167,"/drivetrain/rightVelocity",0
24.530202,"/drivetrain/heading",-2.2200000286102295
24.530211,"/drivetrain/headingVelocity",0
24.530217,"/drivetrain/xAcceleration",-0.007000000216066837
24.530222,"/drivetrain/yAcceleration",0.004000000189989805
24.530227,"/drivetrain/leftOutputLog",0
24.53023,"/drivetrain/rightOutputLog",0
24.530508,"/intake/pos",0
24.530513,"/intake/output",0
24.530688,"/shooter/rpm",0
24.530712,"/shooter/output",0.1
24.530746,"/shooter/hasBall",true
24.53077,"/shooter/temperature",40
24.530989,"/climber/rightPos",0
24.549902,"/drivetrain/leftPos",0
24.549919,"/drivetrain/leftVelocity",0
24.549935,"/drivetrain/rightPos",0
24.549946,"/drivetrain/rightVelocity",0
24.54999,"/drivetrain/heading",-2.2200000286102295
24.55,"/drivetrain/headingVelocity",-0.0610351525247097
24.550006,"/drivetrain/xAcceleration",0
24.550011,"/drivetrain/yAcceleration",0
24.550017,"/drivetrain/leftOutputLog",0
24.550021,"/drivetrain/rightOutputLog",0
24.55099,"/intake/pos",0
24.551001,"/intake/output",0
24.551216,"/shooter/rpm",0
24.551239,"/shooter/output",0.1
24.551276,"/shooter/hasBall",true
24.5513,"/shooter/temperature",40
24.551478,"/climber/rightPos",0
24.569393,"/drivetrain/leftPos",0
24.569412,"/drivetrain/leftVelocity",0
24.569428,"/drivetrain/rightPos",0
24.569441,"/drivetrain/rightVelocity",0
24.569491,"/drivetrain/heading",-2.2200000286102295
24.5695,"/drivetrain/headingVelocity",0
24.569557,"/drivetrain/xAcceleration",0
24.569564,"/drivetrain/yAcceleration",0
24.569569,"/drivetrain/leftOutputLog",0
24.569573,"/drivetrain/rightOutputLog",0
24.569797,"/intake/pos",0
24.569802,"/intake/output",0
24.570696,"/shooter/rpm",0
24.570718,"/shooter/output",0.1
24.570763,"/shooter/hasBall",true
24.57082,"/shooter/temperature",40
24.571019,"/climber/rightPos",0
24.58932,"/drivetrain/leftPos",0
24.589337,"/drivetrain/leftVelocity",0
24.589353,"/drivetrain/rightPos",0
24.589365,"/drivetrain/rightVelocity",0
24.59007,"/drivetrain/heading",-2.2200000286102295
24.590085,"/drivetrain/headingVelocity",0
24.590091,"/drivetrain/xAcceleration",0
24.590096,"/drivetrain/yAcceleration",0
24.590102,"/drivetrain/leftOutputLog",0
24.590106,"/drivetrain/rightOutputLog",0
24.590743,"/intake/pos",0
24.590749,"/intake/output",0
24.591157,"/shooter/rpm",0
24.591253,"/shooter/output",0.1
24.591302,"/shooter/hasBall",true
24.591347,"/shooter/temperature",40
24.59161,"/climber/rightPos",0
24.60927,"/drivetrain/leftPos",0
24.609288,"/drivetrain/leftVelocity",0
24.609304,"/drivetrain/rightPos",0
24.609316,"/drivetrain/rightVelocity",0
24.609359,"/drivetrain/heading",-2.2200000286102295
24.609367,"/drivetrain/headingVelocity",0
24.609373,"/drivetrain/xAcceleration",0
24.609378,"/drivetrain/yAcceleration",0
24.609383,"/drivetrain/leftOutputLog",0
24.609387,"/drivetrain/rightOutputLog",0
24.60964,"/intake/pos",0
24.609645,"/intake/output",0
24.609898,"/shooter/rpm",0
24.609928,"/shooter/output",0.1
24.609971,"/shooter/hasBall",true
24.610082,"/shooter/temperature",40
24.610944,"/climber/rightPos",0
24.629824,"/drivetrain/leftPos",0
24.629844,"/drivetrain/leftVelocity",0
24.62986,"/drivetrain/rightPos",0
24.629871,"/drivetrain/rightVelocity",0
24.629918,"/drivetrain/heading",-2.2200000286102295
24.629927,"/drivetrain/headingVelocity",0
24.629933,"/drivetrain/xAcceleration",0
24.629939,"/drivetrain/yAcceleration",0
24.629944,"/drivetrain/leftOutputLog",0
24.629948,"/drivetrain/rightOutputLog",0
24.630179,"/intake/pos",0
24.630185,"/intake/output",0
24.631567,"/shooter/rpm",0
24.631599,"/shooter/output",0.1
24.631646,"/shooter/hasBall",true
24.631698,"/shooter/temperature",40
24.632515,"/climber/rightPos",0
24.649685,"/drivetrain/leftPos",0
24.649703,"/drivetrain/leftVelocity",0
24.649719,"/drivetrain/rightPos",0
24.649731,"/drivetrain/rightVelocity",0
24.649779,"/drivetrain/heading",-2.2200000286102295
24.649788,"/drivetrain/headingVelocity",0
24.649794,"/drivetrain/xAcceleration",0
24.649799,"/drivetrain/yAcceleration",0
24.649805,"/drivetrain/leftOutputLog",0
24.649808,"/drivetrain/rightOutputLog",0
24.650275,"/intake/pos",0
24.65028,"/intake/output",0
24.650777,"/shooter/rpm",0
24.650796,"/shooter/output",0.1
24.650839,"/shooter/hasBall",true
24.650886,"/shooter/temperature",40
24.65108,"/climber/rightPos",0
24.66943,"/drivetrain/leftPos",0
24.66945,"/drivetrain/leftVelocity",0
24.669468,"/drivetrain/rightPos",0
24.66948,"/drivetrain/rightVelocity",0
24.669529,"/drivetrain/heading",-2.2200000286102295
24.669538,"/drivetrain/headingVelocity",0
24.669544,"/drivetrain/xAcceleration",0
24.669549,"/drivetrain/yAcceleration",0
24.669554,"/drivetrain/leftOutputLog",0
24.669558,"/drivetrain/rightOutputLog",0
24.669779,"/intake/pos",0
24.669784,"/intake/output",0
24.670381,"/shooter/rpm",0
24.670404,"/shooter/output",0.1
24.670443,"/shooter/hasBall",true
24.670486,"/shooter/temperature",40
24.670959,"/climber/rightPos",0
24.689362,"/drivetrain/leftPos",0
24.68938,"/drivetrain/leftVelocity",0
24.689395,"/drivetrain/rightPos",0
24.689407,"/drivetrain/rightVelocity",0
24.689446,"/drivetrain/heading",-2.2200000286102295
24.689455,"/drivetrain/headingVelocity",0
24.689461,"/drivetrain/xAcceleration",0
24.689466,"/drivetrain/yAcceleration",0
24.689471,"/drivetrain/leftOutputLog",0
24.689475,"/drivetrain/rightOutputLog",0
24.689654,"/intake/pos",0
24.689659,"/intake/output",0
24.689934,"/shooter/rpm",0
24.689962,"/shooter/output",0.1
24.690006,"/shooter/hasBall",true
24.691345,"/shooter/temperature",40
24.69157,"/climber/rightPos",0
24.709728,"/drivetrain/leftPos",0
24.709748,"/drivetrain/leftVelocity",0
24.709765,"/drivetrain/rightPos",0
24.709777,"/drivetrain/rightVelocity",0
24.709819,"/drivetrain/heading",-2.2200000286102295
24.709828,"/drivetrain/headingVelocity",0
24.709834,"/drivetrain/xAcceleration",0
24.70984,"/drivetrain/yAcceleration",0
24.709845,"/drivetrain/leftOutputLog",0
24.709849,"/drivetrain/rightOutputLog",0
24.710249,"/intake/pos",0
24.710255,"/intake/output",0
24.710665,"/shooter/rpm",0
24.710693,"/shooter/output",0.1
24.710734,"/shooter/hasBall",true
24.71076,"/shooter/temperature",40
24.711116,"/climber/rightPos",0
24.729255,"/drivetrain/leftPos",0
24.729274,"/drivetrain/leftVelocity",0
24.729289,"/drivetrain/rightPos",0
24.7293,"/drivetrain/rightVelocity",0
24.729341,"/drivetrain/heading",-2.2200000286102295
24.72935,"/drivetrain/headingVelocity",0
24.729355,"/drivetrain/xAcceleration",0
24.72936,"/drivetrain/yAcceleration",0
24.729365,"/drivetrain/leftOutputLog",0
24.729369,"/drivetrain/rightOutputLog",0
24.729559,"/intake/pos",0
24.729564,"/intake/output",0
24.73041,"/shooter/rpm",0
24.730853,"/shooter/output",0.1
24.730922,"/shooter/hasBall",true
24.730971,"/shooter/temperature",40
24.731343,"/climber/rightPos",0
24.749406,"/drivetrain/leftPos",0
24.749425,"/drivetrain/leftVelocity",0
24.749444,"/drivetrain/rightPos",0
24.749456,"/drivetrain/rightVelocity",0
24.749508,"/drivetrain/heading",-2.2200000286102295
24.749566,"/drivetrain/headingVelocity",-0.0610351525247097
24.749573,"/drivetrain/xAcceleration",0
24.749579,"/drivetrain/yAcceleration",0
24.749584,"/drivetrain/leftOutputLog",0
24.749588,"/drivetrain/rightOutputLog",0
24.749915,"/intake/pos",0
24.74992,"/intake/output",0
24.750486,"/shooter/rpm",0
24.750514,"/shooter/output",0.1
24.750562,"/shooter/hasBall",true
24.750589,"/shooter/temperature",40
24.751004,"/climber/rightPos",0
24.769469,"/drivetrain/leftPos",0
24.769489,"/drivetrain/leftVelocity",0
24.769507,"/drivetrain/rightPos",0
24.76952,"/drivetrain/rightVelocity",0
24.769616,"/drivetrain/heading",-2.2200000286102295
24.769627,"/drivetrain/headingVelocity",-0.1220703050494194
24.769632,"/drivetrain/xAcceleration",0
24.769638,"/drivetrain/yAcceleration",0
24.769643,"/drivetrain/leftOutputLog",0
24.769646,"/drivetrain/rightOutputLog",0
24.769876,"/intake/pos",0
24.769881,"/intake/output",0
24.770821,"/shooter/rpm",0
24.770842,"/shooter/output",0.1
24.770881,"/shooter/hasBall",true
24.770912,"/shooter/temperature",40
24.771079,"/climber/rightPos",0
24.790672,"/drivetrain/leftPos",0
24.790689,"/drivetrain/leftVelocity",0
24.790706,"/drivetrain/rightPos",0
24.790718,"/drivetrain/rightVelocity",0
24.790763,"/drivetrain/heading",-2.2100000381469727
24.790773,"/drivetrain/headingVelocity",-0.1220703050494194
24.790779,"/drivetrain/xAcceleration",0
24.790784,"/drivetrain/yAcceleration",0
24.790789,"/drivetrain/leftOutputLog",0
24.790793,"/drivetrain/rightOutputLog",0
24.791009,"/intake/pos",0
24.791015,"/intake/output",0
24.79177,"/shooter/rpm",0
24.7918,"/shooter/output",0.1
24.791851,"/shooter/hasBall",true
24.791883,"/shooter/temperature",40
24.792146,"/climber/rightPos",0
24.809398,"/drivetrain/leftPos",0
24.809416,"/drivetrain/leftVelocity",0
24.809432,"/drivetrain/rightPos",0
24.809443,"/drivetrain/rightVelocity",0
24.809484,"/drivetrain/heading",-2.2100000381469727
24.809495,"/drivetrain/headingVelocity",0
24.809501,"/drivetrain/xAcceleration",0
24.809507,"/drivetrain/yAcceleration",-0.003000000026077032
24.809512,"/drivetrain/leftOutputLog",0
24.809516,"/drivetrain/rightOutputLog",0
24.810266,"/intake/pos",0
24.810273,"/intake/output",0
24.811021,"/shooter/rpm",0
24.811072,"/shooter/output",0.1
24.811121,"/shooter/hasBall",true
24.811281,"/shooter/temperature",40
24.811426,"/climber/rightPos",0
24.829802,"/drivetrain/leftPos",0
24.829821,"/drivetrain/leftVelocity",0
24.829837,"/drivetrain/rightPos",0
24.829851,"/drivetrain/rightVelocity",0
24.829904,"/drivetrain/heading",-2.2100000381469727
24.829913,"/drivetrain/headingVelocity",0.0610351525247097
24.830308,"/drivetrain/xAcceleration",0
24.830316,"/drivetrain/yAcceleration",-0.004000000189989805
24.830321,"/drivetrain/leftOutputLog",0
24.830325,"/drivetrain/rightOutputLog",0
24.830895,"/intake/pos",0
24.8309,"/intake/output",0
24.831178,"/shooter/rpm",0
24.831204,"/shooter/output",0.1
24.831242,"/shooter/hasBall",true
24.831287,"/shooter/temperature",40
24.831481,"/climber/rightPos",0
24.850379,"/drivetrain/leftPos",0
24.850396,"/drivetrain/leftVelocity",0
24.850414,"/drivetrain/rightPos",0
24.850426,"/drivetrain/rightVelocity",0
24.850463,"/drivetrain/heading",-2.2100000381469727
24.850471,"/drivetrain/headingVelocity",0.0610351525247097
24.850478,"/drivetrain/xAcceleration",0
24.850483,"/drivetrain/yAcceleration",0
24.850488,"/drivetrain/leftOutputLog",0
24.850492,"/drivetrain/rightOutputLog",0
24.850711,"/intake/pos",0
24.850715,"/intake/output",0
24.851077,"/shooter/rpm",0
24.851098,"/shooter/output",0.1
24.851135,"/shooter/hasBall",true
24.851179,"/shooter/temperature",40
24.851392,"/climber/rightPos",0
24.86929,"/drivetrain/leftPos",0
24.869308,"/drivetrain/leftVelocity",0
24.869325,"/drivetrain/rightPos",0
24.869337,"/drivetrain/rightVelocity",0
24.869382,"/drivetrain/heading",-2.2100000381469727
24.869391,"/drivetrain/headingVelocity",0.0610351525247097
24.869396,"/drivetrain/xAcceleration",0
24.869402,"/drivetrain/yAcceleration",0
24.869406,"/drivetrain/leftOutputLog",0
24.86941,"/drivetrain/rightOutputLog",0
24.869678,"/intake/pos",0
24.869683,"/intake/output",0
24.869851,"/shooter/rpm",0
24.869873,"/shooter/output",0.1
24.869906,"/shooter/hasBall",true
24.86995,"/shooter/temperature",40
24.870091,"/climber/rightPos",0
24.889302,"/drivetrain/leftPos",0
24.889319,"/drivetrain/leftVelocity",0
24.889334,"/drivetrain/rightPos",0
24.889345,"/drivetrain/rightVelocity",0
24.889384,"/drivetrain/heading",-2.2100000381469727
24.889393,"/drivetrain/headingVelocity",0
24.889399,"/drivetrain/xAcceleration",0
24.889403,"/drivetrain/yAcceleration",0
24.889408,"/drivetrain/leftOutputLog",0
24.889412,"/drivetrain/rightOutputLog",0
24.889603,"/intake/pos",0
24.889608,"/intake/output",0
24.889832,"/shooter/rpm",0
24.889897,"/shooter/output",0.1
24.889935,"/shooter/hasBall",true
24.889978,"/shooter/temperature",40
24.890176,"/climber/rightPos",0
24.909593,"/drivetrain/leftPos",0
24.909614,"/drivetrain/leftVelocity",0
24.909631,"/drivetrain/rightPos",0
24.909643,"/drivetrain/rightVelocity",0
24.909682,"/drivetrain/heading",-2.2200000286102295
24.909692,"/drivetrain/headingVelocity",0.0610351525247097
24.909698,"/drivetrain/xAcceleration",0
24.909704,"/drivetrain/yAcceleration",0
24.909709,"/drivetrain/leftOutputLog",0
24.909713,"/drivetrain/rightOutputLog",0
24.910082,"/intake/pos",0
24.910087,"/intake/output",0
24.910271,"/shooter/rpm",0
24.910295,"/shooter/output",0.1
24.910329,"/shooter/hasBall",true
24.910369,"/shooter/temperature",40
24.910633,"/climber/rightPos",0
24.930493,"/drivetrain/leftPos",0
24.930511,"/drivetrain/leftVelocity",0
24.930526,"/drivetrain/rightPos",0
24.930537,"/drivetrain/rightVelocity",0
24.930569,"/drivetrain/heading",-2.2100000381469727
24.930578,"/drivetrain/headingVelocity",-0.0610351525247097
24.930584,"/drivetrain/xAcceleration",0
24.930589,"/drivetrain/yAcceleration",0
24.930593,"/drivetrain/leftOutputLog",0
24.930597,"/drivetrain/rightOutputLog",0
24.930854,"/intake/pos",0
24.930862,"/intake/output",0
24.931073,"/shooter/rpm",0
24.931096,"/shooter/output",0.1
24.931174,"/shooter/hasBall",true
24.93121,"/shooter/temperature",40
24.931393,"/climber/rightPos",0
24.950068,"/drivetrain/leftPos",0
24.950086,"/drivetrain/leftVelocity",0
24.950101,"/drivetrain/rightPos",0
24.950113,"/drivetrain/rightVelocity",0
24.950161,"/drivetrain/heading",-2.2100000381469727
24.950171,"/drivetrain/headingVelocity",-0.0610351525247097
24.950178,"/drivetrain/xAcceleration",0
24.950183,"/drivetrain/yAcceleration",0
24.950189,"/drivetrain/leftOutputLog",0
24.950192,"/drivetrain/rightOutputLog",0
24.95067,"/intake/pos",0
24.950675,"/intake/output",0
24.950945,"/shooter/rpm",0
24.95097,"/shooter/output",0.1
24.951008,"/shooter/hasBall",true
24.951048,"/shooter/temperature",40
24.951203,"/climber/rightPos",0
24.970186,"/drivetrain/leftPos",0
24.970205,"/drivetrain/leftVelocity",0
24.970223,"/drivetrain/rightPos",0
24.970439,"/drivetrain/rightVelocity",0
24.970473,"/drivetrain/heading",-2.2100000381469727
24.970483,"/drivetrain/headingVelocity",0
24.970488,"/drivetrain/xAcceleration",0
24.970493,"/drivetrain/yAcceleration",0
24.970498,"/drivetrain/leftOutputLog",0
24.970502,"/drivetrain/rightOutputLog",0
24.970988,"/intake/pos",0
24.970993,"/intake/output",0
24.971176,"/shooter/rpm",0
24.9712,"/shooter/output",0.1
24.971236,"/shooter/hasBall",true
24.971273,"/shooter/temperature",40
24.971434,"/climber/rightPos",0
24.98937,"/drivetrain/leftPos",0
24.989392,"/drivetrain/leftVelocity",0
24.989408,"/drivetrain/rightPos",0
24.98942,"/drivetrain/rightVelocity",0
24.989458,"/drivetrain/heading",-2.2200000286102295
24.989466,"/drivetrain/headingVelocity",0.1220703050494194
24.989472,"/drivetrain/xAcceleration",-0.007000000216066837
24.989477,"/drivetrain/yAcceleration",-0.007000000216066837
24.989481,"/drivetrain/leftOutputLog",0
24.989485,"/drivetrain/rightOutputLog",0
24.989741,"/intake/pos",0
24.989746,"/intake/output",0
24.989939,"/shooter/rpm",0
24.989997,"/shooter/output",0.1
24.990034,"/shooter/hasBall",true
24.990059,"/shooter/temperature",40
24.990398,"/climber/rightPos",0
25.009971,"/drivetrain/leftPos",0
25.009992,"/drivetrain/leftVelocity",0
25.01001,"/drivetrain/rightPos",0
25.010022,"/drivetrain/rightVelocity",0
25.010069,"/drivetrain/heading",-2.2200000286102295
25.010078,"/drivetrain/headingVelocity",0.30517578125
25.010084,"/drivetrain/xAcceleration",-0.00800000037997961
25.010089,"/drivetrain/yAcceleration",0.03200000151991844
25.010095,"/drivetrain/leftOutputLog",0
25.010099,"/drivetrain/rightOutputLog",0
25.010552,"/intake/pos",0
25.010558,"/intake/output",0
25.010804,"/shooter/rpm",0
25.010827,"/shooter/output",0.1
25.010863,"/shooter/hasBall",true
25.010895,"/shooter/temperature",40
25.01109,"/climber/rightPos",0
25.030581,"/drivetrain/leftPos",0
25.0306,"/drivetrain/leftVelocity",0
25.030617,"/drivetrain/rightPos",0
25.030629,"/drivetrain/rightVelocity",0
25.030661,"/drivetrain/heading",-2.2300000190734863
25.03067,"/drivetrain/headingVelocity",0.4272460639476776
25.030676,"/drivetrain/xAcceleration",0.01899999938905239
25.030681,"/drivetrain/yAcceleration",-0.02500000037252903
25.030685,"/drivetrain/leftOutputLog",0
25.030689,"/drivetrain/rightOutputLog",0
25.030961,"/intake/pos",0
25.030966,"/intake/output",0
25.031211,"/shooter/rpm",0
25.031232,"/shooter/output",0.1
25.031267,"/shooter/hasBall",true
25.031291,"/shooter/temperature",40
25.031589,"/climber/rightPos",0
25.04944,"/drivetrain/leftPos",0
25.049511,"/drivetrain/leftVelocity",0
25.049531,"/drivetrain/rightPos",0
25.049543,"/drivetrain/rightVelocity",0
25.049589,"/drivetrain/heading",-2.240000009536743
25.0496,"/drivetrain/headingVelocity",0
25.049606,"/drivetrain/xAcceleration",0
25.049612,"/drivetrain/yAcceleration",-0.00800000037997961
25.049617,"/drivetrain/leftOutputLog",0
25.049621,"/drivetrain/rightOutputLog",0
25.050199,"/intake/pos",0
25.050207,"/intake/output",0
25.050507,"/shooter/rpm",0
25.050536,"/shooter/output",0.1
25.050577,"/shooter/hasBall",true
25.050605,"/shooter/temperature",40
25.051037,"/climber/rightPos",0
25.069273,"/drivetrain/leftPos",0
25.06929,"/drivetrain/leftVelocity",0
25.069305,"/drivetrain/rightPos",0
25.069317,"/drivetrain/rightVelocity",0
25.069359,"/drivetrain/heading",-2.2300000190734863
25.069367,"/drivetrain/headingVelocity",-0.2441406100988388
25.069373,"/drivetrain/xAcceleration",0.003000000026077032
25.069378,"/drivetrain/yAcceleration",0.004999999888241291
25.069382,"/drivetrain/leftOutputLog",0
25.069386,"/drivetrain/rightOutputLog",0
25.069672,"/intake/pos",0
25.069678,"/intake/output",0
25.070059,"/shooter/rpm",0
25.07009,"/shooter/output",0.1
25.070132,"/shooter/hasBall",true
25.070181,"/shooter/temperature",40
25.070942,"/climber/rightPos",0
25.089441,"/drivetrain/leftPos",0
25.089459,"/drivetrain/leftVelocity",0
25.089475,"/drivetrain/rightPos",0
25.089487,"/drivetrain/rightVelocity",0
25.089523,"/drivetrain/heading",-2.2300000190734863
25.089532,"/drivetrain/headingVelocity",-0.3662109076976776
25.089538,"/drivetrain/xAcceleration",0.003000000026077032
25.089543,"/drivetrain/yAcceleration",0
25.089547,"/drivetrain/leftOutputLog",0
25.089551,"/drivetrain/rightOutputLog",0
25.089735,"/intake/pos",0
25.08974,"/intake/output",0
25.089946,"/shooter/rpm",0
25.09001,"/shooter/output",0.1
25.090051,"/shooter/hasBall",true
25.090097,"/shooter/temperature",40
25.090798,"/climber/rightPos",0
25.10938,"/drivetrain/leftPos",0
25.109397,"/drivetrain/leftVelocity",0
25.109412,"/drivetrain/rightPos",0
25.109424,"/drivetrain/rightVelocity",0
25.109465,"/drivetrain/heading",-2.2200000286102295
25.109473,"/drivetrain/headingVelocity",0
25.109479,"/drivetrain/xAcceleration",-0.004000000189989805
25.109484,"/drivetrain/yAcceleration",0
25.109489,"/drivetrain/leftOutputLog",0
25.109493,"/drivetrain/rightOutputLog",0
25.110254,"/intake/pos",0
25.110383,"/intake/output",0
25.110713,"/shooter/rpm",0
25.110789,"/shooter/output",0.1
25.110836,"/shooter/hasBall",true
25.110889,"/shooter/temperature",40
25.111311,"/climber/rightPos",0
25.129457,"/drivetrain/leftPos",0
25.129474,"/drivetrain/leftVelocity",0
25.12949,"/drivetrain/rightPos",0
25.129502,"/drivetrain/rightVelocity",0
25.12955,"/drivetrain/heading",-2.2200000286102295
25.129559,"/drivetrain/headingVelocity",0
25.129565,"/drivetrain/xAcceleration",-0.012000000104308128
25.129571,"/drivetrain/yAcceleration",0
25.129576,"/drivetrain/leftOutputLog",0
25.12958,"/drivetrain/rightOutputLog",0
25.130001,"/intake/pos",0
25.130007,"/intake/output",0
25.1306,"/shooter/rpm",0
25.130857,"/shooter/output",0.1
25.130907,"/shooter/hasBall",true
25.130958,"/shooter/temperature",40
25.131185,"/climber/rightPos",0
25.150191,"/drivetrain/leftPos",0
25.15021,"/drivetrain/leftVelocity",0
25.150428,"/drivetrain/rightPos",0
25.15045,"/drivetrain/rightVelocity",0
25.150485,"/drivetrain/heading",-2.2200000286102295
25.150494,"/drivetrain/headingVelocity",0
25.1505,"/drivetrain/xAcceleration",0
25.150505,"/drivetrain/yAcceleration",0
25.15051,"/drivetrain/leftOutputLog",0
25.150514,"/drivetrain/rightOutputLog",0
25.150804,"/intake/pos",0
25.15081,"/intake/output",0
25.151258,"/shooter/rpm",0
25.151281,"/shooter/output",0.1
25.15132,"/shooter/hasBall",true
25.151366,"/shooter/temperature",40
25.15191,"/climber/rightPos",0
25.169638,"/drivetrain/leftPos",0
25.169664,"/drivetrain/leftVelocity",0
25.169681,"/drivetrain/rightPos",0
25.169694,"/drivetrain/rightVelocity",0
25.16975,"/drivetrain/heading",-2.2200000286102295
25.169759,"/drivetrain/headingVelocity",0.0610351525247097
25.169766,"/drivetrain/xAcceleration",0
25.169771,"/drivetrain/yAcceleration",0
25.169776,"/drivetrain/leftOutputLog",0
25.16978,"/drivetrain/rightOutputLog",0
25.170376,"/intake/pos",0
25.170382,"/intake/output",0
25.170706,"/shooter/rpm",0
25.170736,"/shooter/output",0.1
25.170777,"/shooter/hasBall",true
25.170824,"/shooter/temperature",40
25.171246,"/climber/rightPos",0
25.189277,"/drivetrain/leftPos",0
25.189295,"/drivetrain/leftVelocity",0
25.189311,"/drivetrain/rightPos",0
25.189323,"/drivetrain/rightVelocity",0
25.189363,"/drivetrain/heading",-2.2300000190734863
25.189372,"/drivetrain/headingVelocity",0.1220703050494194
25.189378,"/drivetrain/xAcceleration",0
25.189382,"/drivetrain/yAcceleration",0.003000000026077032
25.189387,"/drivetrain/leftOutputLog",0
25.189391,"/drivetrain/rightOutputLog",0
25.189575,"/intake/pos",0
25.18958,"/intake/output",0
25.189827,"/shooter/rpm",0
25.189848,"/shooter/output",0.1
25.189882,"/shooter/hasBall",true
25.189919,"/shooter/temperature",40
25.19007,"/climber/rightPos",0
25.210598,"/drivetrain/leftPos",0
25.210617,"/drivetrain/leftVelocity",0
25.210633,"/drivetrain/rightPos",0
25.210645,"/drivetrain/rightVelocity",0
25.210678,"/drivetrain/heading",-2.2300000190734863
25.210686,"/drivetrain/headingVelocity",0.1220703050494194
25.210692,"/drivetrain/xAcceleration",0
25.210697,"/drivetrain/yAcceleration",0
25.210702,"/drivetrain/leftOutputLog",0
25.210705,"/drivetrain/rightOutputLog",0
25.211044,"/intake/pos",0
25.211049,"/intake/output",0
25.211267,"/shooter/rpm",0
25.21133,"/shooter/output",0.1
25.211368,"/shooter/hasBall",true
25.211406,"/shooter/temperature",40
25.211606,"/climber/rightPos",0
25.229508,"/drivetrain/leftPos",0
25.229528,"/drivetrain/leftVelocity",0
25.229545,"/drivetrain/rightPos",0
25.229558,"/drivetrain/rightVelocity",0
25.229611,"/drivetrain/heading",-2.2300000190734863
25.22962,"/drivetrain/headingVelocity",0.0610351525247097
25.229627,"/drivetrain/xAcceleration",0
25.229632,"/drivetrain/yAcceleration",0
25.229637,"/drivetrain/leftOutputLog",0
25.229641,"/drivetrain/rightOutputLog",0
25.230315,"/intake/pos",0
25.23032,"/intake/output",0
25.230652,"/shooter/rpm",0
25.230727,"/shooter/output",0.1
25.230771,"/shooter/hasBall",true
25.230797,"/shooter/temperature",40
25.23121,"/climber/rightPos",0
25.249456,"/drivetrain/leftPos",0
25.249483,"/drivetrain/leftVelocity",0
25.249501,"/drivetrain/rightPos",0
25.249513,"/drivetrain/rightVelocity",0
25.249565,"/drivetrain/heading",-2.2300000190734863
25.249575,"/drivetrain/headingVelocity",0
25.249581,"/drivetrain/xAcceleration",0
25.249586,"/drivetrain/yAcceleration",-0.003000000026077032
25.249592,"/drivetrain/leftOutputLog",0
25.249596,"/drivetrain/rightOutputLog",0
25.250081,"/intake/pos",0
25.250086,"/intake/output",0
25.250697,"/shooter/rpm",0
25.250723,"/shooter/output",0.1
25.250769,"/shooter/hasBall",true
25.250802,"/shooter/temperature",40
25.250987,"/climber/rightPos",0
25.269293,"/drivetrain/leftPos",0
25.26931,"/drivetrain/leftVelocity",0
25.269327,"/drivetrain/rightPos",0
25.269338,"/drivetrain/rightVelocity",0
25.269451,"/drivetrain/heading",-2.2300000190734863
25.269529,"/drivetrain/headingVelocity",0
25.269536,"/drivetrain/xAcceleration",0
25.269541,"/drivetrain/yAcceleration",0
25.269546,"/drivetrain/leftOutputLog",0
25.26955,"/drivetrain/rightOutputLog",0
25.26982,"/intake/pos",0
25.269825,"/intake/output",0
25.27003,"/shooter/rpm",0
25.270093,"/shooter/output",0.1
25.270132,"/shooter/hasBall",true
25.270156,"/shooter/temperature",40
25.270429,"/climber/rightPos",0
25.289278,"/drivetrain/leftPos",0
25.289295,"/drivetrain/leftVelocity",0
25.289311,"/drivetrain/rightPos",0
25.289322,"/drivetrain/rightVelocity",0
25.28936,"/drivetrain/heading",-2.2300000190734863
25.28937,"/drivetrain/headingVelocity",0
25.289375,"/drivetrain/xAcceleration",0.006000000052154064
25.28938,"/drivetrain/yAcceleration",0
25.289386,"/drivetrain/leftOutputLog",0
25.289389,"/drivetrain/rightOutputLog",0
25.289567,"/intake/pos",0
25.289572,"/intake/output",0
25.289769,"/shooter/rpm",0
25.289789,"/shooter/output",0.1
25.289865,"/shooter/hasBall",true
25.289891,"/shooter/temperature",40
25.29007,"/climber/rightPos",0
25.309252,"/drivetrain/leftPos",0
25.309269,"/drivetrain/leftVelocity",0
25.309284,"/drivetrain/rightPos",0
25.309295,"/drivetrain/rightVelocity",0
25.309335,"/drivetrain/heading",-2.240000009536743
25.309344,"/drivetrain/headingVelocity",0.0610351525247097
25.309349,"/drivetrain/xAcceleration",0
25.309354,"/drivetrain/yAcceleration",0
25.309359,"/drivetrain/leftOutputLog",0
25.309363,"/drivetrain/rightOutputLog",0
25.309652,"/intake/pos",0
25.309658,"/intake/output",0
25.31044,"/shooter/rpm",0
25.310593,"/shooter/output",0.1
25.310997,"/shooter/hasBall",true
25.311067,"/shooter/temperature",40
25.31128,"/climber/rightPos",0
25.329567,"/drivetrain/leftPos",0
25.329585,"/drivetrain/leftVelocity",0
25.329601,"/drivetrain/rightPos",0
25.329613,"/drivetrain/rightVelocity",0
25.329655,"/drivetrain/heading",-2.240000009536743
25.329665,"/drivetrain/headingVelocity",0
25.329671,"/drivetrain/xAcceleration",-0.003000000026077032
25.329676,"/drivetrain/yAcceleration",0
25.329681,"/drivetrain/leftOutputLog",0
25.329685,"/drivetrain/rightOutputLog",0
25.331048,"/intake/pos",0
25.331054,"/intake/output",0
25.331284,"/shooter/rpm",0
25.331312,"/shooter/output",0.1
25.331348,"/shooter/hasBall",true
25.331394,"/shooter/temperature",40
25.331576,"/climber/rightPos",0
25.34927,"/drivetrain/leftPos",0
25.349288,"/drivetrain/leftVelocity",0
25.349308,"/drivetrain/rightPos",0
25.34932,"/drivetrain/rightVelocity",0
25.349621,"/drivetrain/heading",-2.240000009536743
25.349632,"/drivetrain/headingVelocity",0
25.349638,"/drivetrain/xAcceleration",0
25.349643,"/drivetrain/yAcceleration",0
25.349649,"/drivetrain/leftOutputLog",0
25.349653,"/drivetrain/rightOutputLog",0
25.349893,"/intake/pos",0
25.349898,"/intake/output",0
25.350817,"/shooter/rpm",0
25.350836,"/shooter/output",0.1
25.350881,"/shooter/hasBall",true
25.350923,"/shooter/temperature",40
25.351121,"/climber/rightPos",0
25.369262,"/drivetrain/leftPos",0
25.369278,"/drivetrain/leftVelocity",0
25.369294,"/drivetrain/rightPos",0
25.369305,"/drivetrain/rightVelocity",0
25.369346,"/drivetrain/heading",-2.2300000190734863
25.369355,"/drivetrain/headingVelocity",0
25.369361,"/drivetrain/xAcceleration",0
25.369366,"/drivetrain/yAcceleration",0
25.369371,"/drivetrain/leftOutputLog",0
25.369375,"/drivetrain/rightOutputLog",0
25.36957,"/intake/pos",0
25.369575,"/intake/output",0
25.369805,"/shooter/rpm",0
25.369829,"/shooter/output",0.1
25.370374,"/shooter/hasBall",true
25.371146,"/shooter/temperature",40
25.371366,"/climber/rightPos",0
25.389377,"/drivetrain/leftPos",0
25.389395,"/drivetrain/leftVelocity",0
25.389411,"/drivetrain/rightPos",0
25.389423,"/drivetrain/rightVelocity",0
25.389469,"/drivetrain/heading",-2.2300000190734863
25.389479,"/drivetrain/headingVelocity",0
25.389485,"/drivetrain/xAcceleration",0
25.389491,"/drivetrain/yAcceleration",0
25.389496,"/drivetrain/leftOutputLog",0
25.3895,"/drivetrain/rightOutputLog",0
25.38971,"/intake/pos",0
25.389716,"/intake/output",0
25.389899,"/shooter/rpm",0
25.38992,"/shooter/output",0.1
25.389953,"/shooter/hasBall",true
25.389994,"/shooter/temperature",40
25.390332,"/climber/rightPos",0
25.409472,"/drivetrain/leftPos",0
25.409493,"/drivetrain/leftVelocity",0
25.40951,"/drivetrain/rightPos",0
25.409522,"/drivetrain/rightVelocity",0
25.40957,"/drivetrain/heading",-2.2300000190734863
25.409581,"/drivetrain/headingVelocity",0
25.409587,"/drivetrain/xAcceleration",0
25.409592,"/drivetrain/yAcceleration",-0.006000000052154064
25.409597,"/drivetrain/leftOutputLog",0
25.409601,"/drivetrain/rightOutputLog",0
25.41006,"/intake/pos",0
25.41008,"/intake/output",0
25.410295,"/shooter/rpm",0
25.410322,"/shooter/output",0.1
25.410359,"/shooter/hasBall",true
25.410398,"/shooter/temperature",40
25.410948,"/climber/rightPos",0
25.429454,"/drivetrain/leftPos",0
25.429524,"/drivetrain/leftVelocity",0
25.429544,"/drivetrain/rightPos",0
25.429664,"/drivetrain/rightVelocity",0
25.429718,"/drivetrain/heading",-2.2300000190734863
25.429728,"/drivetrain/headingVelocity",-0.0610351525247097
25.429734,"/drivetrain/xAcceleration",-0.003000000026077032
25.42974,"/drivetrain/yAcceleration",0
25.429745,"/drivetrain/leftOutputLog",0
25.429749,"/drivetrain/rightOutputLog",0
25.430199,"/intake/pos",0
25.430204,"/intake/output",0
25.430508,"/shooter/rpm",0
25.430535,"/shooter/output",0.1
25.430574,"/shooter/hasBall",true
25.430614,"/shooter/temperature",40
25.430941,"/climber/rightPos",0
25.449457,"/drivetrain/leftPos",0
25.449483,"/drivetrain/leftVelocity",0
25.449661,"/drivetrain/rightPos",0
25.449691,"/drivetrain/rightVelocity",0
25.449754,"/drivetrain/heading",-2.2300000190734863
25.450131,"/drivetrain/headingVelocity",-0.1220703050494194
25.450146,"/drivetrain/xAcceleration",0
25.450152,"/drivetrain/yAcceleration",0
25.450157,"/drivetrain/leftOutputLog",0
25.450161,"/drivetrain/rightOutputLog",0
25.450969,"/intake/pos",0
25.450974,"/intake/output",0
25.45117,"/shooter/rpm",0
25.451193,"/shooter/output",0.1
25.451281,"/shooter/hasBall",true
25.451327,"/shooter/temperature",40
25.451513,"/climber/rightPos",0
25.470261,"/drivetrain/leftPos",0
25.470771,"/drivetrain/leftVelocity",0
25.470794,"/drivetrain/rightPos",0
25.470806,"/drivetrain/rightVelocity",0
25.470837,"/drivetrain/heading",-2.2300000190734863
25.470846,"/drivetrain/headingVelocity",0
25.470852,"/drivetrain/xAcceleration",0
25.470857,"/drivetrain/yAcceleration",0
25.470861,"/drivetrain/leftOutputLog",0
25.470866,"/drivetrain/rightOutputLog",0
25.471085,"/intake/pos",0
25.47109,"/intake/output",0
25.47131,"/shooter/rpm",0
25.471377,"/shooter/output",0.1
25.471415,"/shooter/hasBall",true
25.471446,"/shooter/temperature",40
25.471653,"/climber/rightPos",0
25.489334,"/drivetrain/leftPos",0
25.489351,"/drivetrain/leftVelocity",0
25.489367,"/drivetrain/rightPos",0
25.489379,"/drivetrain/rightVelocity",0
25.48942,"/drivetrain/heading",-2.2300000190734863
25.489429,"/drivetrain/headingVelocity",0
25.489435,"/drivetrain/xAcceleration",0
25.48944,"/drivetrain/yAcceleration",0
25.489444,"/drivetrain/leftOutputLog",0
25.489448,"/drivetrain/rightOutputLog",0
25.489641,"/intake/pos",0
25.489646,"/intake/output",0
25.489851,"/shooter/rpm",0
25.489911,"/shooter/output",0.1
25.489949,"/shooter/hasBall",true
25.489972,"/shooter/temperature",40
25.490165,"/climber/rightPos",0
25.510231,"/drivetrain/leftPos",0
25.51025,"/drivetrain/leftVelocity",0
25.510268,"/drivetrain/rightPos",0
25.510279,"/drivetrain/rightVelocity",0
25.510312,"/drivetrain/heading",-2.2300000190734863
25.510321,"/drivetrain/headingVelocity",0.0610351525247097
25.510327,"/drivetrain/xAcceleration",0
25.510332,"/drivetrain/yAcceleration",-0.004000000189989805
25.510337,"/drivetrain/leftOutputLog",0
25.510341,"/drivetrain/rightOutputLog",0
25.510685,"/intake/pos",0
25.510692,"/intake/output",0
25.510899,"/shooter/rpm",0
25.510922,"/shooter/output",0.1
25.510963,"/shooter/hasBall",true
25.511112,"/shooter/temperature",40
25.511315,"/climber/rightPos",0
25.530302,"/drivetrain/leftPos",0
25.530318,"/drivetrain/leftVelocity",0
25.530333,"/drivetrain/rightPos",0
25.530345,"/drivetrain/rightVelocity",0
25.530379,"/drivetrain/heading",-2.2300000190734863
25.530389,"/drivetrain/headingVelocity",0
25.530395,"/drivetrain/xAcceleration",0
25.5304,"/drivetrain/yAcceleration",0
25.530405,"/drivetrain/leftOutputLog",0
25.530409,"/drivetrain/rightOutputLog",0
25.530639,"/intake/pos",0
25.530695,"/intake/output",0
25.530864,"/shooter/rpm",0
25.530886,"/shooter/output",0.1
25.530919,"/shooter/hasBall",true
25.530959,"/shooter/temperature",40
25.531308,"/climber/rightPos",0
25.549602,"/drivetrain/leftPos",0
25.549619,"/drivetrain/leftVelocity",0
25.549755,"/drivetrain/rightPos",0
25.549777,"/drivetrain/rightVelocity",0
25.549827,"/drivetrain/heading",-2.2300000190734863
25.549837,"/drivetrain/headingVelocity",0
25.549843,"/drivetrain/xAcceleration",0
25.549849,"/drivetrain/yAcceleration",0
25.549854,"/drivetrain/leftOutputLog",0
25.549858,"/drivetrain/rightOutputLog",0
25.550259,"/intake/pos",0
25.550265,"/intake/output",0
25.550597,"/shooter/rpm",0
25.550791,"/shooter/output",0.1
25.550847,"/shooter/hasBall",true
25.55114,"/shooter/temperature",40
25.551474,"/climber/rightPos",0
25.569564,"/drivetrain/leftPos",0
25.569584,"/drivetrain/leftVelocity",0
25.5696,"/drivetrain/rightPos",0
25.569612,"/drivetrain/rightVelocity",0
25.569663,"/drivetrain/heading",-2.2300000190734863
25.569673,"/drivetrain/headingVelocity",0.0610351525247097
25.569678,"/drivetrain/xAcceleration",0
25.569684,"/drivetrain/yAcceleration",0
25.569689,"/drivetrain/leftOutputLog",0
25.569693,"/drivetrain/rightOutputLog",0
25.569925,"/intake/pos",0
25.569931,"/intake/output",0
25.571089,"/shooter/rpm",0
25.571119,"/shooter/output",0.1
25.571168,"/shooter/hasBall",true
25.571218,"/shooter/temperature",40
25.571493,"/climber/rightPos",0
25.589275,"/drivetrain/leftPos",0
25.589294,"/drivetrain/leftVelocity",0
25.589309,"/drivetrain/rightPos",0
25.589321,"/drivetrain/rightVelocity",0
25.589358,"/drivetrain/heading",-2.240000009536743
25.589367,"/drivetrain/headingVelocity",0.0610351525247097
25.589373,"/drivetrain/xAcceleration",0
25.589378,"/drivetrain/yAcceleration",0
25.589382,"/drivetrain/leftOutputLog",0
25.589386,"/drivetrain/rightOutputLog",0
25.589585,"/intake/pos",0
25.58959,"/intake/output",0
25.589803,"/shooter/rpm",0
25.589833,"/shooter/output",0.1
25.590024,"/shooter/hasBall",true
25.59014,"/shooter/temperature",40
25.590366,"/climber/rightPos",0
25.610555,"/drivetrain/leftPos",0
25.610572,"/drivetrain/leftVelocity",0
25.610588,"/drivetrain/rightPos",0
25.610599,"/drivetrain/rightVelocity",0
25.610637,"/drivetrain/heading",-2.240000009536743
25.610646,"/drivetrain/headingVelocity",0.0610351525247097
25.610652,"/drivetrain/xAcceleration",0
25.610657,"/drivetrain/yAcceleration",0
25.610661,"/drivetrain/leftOutputLog",0
25.610665,"/drivetrain/rightOutputLog",0
25.610934,"/intake/pos",0
25.610939,"/intake/output",0
25.611178,"/shooter/rpm",0
25.611203,"/shooter/output",0.1
25.611238,"/shooter/hasBall",true
25.611282,"/shooter/temperature",40
25.611455,"/climber/rightPos",0
25.630647,"/drivetrain/leftPos",0
25.630665,"/drivetrain/leftVelocity",0
25.630681,"/drivetrain/rightPos",0
25.630692,"/drivetrain/rightVelocity",0
25.630738,"/drivetrain/heading",-2.240000009536743
25.630749,"/drivetrain/headingVelocity",-0.0610351525247097
25.630755,"/drivetrain/xAcceleration",0
25.63076,"/drivetrain/yAcceleration",0.004000000189989805
25.630766,"/drivetrain/leftOutputLog",0
25.63077,"/drivetrain/rightOutputLog",0
25.631613,"/intake/pos",0
25.631618,"/intake/output",0
25.631812,"/shooter/rpm",0
25.631837,"/shooter/output",0.1
25.631872,"/shooter/hasBall",true
25.631909,"/shooter/temperature",40
25.632069,"/climber/rightPos",0
25.650399,"/drivetrain/leftPos",0
25.650415,"/drivetrain/leftVelocity",0
25.650431,"/drivetrain/rightPos",0
25.650442,"/drivetrain/rightVelocity",0
25.650477,"/drivetrain/heading",-2.240000009536743
25.650486,"/drivetrain/headingVelocity",0
25.650492,"/drivetrain/xAcceleration",0.003000000026077032
25.650497,"/drivetrain/yAcceleration",0.003000000026077032
25.650502,"/drivetrain/leftOutputLog",0
25.650506,"/drivetrain/rightOutputLog",0
25.650781,"/intake/pos",0
25.650786,"/intake/output",0
25.650996,"/shooter/rpm",0
25.651093,"/shooter/output",0.1
25.651141,"/shooter/hasBall",true
25.651166,"/shooter/temperature",40
25.651335,"/climber/rightPos",0
25.669292,"/drivetrain/leftPos",0
25.66931,"/drivetrain/leftVelocity",0
25.669326,"/drivetrain/rightPos",0
25.669337,"/drivetrain/rightVelocity",0
25.669378,"/drivetrain/heading",-2.240000009536743
25.669386,"/drivetrain/headingVelocity",0
25.669391,"/drivetrain/xAcceleration",0
25.669396,"/drivetrain/yAcceleration",0.003000000026077032
25.669401,"/drivetrain/leftOutputLog",0
25.669405,"/drivetrain/rightOutputLog",0
25.670074,"/intake/pos",0
25.670079,"/intake/output",0
25.670367,"/shooter/rpm",0
25.670682,"/shooter/output",0.1
25.671096,"/shooter/hasBall",true
25.671149,"/shooter/temperature",40
25.671408,"/climber/rightPos",0
25.689284,"/drivetrain/leftPos",0
25.689301,"/drivetrain/leftVelocity",0
25.689315,"/drivetrain/rightPos",0
25.689327,"/drivetrain/rightVelocity",0
25.689363,"/drivetrain/heading",-2.2300000190734863
25.689371,"/drivetrain/headingVelocity",0
25.689377,"/drivetrain/xAcceleration",0
25.689382,"/drivetrain/yAcceleration",0
25.689386,"/drivetrain/leftOutputLog",0
25.68939,"/drivetrain/rightOutputLog",0
25.689595,"/intake/pos",0
25.6896,"/intake/output",0
25.68979,"/shooter/rpm",0
25.689812,"/shooter/output",0.1
25.689847,"/shooter/hasBall",true
25.689871,"/shooter/temperature",40
25.690241,"/climber/rightPos",0
25.7094,"/drivetrain/leftPos",0
25.709418,"/drivetrain/leftVelocity",0
25.709434,"/drivetrain/rightPos",0
25.709446,"/drivetrain/rightVelocity",0
25.709487,"/drivetrain/heading",-2.2300000190734863
25.709496,"/drivetrain/headingVelocity",0
25.709502,"/drivetrain/xAcceleration",0
25.709507,"/drivetrain/yAcceleration",-0.003000000026077032
25.709512,"/drivetrain/leftOutputLog",0
25.709516,"/drivetrain/rightOutputLog",0
25.709699,"/intake/pos",0
25.709704,"/intake/output",0
25.709909,"/shooter/rpm",0
25.709977,"/shooter/output",0.1
25.710014,"/shooter/hasBall",true
25.710046,"/shooter/temperature",40
25.710295,"/climber/rightPos",0
25.729346,"/drivetrain/leftPos",0
25.729364,"/drivetrain/leftVelocity",0
25.729379,"/drivetrain/rightPos",0
25.729392,"/drivetrain/rightVelocity",0
25.729439,"/drivetrain/heading",-2.2300000190734863
25.729448,"/drivetrain/headingVelocity",0
25.729454,"/drivetrain/xAcceleration",0
25.729459,"/drivetrain/yAcceleration",0
25.729463,"/drivetrain/leftOutputLog",0
25.729467,"/drivetrain/rightOutputLog",0
25.729671,"/intake/pos",0
25.729676,"/intake/output",0
25.729921,"/shooter/rpm",0
25.729945,"/shooter/output",0.1
25.72998,"/shooter/hasBall",true
25.730003,"/shooter/temperature",40
25.730167,"/climber/rightPos",0
25.749244,"/drivetrain/leftPos",0
25.749261,"/drivetrain/leftVelocity",0
25.749397,"/drivetrain/rightPos",0
25.749415,"/drivetrain/rightVelocity",0
25.749463,"/drivetrain/heading",-2.2300000190734863
25.749473,"/drivetrain/headingVelocity",0
25.749479,"/drivetrain/xAcceleration",0
25.749484,"/drivetrain/yAcceleration",0
25.749489,"/drivetrain/leftOutputLog",0
25.749493,"/drivetrain/rightOutputLog",0
25.749961,"/intake/pos",0
25.749966,"/intake/output",0
25.751084,"/shooter/rpm",0
25.751102,"/shooter/output",0.1
25.751152,"/shooter/hasBall",true
25.751177,"/shooter/temperature",40
25.751437,"/climber/rightPos",0
25.769259,"/drivetrain/leftPos",0
25.769277,"/drivetrain/leftVelocity",0
25.769293,"/drivetrain/rightPos",0
25.769304,"/drivetrain/rightVelocity",0
25.769343,"/drivetrain/heading",-2.240000009536743
25.769351,"/drivetrain/headingVelocity",0
25.769356,"/drivetrain/xAcceleration",0
25.769361,"/drivetrain/yAcceleration",0
25.769413,"/drivetrain/leftOutputLog",0
25.769417,"/drivetrain/rightOutputLog",0
25.769752,"/intake/pos",0
25.769758,"/intake/output",0
25.770211,"/shooter/rpm",0
25.770456,"/shooter/output",0.1
25.770503,"/shooter/hasBall",true
25.770553,"/shooter/temperature",40
25.770894,"/climber/rightPos",0
25.789263,"/drivetrain/leftPos",0
25.789281,"/drivetrain/leftVelocity",0
25.789296,"/drivetrain/rightPos",0
25.789308,"/drivetrain/rightVelocity",0
25.78935,"/drivetrain/heading",-2.2300000190734863
25.789359,"/drivetrain/headingVelocity",-0.0610351525247097
25.789365,"/drivetrain/xAcceleration",0
25.78937,"/drivetrain/yAcceleration",0
25.789375,"/drivetrain/leftOutputLog",0
25.789379,"/drivetrain/rightOutputLog",0
25.789578,"/intake/pos",0
25.789583,"/intake/output",0
25.789796,"/shooter/rpm",0
25.789818,"/shooter/output",0.1
25.789852,"/shooter/hasBall",true
25.789895,"/shooter/temperature",40
25.790039,"/climber/rightPos",0
25.810245,"/drivetrain/leftPos",0
25.810264,"/drivetrain/leftVelocity",0
25.810284,"/drivetrain/rightPos",0
25.810296,"/drivetrain/rightVelocity",0
25.810339,"/drivetrain/heading",-2.2300000190734863
25.810349,"/drivetrain/headingVelocity",0
25.810355,"/drivetrain/xAcceleration",0
25.81036,"/drivetrain/yAcceleration",0
25.810365,"/drivetrain/leftOutputLog",0
25.810369,"/drivetrain/rightOutputLog",0
25.810593,"/intake/pos",0
25.810599,"/intake/output",0
25.810795,"/shooter/rpm",0
25.810818,"/shooter/output",0.1
25.810852,"/shooter/hasBall",true
25.810895,"/shooter/temperature",40
25.811061,"/climber/rightPos",0
25.830826,"/drivetrain/leftPos",0
25.830844,"/drivetrain/leftVelocity",0
25.830858,"/drivetrain/rightPos",0
25.83087,"/drivetrain/rightVelocity",0
25.830908,"/drivetrain/heading",-2.2300000190734863
25.830917,"/drivetrain/headingVelocity",0
25.830923,"/drivetrain/xAcceleration",0
25.830928,"/drivetrain/yAcceleration",0
25.830933,"/drivetrain/leftOutputLog",0
25.830937,"/drivetrain/rightOutputLog",0
25.83117,"/intake/pos",0
25.831175,"/intake/output",0
25.831444,"/shooter/rpm",0
25.831469,"/shooter/output",0.1
25.831509,"/shooter/hasBall",true
25.831557,"/shooter/temperature",40
25.831766,"/climber/rightPos",0
25.85002,"/drivetrain/leftPos",0
25.850037,"/drivetrain/leftVelocity",0
25.850052,"/drivetrain/rightPos",0
25.850167,"/drivetrain/rightVelocity",0
25.850206,"/drivetrain/heading",-2.240000009536743
25.850214,"/drivetrain/headingVelocity",0
25.85022,"/drivetrain/xAcceleration",0
25.850225,"/drivetrain/yAcceleration",0
25.85023,"/drivetrain/leftOutputLog",0
25.850234,"/drivetrain/rightOutputLog",0
25.850447,"/intake/pos",0
25.850452,"/intake/output",0
25.850679,"/shooter/rpm",0
25.850704,"/shooter/output",0.1
25.850739,"/shooter/hasBall",true
25.850786,"/shooter/temperature",40
25.850952,"/climber/rightPos",0
25.870138,"/drivetrain/leftPos",0
25.870156,"/drivetrain/leftVelocity",0
25.870172,"/drivetrain/rightPos",0
25.870184,"/drivetrain/rightVelocity",0
25.870214,"/drivetrain/heading",-2.2300000190734863
25.870224,"/drivetrain/headingVelocity",0
25.87023,"/drivetrain/xAcceleration",0
25.870235,"/drivetrain/yAcceleration",0
25.87024,"/drivetrain/leftOutputLog",0
25.870244,"/drivetrain/rightOutputLog",0
25.870697,"/intake/pos",0
25.870702,"/intake/output",0
25.870957,"/shooter/rpm",0
25.870985,"/shooter/output",0.1
25.871018,"/shooter/hasBall",true
25.871057,"/shooter/temperature",40
25.871223,"/climber/rightPos",0
25.88929,"/drivetrain/leftPos",0
25.889306,"/drivetrain/leftVelocity",0
25.88932,"/drivetrain/rightPos",0
25.889331,"/drivetrain/rightVelocity",0
25.889367,"/drivetrain/heading",-2.2300000190734863
25.889376,"/drivetrain/headingVelocity",0
25.889382,"/drivetrain/xAcceleration",0
25.889387,"/drivetrain/yAcceleration",0
25.889392,"/drivetrain/leftOutputLog",0
25.889395,"/drivetrain/rightOutputLog",0
25.889578,"/intake/pos",0
25.889583,"/intake/output",0
25.88979,"/shooter/rpm",0
25.889931,"/shooter/output",0.1
25.889978,"/shooter/hasBall",true
25.890005,"/shooter/temperature",40
25.890399,"/climber/rightPos",0
25.909776,"/drivetrain/leftPos",0
25.909794,"/drivetrain/leftVelocity",0
25.909812,"/drivetrain/rightPos",0
25.909824,"/drivetrain/rightVelocity",0
25.909871,"/drivetrain/heading",-2.2300000190734863
25.909881,"/drivetrain/headingVelocity",0
25.909887,"/drivetrain/xAcceleration",0
25.909892,"/drivetrain/yAcceleration",0
25.909897,"/drivetrain/leftOutputLog",0
25.909901,"/drivetrain/rightOutputLog",0
25.910416,"/intake/pos",0
25.910422,"/intake/output",0
25.910953,"/shooter/rpm",0
25.910973,"/shooter/output",0.1
25.911009,"/shooter/hasBall",true
25.911052,"/shooter/temperature",40
25.911276,"/climber/rightPos",0
25.929299,"/drivetrain/leftPos",0
25.929316,"/drivetrain/leftVelocity",0
25.929333,"/drivetrain/rightPos",0
25.929345,"/drivetrain/rightVelocity",0
25.929391,"/drivetrain/heading",-2.2300000190734863
25.929401,"/drivetrain/headingVelocity",0
25.929407,"/drivetrain/xAcceleration",0
25.929413,"/drivetrain/yAcceleration",-0.003000000026077032
25.929418,"/drivetrain/leftOutputLog",0
25.929422,"/drivetrain/rightOutputLog",0
25.930042,"/intake/pos",0
25.930047,"/intake/output",0
25.930219,"/shooter/rpm",0
25.930241,"/shooter/output",0.1
25.930321,"/shooter/hasBall",true
25.930349,"/shooter/temperature",40
25.930531,"/climber/rightPos",0
25.949283,"/drivetrain/leftPos",0
25.9493,"/drivetrain/leftVelocity",0
25.949315,"/drivetrain/rightPos",0
25.949327,"/drivetrain/rightVelocity",0
25.949375,"/drivetrain/heading",-2.240000009536743
25.949385,"/drivetrain/headingVelocity",0
25.949391,"/drivetrain/xAcceleration",0
25.949396,"/drivetrain/yAcceleration",0
25.949401,"/drivetrain/leftOutputLog",0
25.949405,"/drivetrain/rightOutputLog",0
25.95053,"/intake/pos",0
25.950537,"/intake/output",0
25.950802,"/shooter/rpm",0
25.950829,"/shooter/output",0.1
25.950867,"/shooter/hasBall",true
25.950898,"/shooter/temperature",40
25.951071,"/climber/rightPos",0
25.969602,"/drivetrain/leftPos",0
25.969622,"/drivetrain/leftVelocity",0
25.96964,"/drivetrain/rightPos",0
25.969651,"/drivetrain/rightVelocity",0
25.969697,"/drivetrain/heading",-2.240000009536743
25.969707,"/drivetrain/headingVelocity",0
25.969713,"/drivetrain/xAcceleration",0
25.969719,"/drivetrain/yAcceleration",0
25.969724,"/drivetrain/leftOutputLog",0
25.969727,"/drivetrain/rightOutputLog",0
25.970158,"/intake/pos",0
25.970163,"/intake/output",0
25.970375,"/shooter/rpm",0
25.970438,"/shooter/output",0.1
25.970474,"/shooter/hasBall",true
25.970499,"/shooter/temperature",40
25.970667,"/climber/rightPos",0
25.989491,"/drivetrain/leftPos",0
25.989508,"/drivetrain/leftVelocity",0
25.989524,"/drivetrain/rightPos",0
25.989536,"/drivetrain/rightVelocity",0
25.989583,"/drivetrain/heading",-2.2300000190734863
25.989594,"/drivetrain/headingVelocity",-0.1220703050494194
25.9896,"/drivetrain/xAcceleration",0
25.989605,"/drivetrain/yAcceleration",0
25.98961,"/drivetrain/leftOutputLog",0
25.989614,"/drivetrain/rightOutputLog",0
25.990087,"/intake/pos",0
25.990092,"/intake/output",0
25.990716,"/shooter/rpm",0
25.990784,"/shooter/output",0.1
25.990823,"/shooter/hasBall",true
25.990848,"/shooter/temperature",40
25.991288,"/climber/rightPos",0
26.009345,"/drivetrain/leftPos",0
26.009363,"/drivetrain/leftVelocity",0
26.00938,"/drivetrain/rightPos",0
26.009392,"/drivetrain/rightVelocity",0
26.009441,"/drivetrain/heading",-2.2300000190734863
26.009451,"/drivetrain/headingVelocity",-0.1220703050494194
26.009458,"/drivetrain/xAcceleration",0
26.009462,"/drivetrain/yAcceleration",0
26.009467,"/drivetrain/leftOutputLog",0
26.009471,"/drivetrain/rightOutputLog",0
26.009914,"/intake/pos",0
26.009919,"/intake/output",0
26.010555,"/shooter/rpm",0
26.010577,"/shooter/output",0.1
26.010617,"/shooter/hasBall",true
26.010661,"/shooter/temperature",40
26.01087,"/climber/rightPos",0
26.029617,"/drivetrain/leftPos",0
26.029634,"/drivetrain/leftVelocity",0
26.02965,"/drivetrain/rightPos",0
26.029662,"/drivetrain/rightVelocity",0
26.029709,"/drivetrain/heading",-2.2300000190734863
26.029719,"/drivetrain/headingVelocity",-0.0610351525247097
26.029726,"/drivetrain/xAcceleration",0
26.029731,"/drivetrain/yAcceleration",0
26.029736,"/drivetrain/leftOutputLog",0
26.02974,"/drivetrain/rightOutputLog",0
26.030109,"/intake/pos",0
26.030114,"/intake/output",0
26.030628,"/shooter/rpm",0
26.030649,"/shooter/output",0.1
26.030684,"/shooter/hasBall",true
26.030729,"/shooter/temperature",40
26.030884,"/climber/rightPos",0
26.049366,"/drivetrain/leftPos",0
26.049385,"/drivetrain/leftVelocity",0
26.0494,"/drivetrain/rightPos",0
26.049412,"/drivetrain/rightVelocity",0
26.049457,"/drivetrain/heading",-2.2300000190734863
26.049467,"/drivetrain/headingVelocity",-0.0610351525247097
26.049473,"/drivetrain/xAcceleration",0
26.049479,"/drivetrain/yAcceleration",0
26.049484,"/drivetrain/leftOutputLog",0
26.049488,"/drivetrain/rightOutputLog",0
26.049888,"/intake/pos",0
26.050022,"/intake/output",0
26.050305,"/shooter/rpm",0
26.050333,"/shooter/output",0.1
26.050373,"/shooter/hasBall",true
26.050421,"/shooter/temperature",40
26.050803,"/climber/rightPos",0
26.070122,"/drivetrain/leftPos",0
26.07014,"/drivetrain/leftVelocity",0
26.070155,"/drivetrain/rightPos",0
26.070167,"/drivetrain/rightVelocity",0
26.070201,"/drivetrain/heading",-2.2200000286102295
26.07021,"/drivetrain/headingVelocity",0
26.070215,"/drivetrain/xAcceleration",0
26.07022,"/drivetrain/yAcceleration",0
26.070225,"/drivetrain/leftOutputLog",0
26.070229,"/drivetrain/rightOutputLog",0
26.07043,"/intake/pos",0
26.070434,"/intake/output",0
26.070669,"/shooter/rpm",0
26.070691,"/shooter/output",0.1
26.070726,"/shooter/hasBall",true
26.07077,"/shooter/temperature",40
26.070923,"/climber/rightPos",0
26.089258,"/drivetrain/leftPos",0
26.089276,"/drivetrain/leftVelocity",0
26.089292,"/drivetrain/rightPos",0
26.089304,"/drivetrain/rightVelocity",0
26.089343,"/drivetrain/heading",-2.2200000286102295
26.089352,"/drivetrain/headingVelocity",0.0610351525247097
26.089358,"/drivetrain/xAcceleration",0
26.089363,"/drivetrain/yAcceleration",0
26.089368,"/drivetrain/leftOutputLog",0
26.089372,"/drivetrain/rightOutputLog",0
26.089555,"/intake/pos",0
26.08956,"/intake/output",0
26.089718,"/shooter/rpm",0
26.08974,"/shooter/output",0.1
26.089772,"/shooter/hasBall",true
26.089868,"/shooter/temperature",40
26.090487,"/climber/rightPos",0
26.11038,"/drivetrain/leftPos",0
26.110397,"/drivetrain/leftVelocity",0
26.110414,"/drivetrain/rightPos",0
26.110426,"/drivetrain/rightVelocity",0
26.110462,"/drivetrain/heading",-2.2300000190734863
26.110472,"/drivetrain/headingVelocity",0.2441406100988388
26.110479,"/drivetrain/xAcceleration",0
26.110484,"/drivetrain/yAcceleration",-0.004000000189989805
26.110489,"/drivetrain/leftOutputLog",0
26.110493,"/drivetrain/rightOutputLog",0
26.1108,"/intake/pos",0
26.110805,"/intake/output",0
26.111063,"/shooter/rpm",0
26.111086,"/shooter/output",0.1
26.111124,"/shooter/hasBall",true
26.111162,"/shooter/temperature",40
26.111517,"/climber/rightPos",0
26.129475,"/drivetrain/leftPos",0
26.129492,"/drivetrain/leftVelocity",0
26.129507,"/drivetrain/rightPos",0
26.129519,"/drivetrain/rightVelocity",0
26.129566,"/drivetrain/heading",-2.240000009536743
26.129576,"/drivetrain/headingVelocity",0.30517578125
26.129582,"/drivetrain/xAcceleration",0
26.129588,"/drivetrain/yAcceleration",-0.003000000026077032
26.129593,"/drivetrain/leftOutputLog",0
26.129596,"/drivetrain/rightOutputLog",0
26.129818,"/intake/pos",0
26.129881,"/intake/output",0
26.130215,"/shooter/rpm",0
26.130279,"/shooter/output",0.1
26.130321,"/shooter/hasBall",true
26.130346,"/shooter/temperature",40
26.130765,"/climber/rightPos",0
26.151006,"/drivetrain/leftPos",0
26.151024,"/drivetrain/leftVelocity",0
26.15104,"/drivetrain/rightPos",0
26.151052,"/drivetrain/rightVelocity",0
26.15109,"/drivetrain/heading",-2.240000009536743
26.151099,"/drivetrain/headingVelocity",0.1220703050494194
26.151105,"/drivetrain/xAcceleration",0
26.15111,"/drivetrain/yAcceleration",0
26.151114,"/drivetrain/leftOutputLog",0
26.151118,"/drivetrain/rightOutputLog",0
26.151314,"/intake/pos",0
26.151319,"/intake/output",0
26.151501,"/shooter/rpm",0
26.151523,"/shooter/output",0.1
26.151558,"/shooter/hasBall",true
26.151594,"/shooter/temperature",40
26.151753,"/climber/rightPos",0
26.170616,"/drivetrain/leftPos",0
26.170634,"/drivetrain/leftVelocity",0
26.170649,"/drivetrain/rightPos",0
26.17066,"/drivetrain/rightVelocity",0
26.170693,"/drivetrain/heading",-2.240000009536743
26.170701,"/drivetrain/headingVelocity",0
26.170707,"/drivetrain/xAcceleration",0
26.170712,"/drivetrain/yAcceleration",0.007000000216066837
26.170716,"/drivetrain/leftOutputLog",0
26.17072,"/drivetrain/rightOutputLog",0
26.170925,"/intake/pos",0
26.17093,"/intake/output",0
26.171152,"/shooter/rpm",0
26.171174,"/shooter/output",0.1
26.171208,"/shooter/hasBall",true
26.171244,"/shooter/temperature",40
26.171397,"/climber/rightPos",0
26.190084,"/drivetrain/leftPos",0
26.190104,"/drivetrain/leftVelocity",0
26.190137,"/drivetrain/rightPos",0
26.190152,"/drivetrain/rightVelocity",0
26.190186,"/drivetrain/heading",-2.240000009536743
26.190195,"/drivetrain/headingVelocity",0
26.190201,"/drivetrain/xAcceleration",0
26.190206,"/drivetrain/yAcceleration",0.004000000189989805
26.190211,"/drivetrain/leftOutputLog",0
26.190215,"/drivetrain/rightOutputLog",0
26.190432,"/intake/pos",0
26.190437,"/intake/output",0
26.190679,"/shooter/rpm",0
26.190702,"/shooter/output",0.1
26.190739,"/shooter/hasBall",true
26.190763,"/shooter/temperature",40
26.190987,"/climber/rightPos",0
26.209667,"/drivetrain/leftPos",0
26.209687,"/drivetrain/leftVelocity",0
26.209704,"/drivetrain/rightPos",0
26.209716,"/drivetrain/rightVelocity",0
26.209924,"/drivetrain/heading",-2.240000009536743
26.209935,"/drivetrain/headingVelocity",-0.0610351525247097
26.209941,"/drivetrain/xAcceleration",0
26.209946,"/drivetrain/yAcceleration",0
26.209952,"/drivetrain/leftOutputLog",0
26.209956,"/drivetrain/rightOutputLog",0
26.210225,"/intake/pos",0
26.21023,"/intake/output",0
26.210479,"/shooter/rpm",0
26.210504,"/shooter/output",0.1
26.210541,"/shooter/hasBall",true
26.210572,"/shooter/temperature",40
26.21072,"/climber/rightPos",0
26.229338,"/drivetrain/leftPos",0
26.229356,"/drivetrain/leftVelocity",0
26.229372,"/drivetrain/rightPos",0
26.229384,"/drivetrain/rightVelocity",0
26.229426,"/drivetrain/heading",-2.240000009536743
26.229437,"/drivetrain/headingVelocity",0
26.229444,"/drivetrain/xAcceleration",0
26.229449,"/drivetrain/yAcceleration",0
26.229455,"/drivetrain/leftOutputLog",0
26.229459,"/drivetrain/rightOutputLog",0
26.229776,"/intake/pos",0
26.229935,"/intake/output",0
26.230561,"/shooter/rpm",0
26.230586,"/shooter/output",0.1
26.230628,"/shooter/hasBall",true
26.230656,"/shooter/temperature",40
26.230856,"/climber/rightPos",0
26.250699,"/drivetrain/leftPos",0
26.250716,"/drivetrain/leftVelocity",0
26.250731,"/drivetrain/rightPos",0
26.250743,"/drivetrain/rightVelocity",0
26.250779,"/drivetrain/heading",-2.240000009536743
26.250787,"/drivetrain/headingVelocity",0
26.250793,"/drivetrain/xAcceleration",0
26.250798,"/drivetrain/yAcceleration",-0.004999999888241291
26.250803,"/drivetrain/leftOutputLog",0
26.250807,"/drivetrain/rightOutputLog",0
26.251079,"/intake/pos",0
26.251087,"/intake/output",0
26.251293,"/shooter/rpm",0
26.251314,"/shooter/output",0.1
26.251389,"/shooter/hasBall",true
26.251415,"/shooter/temperature",40
26.251596,"/climber/rightPos",0
26.269678,"/drivetrain/leftPos",0
26.270194,"/drivetrain/leftVelocity",0
26.270214,"/drivetrain/rightPos",0
26.270227,"/drivetrain/rightVelocity",0
26.270275,"/drivetrain/heading",-2.240000009536743
26.270285,"/drivetrain/headingVelocity",0.0610351525247097
26.270291,"/drivetrain/xAcceleration",0
26.270297,"/drivetrain/yAcceleration",0
26.270302,"/drivetrain/leftOutputLog",0
26.270306,"/drivetrain/rightOutputLog",0
26.270635,"/intake/pos",0
26.27064,"/intake/output",0
26.270909,"/shooter/rpm",0
26.270932,"/shooter/output",0.1
26.270968,"/shooter/hasBall",true
26.271011,"/shooter/temperature",40
26.271163,"/climber/rightPos",0
26.289293,"/drivetrain/leftPos",0
26.289311,"/drivetrain/leftVelocity",0
26.289325,"/drivetrain/rightPos",0
26.289336,"/drivetrain/rightVelocity",0
26.28937,"/drivetrain/heading",-2.240000009536743
26.289379,"/drivetrain/headingVelocity",0
26.289384,"/drivetrain/xAcceleration",0.003000000026077032
26.289389,"/drivetrain/yAcceleration",0
26.289394,"/drivetrain/leftOutputLog",0
26.289398,"/drivetrain/rightOutputLog",0
26.289646,"/intake/pos",0
26.289651,"/intake/output",0
26.290025,"/shooter/rpm",0
26.290102,"/shooter/output",0.1
26.290295,"/shooter/hasBall",true
26.290357,"/shooter/temperature",40
26.29094,"/climber/rightPos",0
26.309525,"/drivetrain/leftPos",0
26.309543,"/drivetrain/leftVelocity",0
26.30956,"/drivetrain/rightPos",0
26.309572,"/drivetrain/rightVelocity",0
26.309615,"/drivetrain/heading",-2.240000009536743
26.309624,"/drivetrain/headingVelocity",0
26.30963,"/drivetrain/xAcceleration",0
26.309636,"/drivetrain/yAcceleration",0
26.309641,"/drivetrain/leftOutputLog",0
26.309644,"/drivetrain/rightOutputLog",0
26.310083,"/intake/pos",0
26.310089,"/intake/output",0
26.310605,"/shooter/rpm",0
26.310624,"/shooter/output",0.1
26.31066,"/shooter/hasBall",true
26.310706,"/shooter/temperature",40
26.310863,"/climber/rightPos",0
26.330313,"/drivetrain/leftPos",0
26.330329,"/drivetrain/leftVelocity",0
26.330345,"/drivetrain/rightPos",0
26.330357,"/drivetrain/rightVelocity",0
26.330391,"/drivetrain/heading",-2.240000009536743
26.330399,"/drivetrain/headingVelocity",-0.1831054538488388
26.330405,"/drivetrain/xAcceleration",0
26.33041,"/drivetrain/yAcceleration",0
26.330415,"/drivetrain/leftOutputLog",0
26.330418,"/drivetrain/rightOutputLog",0
26.330686,"/intake/pos",0
26.330691,"/intake/output",0
26.330946,"/shooter/rpm",0
26.330969,"/shooter/output",0.1
26.331004,"/shooter/hasBall",true
26.331045,"/shooter/temperature",40
26.331204,"/climber/rightPos",0
26.349536,"/drivetrain/leftPos",0
26.349554,"/drivetrain/leftVelocity",0
26.349572,"/drivetrain/rightPos",0
26.349584,"/drivetrain/rightVelocity",0
26.349623,"/drivetrain/heading",-2.240000009536743
26.349633,"/drivetrain/headingVelocity",-0.1220703050494194
26.349639,"/drivetrain/xAcceleration",-0.003000000026077032
26.349645,"/drivetrain/yAcceleration",0
26.34965,"/drivetrain/leftOutputLog",0
26.349653,"/drivetrain/rightOutputLog",0
26.350174,"/intake/pos",0
26.350594,"/intake/output",0
26.35104,"/shooter/rpm",0
26.351065,"/shooter/output",0.1
26.351109,"/shooter/hasBall",true
26.351157,"/shooter/temperature",40
26.351351,"/climber/rightPos",0
26.370237,"/drivetrain/leftPos",0
26.370258,"/drivetrain/leftVelocity",0
26.370275,"/drivetrain/rightPos",0
26.370286,"/drivetrain/rightVelocity",0
26.37033,"/drivetrain/heading",-2.2300000190734863
26.37034,"/drivetrain/headingVelocity",0
26.370346,"/drivetrain/xAcceleration",0
26.370352,"/drivetrain/yAcceleration",0
26.370357,"/drivetrain/leftOutputLog",0
26.370361,"/drivetrain/rightOutputLog",0
26.370853,"/intake/pos",0
26.370858,"/intake/output",0
26.371136,"/shooter/rpm",0
26.371166,"/shooter/output",0.1
26.371206,"/shooter/hasBall",true
26.371245,"/shooter/temperature",40
26.371416,"/climber/rightPos",0
26.389622,"/drivetrain/leftPos",0
26.389641,"/drivetrain/leftVelocity",0
26.389656,"/drivetrain/rightPos",0
26.389668,"/drivetrain/rightVelocity",0
26.389715,"/drivetrain/heading",-2.240000009536743
26.389724,"/drivetrain/headingVelocity",0.1220703050494194
26.38973,"/drivetrain/xAcceleration",0
26.389735,"/drivetrain/yAcceleration",-0.004000000189989805
26.38974,"/drivetrain/leftOutputLog",0
26.389744,"/drivetrain/rightOutputLog",0
26.39052,"/intake/pos",0
26.390525,"/intake/output",0
26.39081,"/shooter/rpm",0
26.390842,"/shooter/output",0.1
26.390895,"/shooter/hasBall",true
26.390939,"/shooter/temperature",40
26.391323,"/climber/rightPos",0
26.410283,"/drivetrain/leftPos",0
26.410478,"/drivetrain/leftVelocity",0
26.410497,"/drivetrain/rightPos",0
26.410509,"/drivetrain/rightVelocity",0
26.410542,"/drivetrain/heading",-2.240000009536743
26.410551,"/drivetrain/headingVelocity",0.0610351525247097
26.410557,"/drivetrain/xAcceleration",0
26.410561,"/drivetrain/yAcceleration",-0.003000000026077032
26.410566,"/drivetrain/leftOutputLog",0
26.41057,"/drivetrain/rightOutputLog",0
26.410901,"/intake/pos",0
26.410906,"/intake/output",0
26.411122,"/shooter/rpm",0
26.411149,"/shooter/output",0.1
26.411186,"/shooter/hasBall",true
26.411225,"/shooter/temperature",40
26.411399,"/climber/rightPos",0
26.429366,"/drivetrain/leftPos",0
26.429387,"/drivetrain/leftVelocity",0
26.429404,"/drivetrain/rightPos",0
26.429417,"/drivetrain/rightVelocity",0
26.429463,"/drivetrain/heading",-2.240000009536743
26.429472,"/drivetrain/headingVelocity",0.0610351525247097
26.429478,"/drivetrain/xAcceleration",0
26.429483,"/drivetrain/yAcceleration",0
26.429488,"/drivetrain/leftOutputLog",0
26.429492,"/drivetrain/rightOutputLog",0
26.429872,"/intake/pos",0
26.429877,"/intake/output",0
26.43049,"/shooter/rpm",0
26.430522,"/shooter/output",0.1
26.430817,"/shooter/hasBall",true
26.430872,"/shooter/temperature",40
26.431091,"/climber/rightPos",0
26.45057,"/drivetrain/leftPos",0
26.450588,"/drivetrain/leftVelocity",0
26.450603,"/drivetrain/rightPos",0
26.450615,"/drivetrain/rightVelocity",0
26.450654,"/drivetrain/heading",-2.240000009536743
26.450663,"/drivetrain/headingVelocity",0.0610351525247097
26.450669,"/drivetrain/xAcceleration",0
26.450674,"/drivetrain/yAcceleration",0
26.450679,"/drivetrain/leftOutputLog",0
26.450682,"/drivetrain/rightOutputLog",0
26.45086,"/intake/pos",0
26.450865,"/intake/output",0
26.451135,"/shooter/rpm",0
26.451156,"/shooter/output",0.1
26.451195,"/shooter/hasBall",true
26.451219,"/shooter/temperature",40
26.451395,"/climber/rightPos",0
26.469624,"/drivetrain/leftPos",0
26.469642,"/drivetrain/leftVelocity",0
26.469658,"/drivetrain/rightPos",0
26.46967,"/drivetrain/rightVelocity",0
26.469711,"/drivetrain/heading",-2.240000009536743
26.46972,"/drivetrain/headingVelocity",0
26.469726,"/drivetrain/xAcceleration",0
26.469731,"/drivetrain/yAcceleration",0
26.469736,"/drivetrain/leftOutputLog",0
26.46974,"/drivetrain/rightOutputLog",0
26.470139,"/intake/pos",0
26.470144,"/intake/output",0
26.470903,"/shooter/rpm",0
26.470927,"/shooter/output",0.1
26.470967,"/shooter/hasBall",true
26.470993,"/shooter/temperature",40
26.471207,"/climber/rightPos",0
26.489462,"/drivetrain/leftPos",0
26.489481,"/drivetrain/leftVelocity",0
26.489496,"/drivetrain/rightPos",0
26.489507,"/drivetrain/rightVelocity",0
26.489549,"/drivetrain/heading",-2.240000009536743
26.489558,"/drivetrain/headingVelocity",0
26.489563,"/drivetrain/xAcceleration",-0.006000000052154064
26.489568,"/drivetrain/yAcceleration",0
26.489573,"/drivetrain/leftOutputLog",0
26.489577,"/drivetrain/rightOutputLog",0
26.489867,"/intake/pos",0
26.489873,"/intake/output",0
26.490236,"/shooter/rpm",0
26.490267,"/shooter/output",0.1
26.490312,"/shooter/hasBall",true
26.490428,"/shooter/temperature",40
26.490773,"/climber/rightPos",0
26.509312,"/drivetrain/leftPos",0
26.509332,"/drivetrain/leftVelocity",0
26.509348,"/drivetrain/rightPos",0
26.50936,"/drivetrain/rightVelocity",0
26.509401,"/drivetrain/heading",-2.240000009536743
26.50941,"/drivetrain/headingVelocity",0
26.509416,"/drivetrain/xAcceleration",-0.004000000189989805
26.509421,"/drivetrain/yAcceleration",0
26.509426,"/drivetrain/leftOutputLog",0
26.509429,"/drivetrain/rightOutputLog",0
26.509628,"/intake/pos",0
26.509633,"/intake/output",0
26.51102,"/shooter/rpm",0
26.511039,"/shooter/output",0.1
26.511089,"/shooter/hasBall",true
26.511139,"/shooter/temperature",40
26.511415,"/climber/rightPos",0
26.53,"/drivetrain/leftPos",0
26.530018,"/drivetrain/leftVelocity",0
26.530033,"/drivetrain/rightPos",0
26.530045,"/drivetrain/rightVelocity",0
26.530094,"/drivetrain/heading",-2.240000009536743
26.530104,"/drivetrain/headingVelocity",0.0610351525247097
26.53011,"/drivetrain/xAcceleration",0
26.530115,"/drivetrain/yAcceleration",0
26.53012,"/drivetrain/leftOutputLog",0
26.530124,"/drivetrain/rightOutputLog",0
26.530818,"/intake/pos",0
26.530823,"/intake/output",0
26.531127,"/shooter/rpm",0
26.531153,"/shooter/output",0.1
26.531191,"/shooter/hasBall",true
26.531233,"/shooter/temperature",40
26.531491,"/climber/rightPos",0
26.550243,"/drivetrain/leftPos",0
26.550264,"/drivetrain/leftVelocity",0
26.550281,"/drivetrain/rightPos",0
26.550293,"/drivetrain/rightVelocity",0
26.550338,"/drivetrain/heading",-2.240000009536743
26.550349,"/drivetrain/headingVelocity",0.0610351525247097
26.550355,"/drivetrain/xAcceleration",0
26.55036,"/drivetrain/yAcceleration",0
26.550365,"/drivetrain/leftOutputLog",0
26.550369,"/drivetrain/rightOutputLog",0
26.550596,"/intake/pos",0
26.550602,"/intake/output",0
26.550929,"/shooter/rpm",0
26.550956,"/shooter/output",0.1
26.550993,"/shooter/hasBall",true
26.551039,"/shooter/temperature",40
26.551294,"/climber/rightPos",0
26.570669,"/drivetrain/leftPos",0
26.570685,"/drivetrain/leftVelocity",0
26.5707,"/drivetrain/rightPos",0
26.570713,"/drivetrain/rightVelocity",0
26.570747,"/drivetrain/heading",-2.240000009536743
26.570756,"/drivetrain/headingVelocity",0.0610351525247097
26.570761,"/drivetrain/xAcceleration",0
26.570766,"/drivetrain/yAcceleration",-0.004000000189989805
26.570771,"/drivetrain/leftOutputLog",0
26.570775,"/drivetrain/rightOutputLog",0
26.571004,"/intake/pos",0
26.57101,"/intake/output",0
26.571197,"/shooter/rpm",0
26.571221,"/shooter/output",0.1
26.571256,"/shooter/hasBall",true
26.5713,"/shooter/temperature",40
26.571473,"/climber/rightPos",0
26.589296,"/drivetrain/leftPos",0
26.589314,"/drivetrain/leftVelocity",0
26.589332,"/drivetrain/rightPos",0
26.589344,"/drivetrain/rightVelocity",0
26.589386,"/drivetrain/heading",-2.240000009536743
26.589395,"/drivetrain/headingVelocity",0
26.589401,"/drivetrain/xAcceleration",0.003000000026077032
26.589406,"/drivetrain/yAcceleration",0
26.589411,"/drivetrain/leftOutputLog",0
26.589415,"/drivetrain/rightOutputLog",0
26.589638,"/intake/pos",0
26.589643,"/intake/output",0
26.589921,"/shooter/rpm",0
26.589945,"/shooter/output",0.1
26.589983,"/shooter/hasBall",true
26.590027,"/shooter/temperature",40
26.590241,"/climber/rightPos",0
26.609332,"/drivetrain/leftPos",0
26.60935,"/drivetrain/leftVelocity",0
26.609365,"/drivetrain/rightPos",0
26.609377,"/drivetrain/rightVelocity",0
26.609423,"/drivetrain/heading",-2.240000009536743
26.609432,"/drivetrain/headingVelocity",0
26.609438,"/drivetrain/xAcceleration",0
26.609443,"/drivetrain/yAcceleration",0
26.609448,"/drivetrain/leftOutputLog",0
26.609452,"/drivetrain/rightOutputLog",0
26.610113,"/intake/pos",0
26.610119,"/intake/output",0
26.610946,"/shooter/rpm",0
26.610967,"/shooter/output",0.1
26.611005,"/shooter/hasBall",true
26.611044,"/shooter/temperature",40
26.611245,"/climber/rightPos",0
26.629315,"/drivetrain/leftPos",0
26.629333,"/drivetrain/leftVelocity",0
26.629348,"/drivetrain/rightPos",0
26.629359,"/drivetrain/rightVelocity",0
26.629401,"/drivetrain/heading",-2.240000009536743
26.629411,"/drivetrain/headingVelocity",0
26.629417,"/drivetrain/xAcceleration",0
26.629422,"/drivetrain/yAcceleration",0
26.629427,"/drivetrain/leftOutputLog",0
26.629431,"/drivetrain/rightOutputLog",0
26.629646,"/intake/pos",0
26.62969,"/intake/output",0
26.629955,"/shooter/rpm",0
26.629984,"/shooter/output",0.1
26.63003,"/shooter/hasBall",true
26.630056,"/shooter/temperature",40
26.630259,"/climber/rightPos",0
26.649468,"/drivetrain/leftPos",0
26.649487,"/drivetrain/leftVelocity",0
26.649503,"/drivetrain/rightPos",0
26.649514,"/drivetrain/rightVelocity",0
26.649594,"/drivetrain/heading",-2.240000009536743
26.649606,"/drivetrain/headingVelocity",0.0610351525247097
26.649612,"/drivetrain/xAcceleration",0
26.649617,"/drivetrain/yAcceleration",0
26.649622,"/drivetrain/leftOutputLog",0
26.649626,"/drivetrain/rightOutputLog",0
26.649814,"/intake/pos",0
26.649819,"/intake/output",0
26.650049,"/shooter/rpm",0
26.650073,"/shooter/output",0.1
26.65011,"/shooter/hasBall",true
26.650148,"/shooter/temperature",40
26.650363,"/climber/rightPos",0
26.669832,"/drivetrain/leftPos",0
26.67021,"/drivetrain/leftVelocity",0
26.670239,"/drivetrain/rightPos",0
26.670253,"/drivetrain/rightVelocity",0
26.670285,"/drivetrain/heading",-2.25
26.670293,"/drivetrain/headingVelocity",0
26.6703,"/drivetrain/xAcceleration",0
26.670305,"/drivetrain/yAcceleration",0
26.67031,"/drivetrain/leftOutputLog",0
26.670431,"/drivetrain/rightOutputLog",0
26.67073,"/intake/pos",0
26.670735,"/intake/output",0
26.670945,"/shooter/rpm",0
26.67101,"/shooter/output",0.1
26.671047,"/shooter/hasBall",true
26.671077,"/shooter/temperature",40
26.671297,"/climber/rightPos",0
26.689351,"/drivetrain/leftPos",0
26.689372,"/drivetrain/leftVelocity",0
26.689388,"/drivetrain/rightPos",0
26.6894,"/drivetrain/rightVelocity",0
26.689442,"/drivetrain/heading",-2.240000009536743
26.689451,"/drivetrain/headingVelocity",0
26.689456,"/drivetrain/xAcceleration",0
26.689461,"/drivetrain/yAcceleration",0
26.689466,"/drivetrain/leftOutputLog",0
26.68947,"/drivetrain/rightOutputLog",0
26.689676,"/intake/pos",0
26.689792,"/intake/output",0
26.689995,"/shooter/rpm",0
26.690026,"/shooter/output",0.1
26.690441,"/shooter/hasBall",true
26.690491,"/shooter/temperature",40
26.690877,"/climber/rightPos",0
26.710333,"/drivetrain/leftPos",0
26.710351,"/drivetrain/leftVelocity",0
26.710368,"/drivetrain/rightPos",0
26.710403,"/drivetrain/rightVelocity",0
26.71044,"/drivetrain/heading",-2.25
26.710449,"/drivetrain/headingVelocity",0
26.710455,"/drivetrain/xAcceleration",0
26.71046,"/drivetrain/yAcceleration",0
26.710466,"/drivetrain/leftOutputLog",0
26.71047,"/drivetrain/rightOutputLog",0
26.710707,"/intake/pos",0
26.710713,"/intake/output",0
26.710959,"/shooter/rpm",0
26.710984,"/shooter/output",0.1
26.711022,"/shooter/hasBall",true
26.711045,"/shooter/temperature",40
26.711239,"/climber/rightPos",0
26.729584,"/drivetrain/leftPos",0
26.729603,"/drivetrain/leftVelocity",0
26.729619,"/drivetrain/rightPos",0
26.729632,"/drivetrain/rightVelocity",0
26.729678,"/drivetrain/heading",-2.240000009536743
26.729688,"/drivetrain/headingVelocity",0
26.729694,"/drivetrain/xAcceleration",0
26.72986,"/drivetrain/yAcceleration",0
26.729865,"/drivetrain/leftOutputLog",0
26.729869,"/drivetrain/rightOutputLog",0
26.73023,"/intake/pos",0
26.730236,"/intake/output",0
26.73044,"/shooter/rpm",0
26.730461,"/shooter/output",0.1
26.730495,"/shooter/hasBall",true
26.73054,"/shooter/temperature",40
26.730725,"/climber/rightPos",0
26.750595,"/drivetrain/leftPos",0
26.750614,"/drivetrain/leftVelocity",0
26.750631,"/drivetrain/rightPos",0
26.750643,"/drivetrain/rightVelocity",0
26.750681,"/drivetrain/heading",-2.240000009536743
26.75069,"/drivetrain/headingVelocity",0
26.750695,"/drivetrain/xAcceleration",0
26.750701,"/drivetrain/yAcceleration",0
26.750706,"/drivetrain/leftOutputLog",0
26.75071,"/drivetrain/rightOutputLog",0
26.751008,"/intake/pos",0
26.751014,"/intake/output",0
26.751283,"/shooter/rpm",0
26.75131,"/shooter/output",0.1
26.751347,"/shooter/hasBall",true
26.751389,"/shooter/temperature",40
26.751559,"/climber/rightPos",0
26.769428,"/drivetrain/leftPos",0
26.769447,"/drivetrain/leftVelocity",0
26.769581,"/drivetrain/rightPos",0
26.769601,"/drivetrain/rightVelocity",0
26.769647,"/drivetrain/heading",-2.240000009536743
26.769657,"/drivetrain/headingVelocity",0
26.769663,"/drivetrain/xAcceleration",0
26.769668,"/drivetrain/yAcceleration",0
26.769673,"/drivetrain/leftOutputLog",0
26.769677,"/drivetrain/rightOutputLog",0
26.769908,"/intake/pos",0
26.769913,"/intake/output",0
26.770525,"/shooter/rpm",0
26.770556,"/shooter/output",0.1
26.770599,"/shooter/hasBall",true
26.770659,"/shooter/temperature",40
26.77121,"/climber/rightPos",0
26.789363,"/drivetrain/leftPos",0
26.78938,"/drivetrain/leftVelocity",0
26.789396,"/drivetrain/rightPos",0
26.789407,"/drivetrain/rightVelocity",0
26.789446,"/drivetrain/heading",-2.25
26.789455,"/drivetrain/headingVelocity",0.2441406100988388
26.78946,"/drivetrain/xAcceleration",0
26.789465,"/drivetrain/yAcceleration",-0.004999999888241291
26.78947,"/drivetrain/leftOutputLog",0
26.789474,"/drivetrain/rightOutputLog",0
26.789764,"/intake/pos",0
26.789769,"/intake/output",0
26.789966,"/shooter/rpm",0
26.789989,"/shooter/output",0.1
26.790026,"/shooter/hasBall",true
26.79007,"/shooter/temperature",40
26.790262,"/climber/rightPos",0
26.81022,"/drivetrain/leftPos",0
26.810239,"/drivetrain/leftVelocity",0
26.810258,"/drivetrain/rightPos",0
26.81027,"/drivetrain/rightVelocity",0
26.810316,"/drivetrain/heading",-2.259999990463257
26.810486,"/drivetrain/headingVelocity",0.1831054538488388
26.810494,"/drivetrain/xAcceleration",0
26.8105,"/drivetrain/yAcceleration",0
26.810505,"/drivetrain/leftOutputLog",0
26.810509,"/drivetrain/rightOutputLog",0
26.810728,"/intake/pos",0
26.810733,"/intake/output",0
26.810996,"/shooter/rpm",0
26.811025,"/shooter/output",0.1
26.811064,"/shooter/hasBall",true
26.81111,"/shooter/temperature",40
26.811281,"/climber/rightPos",0
26.829224,"/drivetrain/leftPos",0
26.82924,"/drivetrain/leftVelocity",0
26.829256,"/drivetrain/rightPos",0
26.829268,"/drivetrain/rightVelocity",0
26.829304,"/drivetrain/heading",-2.259999990463257
26.829313,"/drivetrain/headingVelocity",0.1220703050494194
26.829318,"/drivetrain/xAcceleration",0
26.829323,"/drivetrain/yAcceleration",0
26.829328,"/drivetrain/leftOutputLog",0
26.829332,"/drivetrain/rightOutputLog",0
26.829523,"/intake/pos",0
26.829528,"/intake/output",0
26.829739,"/shooter/rpm",0
26.829763,"/shooter/output",0.1
26.829988,"/shooter/hasBall",true
26.830033,"/shooter/temperature",40
26.830216,"/climber/rightPos",0
26.849322,"/drivetrain/leftPos",0
26.849339,"/drivetrain/leftVelocity",0
26.849355,"/drivetrain/rightPos",0
26.849366,"/drivetrain/rightVelocity",0
26.849404,"/drivetrain/heading",-2.259999990463257
26.849413,"/drivetrain/headingVelocity",0
26.849418,"/drivetrain/xAcceleration",0
26.849423,"/drivetrain/yAcceleration",0.006000000052154064
26.849428,"/drivetrain/leftOutputLog",0
26.849432,"/drivetrain/rightOutputLog",0
26.849626,"/intake/pos",0
26.849631,"/intake/output",0
26.849866,"/shooter/rpm",0
26.84989,"/shooter/output",0.1
26.849928,"/shooter/hasBall",true
26.849968,"/shooter/temperature",40
26.85017,"/climber/rightPos",0
26.869375,"/drivetrain/leftPos",0
26.869393,"/drivetrain/leftVelocity",0
26.869408,"/drivetrain/rightPos",0
26.869419,"/drivetrain/rightVelocity",0
26.869462,"/drivetrain/heading",-2.259999990463257
26.869471,"/drivetrain/headingVelocity",-0.0610351525247097
26.869477,"/drivetrain/xAcceleration",0
26.869482,"/drivetrain/yAcceleration",0
26.869487,"/drivetrain/leftOutputLog",0
26.869491,"/drivetrain/rightOutputLog",0
26.869671,"/intake/pos",0
26.869676,"/intake/output",0
26.86988,"/shooter/rpm",0
26.869946,"/shooter/output",0.1
26.869984,"/shooter/hasBall",true
26.870023,"/shooter/temperature",40
26.870192,"/climber/rightPos",0
26.889893,"/drivetrain/leftPos",0
26.889912,"/drivetrain/leftVelocity",0
26.889928,"/drivetrain/rightPos",0
26.890427,"/drivetrain/rightVelocity",0
26.890459,"/drivetrain/heading",-2.259999990463257
26.890468,"/drivetrain/headingVelocity",-0.0610351525247097
26.890474,"/drivetrain/xAcceleration",0
26.890479,"/drivetrain/yAcceleration",-0.003000000026077032
26.890484,"/drivetrain/leftOutputLog",0
26.890488,"/drivetrain/rightOutputLog",0
26.890799,"/intake/pos",0
26.890804,"/intake/output",0
26.891031,"/shooter/rpm",0
26.891054,"/shooter/output",0.1
26.891131,"/shooter/hasBall",true
26.891169,"/shooter/temperature",40
26.891386,"/climber/rightPos",0
26.909264,"/drivetrain/leftPos",0
26.909282,"/drivetrain/leftVelocity",0
26.909298,"/drivetrain/rightPos",0
26.90931,"/drivetrain/rightVelocity",0
26.909351,"/drivetrain/heading",-2.25
26.909359,"/drivetrain/headingVelocity",-0.0610351525247097
26.909365,"/drivetrain/xAcceleration",0
26.90937,"/drivetrain/yAcceleration",-0.004999999888241291
26.909375,"/drivetrain/leftOutputLog",0
26.909379,"/drivetrain/rightOutputLog",0
26.909567,"/intake/pos",0
26.909572,"/intake/output",0
26.910235,"/shooter/rpm",0
26.910267,"/shooter/output",0.1
26.91031,"/shooter/hasBall",true
26.910336,"/shooter/temperature",40
26.910568,"/climber/rightPos",0
26.92924,"/drivetrain/leftPos",0
26.929257,"/drivetrain/leftVelocity",0
26.929271,"/drivetrain/rightPos",0
26.929283,"/drivetrain/rightVelocity",0
26.929323,"/drivetrain/heading",-2.25
26.929331,"/drivetrain/headingVelocity",0
26.929337,"/drivetrain/xAcceleration",0
26.929342,"/drivetrain/yAcceleration",0
26.929346,"/drivetrain/leftOutputLog",0
26.92935,"/drivetrain/rightOutputLog",0
26.929532,"/intake/pos",0
26.929537,"/intake/output",0
26.929965,"/shooter/rpm",0
26.929995,"/shooter/output",0.1
26.930039,"/shooter/hasBall",true
26.930077,"/shooter/temperature",40
26.930457,"/climber/rightPos",0
26.949942,"/drivetrain/leftPos",0
26.949961,"/drivetrain/leftVelocity",0
26.949977,"/drivetrain/rightPos",0
26.949989,"/drivetrain/rightVelocity",0
26.950023,"/drivetrain/heading",-2.25
26.950031,"/drivetrain/headingVelocity",-0.1220703050494194
26.950037,"/drivetrain/xAcceleration",0
26.950042,"/drivetrain/yAcceleration",0
26.950047,"/drivetrain/leftOutputLog",0
26.950051,"/drivetrain/rightOutputLog",0
26.950245,"/intake/pos",0
26.95025,"/intake/output",0
26.950502,"/shooter/rpm",0
26.950524,"/shooter/output",0.1
26.950561,"/shooter/hasBall",true
26.950586,"/shooter/temperature",40
26.950739,"/climber/rightPos",0
26.969255,"/drivetrain/leftPos",0
26.969273,"/drivetrain/leftVelocity",0
26.969289,"/drivetrain/rightPos",0
26.969301,"/drivetrain/rightVelocity",0
26.969339,"/drivetrain/heading",-2.240000009536743
26.969348,"/drivetrain/headingVelocity",-0.1220703050494194
26.969353,"/drivetrain/xAcceleration",0
26.969358,"/drivetrain/yAcceleration",0
26.969363,"/drivetrain/leftOutputLog",0
26.969367,"/drivetrain/rightOutputLog",0
26.96955,"/intake/pos",0
26.969555,"/intake/output",0
26.969787,"/shooter/rpm",0
26.969809,"/shooter/output",0.1
26.969845,"/shooter/hasBall",true
26.969869,"/shooter/temperature",40
26.97008,"/climber/rightPos",0
26.98938,"/drivetrain/leftPos",0
26.989399,"/drivetrain/leftVelocity",0
26.989415,"/drivetrain/rightPos",0
26.989427,"/drivetrain/rightVelocity",0
26.98947,"/drivetrain/heading",-2.240000009536743
26.989478,"/drivetrain/headingVelocity",-0.0610351525247097
26.989484,"/drivetrain/xAcceleration",0
26.989489,"/drivetrain/yAcceleration",0
26.989495,"/drivetrain/leftOutputLog",0
26.989499,"/drivetrain/rightOutputLog",0
26.989691,"/intake/pos",0
26.989696,"/intake/output",0
26.989963,"/shooter/rpm",0
26.989991,"/shooter/output",0.1
26.990037,"/shooter/hasBall",true
26.990142,"/shooter/temperature",40
26.990431,"/climber/rightPos",0
27.010105,"/drivetrain/leftPos",0
27.010123,"/drivetrain/leftVelocity",0
27.01014,"/drivetrain/rightPos",0
27.010152,"/drivetrain/rightVelocity",0
27.010187,"/drivetrain/heading",-2.240000009536743
27.010195,"/drivetrain/headingVelocity",0
27.010201,"/drivetrain/xAcceleration",0
27.010206,"/drivetrain/yAcceleration",-0.004999999888241291
27.010211,"/drivetrain/leftOutputLog",0
27.010215,"/drivetrain/rightOutputLog",0
27.010406,"/intake/pos",0
27.010411,"/intake/output",0
27.011072,"/shooter/rpm",0
27.011101,"/shooter/output",0.1
27.011146,"/shooter/hasBall",true
27.011195,"/shooter/temperature",40
27.011774,"/climber/rightPos",0
27.030068,"/drivetrain/leftPos",0
27.030091,"/drivetrain/leftVelocity",0
27.030109,"/drivetrain/rightPos",0
27.030121,"/drivetrain/rightVelocity",0
27.030154,"/drivetrain/heading",-2.240000009536743
27.030163,"/drivetrain/headingVelocity",0
27.030169,"/drivetrain/xAcceleration",0
27.030174,"/drivetrain/yAcceleration",0
27.030179,"/drivetrain/leftOutputLog",0
27.030183,"/drivetrain/rightOutputLog",0
27.030423,"/intake/pos",0
27.030429,"/intake/output",0
27.030648,"/shooter/rpm",0
27.03067,"/shooter/output",0.1
27.030703,"/shooter/hasBall",true
27.030748,"/shooter/temperature",40
27.030901,"/climber/rightPos",0
27.049948,"/drivetrain/leftPos",0
27.049997,"/drivetrain/leftVelocity",0
27.050013,"/drivetrain/rightPos",0
27.050025,"/drivetrain/rightVelocity",0
27.050061,"/drivetrain/heading",-2.240000009536743
27.05007,"/drivetrain/headingVelocity",0
27.050075,"/drivetrain/xAcceleration",0
27.05008,"/drivetrain/yAcceleration",0
27.050085,"/drivetrain/leftOutputLog",0
27.050089,"/drivetrain/rightOutputLog",0
27.050274,"/intake/pos",0
27.050279,"/intake/output",0
27.050487,"/shooter/rpm",0
27.050552,"/shooter/output",0.1
27.050588,"/shooter/hasBall",true
27.050631,"/shooter/temperature",40
27.050776,"/climber/rightPos",0
27.069843,"/drivetrain/leftPos",0
27.069863,"/drivetrain/leftVelocity",0
27.06988,"/drivetrain/rightPos",0
27.069893,"/drivetrain/rightVelocity",0
27.069937,"/drivetrain/heading",-2.25
27.069947,"/drivetrain/headingVelocity",0
27.069953,"/drivetrain/xAcceleration",0
27.069958,"/drivetrain/yAcceleration",0.004000000189989805
27.069963,"/drivetrain/leftOutputLog",0
27.069967,"/drivetrain/rightOutputLog",0
27.070491,"/intake/pos",0
27.070497,"/intake/output",0
27.070767,"/shooter/rpm",0
27.070792,"/shooter/output",0.1
27.07083,"/shooter/hasBall",true
27.070873,"/shooter/temperature",40
27.071032,"/climber/rightPos",0
27.089241,"/drivetrain/leftPos",0
27.089259,"/drivetrain/leftVelocity",0
27.089275,"/drivetrain/rightPos",0
27.089288,"/drivetrain/rightVelocity",0
27.089326,"/drivetrain/heading",-2.25
27.089334,"/drivetrain/headingVelocity",0
27.08934,"/drivetrain/xAcceleration",-0.003000000026077032
27.089345,"/drivetrain/yAcceleration",0
27.08935,"/drivetrain/leftOutputLog",0
27.089354,"/drivetrain/rightOutputLog",0
27.089534,"/intake/pos",0
27.089539,"/intake/output",0
27.089727,"/shooter/rpm",0
27.089789,"/shooter/output",0.1
27.089824,"/shooter/hasBall",true
27.08991,"/shooter/temperature",40
27.090529,"/climber/rightPos",0
27.11026,"/drivetrain/leftPos",0
27.110279,"/drivetrain/leftVelocity",0
27.110297,"/drivetrain/rightPos",0
27.110309,"/drivetrain/rightVelocity",0
27.110339,"/drivetrain/heading",-2.25
27.110348,"/drivetrain/headingVelocity",0
27.110354,"/drivetrain/xAcceleration",0
27.110359,"/drivetrain/yAcceleration",0
27.110364,"/drivetrain/leftOutputLog",0
27.110368,"/drivetrain/rightOutputLog",0
27.1106,"/intake/pos",0
27.110605,"/intake/output",0
27.11095,"/shooter/rpm",0
27.110976,"/shooter/output",0.1
27.111018,"/shooter/hasBall",true
27.111058,"/shooter/temperature",40
27.111268,"/climber/rightPos",0
27.129361,"/drivetrain/leftPos",0
27.129378,"/drivetrain/leftVelocity",0
27.129394,"/drivetrain/rightPos",0
27.129407,"/drivetrain/rightVelocity",0
27.129453,"/drivetrain/heading",-2.25
27.129463,"/drivetrain/headingVelocity",0.1831054538488388
27.129469,"/drivetrain/xAcceleration",0
27.129475,"/drivetrain/yAcceleration",0
27.12948,"/drivetrain/leftOutputLog",0
27.129484,"/drivetrain/rightOutputLog",0
27.1299,"/intake/pos",0
27.129906,"/intake/output",0
27.130613,"/shooter/rpm",0
27.130638,"/shooter/output",0.1
27.130681,"/shooter/hasBall",true
27.130708,"/shooter/temperature",40
27.131036,"/climber/rightPos",0
27.149444,"/drivetrain/leftPos",0
27.149463,"/drivetrain/leftVelocity",0
27.149479,"/drivetrain/rightPos",0
27.149491,"/drivetrain/rightVelocity",0
27.149538,"/drivetrain/heading",-2.25
27.149547,"/drivetrain/headingVelocity",0.1220703050494194
27.149553,"/drivetrain/xAcceleration",0
27.149558,"/drivetrain/yAcceleration",-0.003000000026077032
27.149563,"/drivetrain/leftOutputLog",0
27.149567,"/drivetrain/rightOutputLog",0
27.150324,"/intake/pos",0
27.150329,"/intake/output",0
27.150558,"/shooter/rpm",0
27.15058,"/shooter/output",0.1
27.150614,"/shooter/hasBall",true
27.150644,"/shooter/temperature",40
27.150854,"/climber/rightPos",0
27.169468,"/drivetrain/leftPos",0
27.169486,"/drivetrain/leftVelocity",0
27.169502,"/drivetrain/rightPos",0
27.169514,"/drivetrain/rightVelocity",0
27.169562,"/drivetrain/heading",-2.25
27.169571,"/drivetrain/headingVelocity",0.1220703050494194
27.169578,"/drivetrain/xAcceleration",0.004000000189989805
27.169583,"/drivetrain/yAcceleration",0
27.169588,"/drivetrain/leftOutputLog",0
27.169592,"/drivetrain/rightOutputLog",0
27.169842,"/intake/pos",0
27.169848,"/intake/output",0
27.170461,"/shooter/rpm",0
27.170488,"/shooter/output",0.1
27.170584,"/shooter/hasBall",true
27.170641,"/shooter/temperature",40
27.171391,"/climber/rightPos",0
27.189249,"/drivetrain/leftPos",0
27.189267,"/drivetrain/leftVelocity",0
27.189283,"/drivetrain/rightPos",0
27.189294,"/drivetrain/rightVelocity",0
27.189332,"/drivetrain/heading",-2.259999990463257
27.189341,"/drivetrain/headingVelocity",0
27.189347,"/drivetrain/xAcceleration",0
27.189353,"/drivetrain/yAcceleration",0
27.189358,"/drivetrain/leftOutputLog",0
27.189362,"/drivetrain/rightOutputLog",0
27.189587,"/intake/pos",0
27.189592,"/intake/output",0
27.189791,"/shooter/rpm",0
27.189812,"/shooter/output",0.1
27.189844,"/shooter/hasBall",true
27.190006,"/shooter/temperature",40
27.190373,"/climber/rightPos",0
27.210368,"/drivetrain/leftPos",0
27.210385,"/drivetrain/leftVelocity",0
27.2104,"/drivetrain/rightPos",0
27.210413,"/drivetrain/rightVelocity",0
27.210456,"/drivetrain/heading",-2.259999990463257
27.210467,"/drivetrain/headingVelocity",0
27.210473,"/drivetrain/xAcceleration",0
27.210478,"/drivetrain/yAcceleration",0
27.210484,"/drivetrain/leftOutputLog",0
27.210487,"/drivetrain/rightOutputLog",0
27.210902,"/intake/pos",0
27.210908,"/intake/output",0
27.211207,"/shooter/rpm",0
27.211233,"/shooter/output",0.1
27.211269,"/shooter/hasBall",true
27.211311,"/shooter/temperature",40
27.211544,"/climber/rightPos",0
27.229389,"/drivetrain/leftPos",0
27.229408,"/drivetrain/leftVelocity",0
27.229423,"/drivetrain/rightPos",0
27.229435,"/drivetrain/rightVelocity",0
27.229476,"/drivetrain/heading",-2.25
27.229485,"/drivetrain/headingVelocity",-0.1220703050494194
27.229612,"/drivetrain/xAcceleration",0
27.229628,"/drivetrain/yAcceleration",0
27.229633,"/drivetrain/leftOutputLog",0
27.229637,"/drivetrain/rightOutputLog",0
27.230961,"/intake/pos",0
27.230968,"/intake/output",0
27.231253,"/shooter/rpm",0
27.231275,"/shooter/output",0.1
27.231313,"/shooter/hasBall",true
27.23136,"/shooter/temperature",40
27.231536,"/climber/rightPos",0
27.249377,"/drivetrain/leftPos",0
27.24945,"/drivetrain/leftVelocity",0
27.249468,"/drivetrain/rightPos",0
27.24948,"/drivetrain/rightVelocity",0
27.249521,"/drivetrain/heading",-2.25
27.24953,"/drivetrain/headingVelocity",-0.0610351525247097
27.249536,"/drivetrain/xAcceleration",0
27.249541,"/drivetrain/yAcceleration",-0.003000000026077032
27.249546,"/drivetrain/leftOutputLog",0
27.24955,"/drivetrain/rightOutputLog",0
27.249857,"/intake/pos",0
27.249862,"/intake/output",0
27.250063,"/shooter/rpm",0
27.250086,"/shooter/output",0.1
27.250166,"/shooter/hasBall",true
27.250213,"/shooter/temperature",40
27.250428,"/climber/rightPos",0
27.26957,"/drivetrain/leftPos",0
27.269587,"/drivetrain/leftVelocity",0
27.269604,"/drivetrain/rightPos",0
27.269615,"/drivetrain/rightVelocity",0
27.269658,"/drivetrain/heading",-2.25
27.269667,"/drivetrain/headingVelocity",0
27.269672,"/drivetrain/xAcceleration",0
27.269677,"/drivetrain/yAcceleration",-0.004000000189989805
27.269682,"/drivetrain/leftOutputLog",0
27.269686,"/drivetrain/rightOutputLog",0
27.270218,"/intake/pos",0
27.270223,"/intake/output",0
27.271313,"/shooter/rpm",0
27.271333,"/shooter/output",0.1
27.271377,"/shooter/hasBall",true
27.271422,"/shooter/temperature",40
27.271615,"/climber/rightPos",0
27.289335,"/drivetrain/leftPos",0
27.289351,"/drivetrain/leftVelocity",0
27.289366,"/drivetrain/rightPos",0
27.289377,"/drivetrain/rightVelocity",0
27.289421,"/drivetrain/heading",-2.25
27.28943,"/drivetrain/headingVelocity",0
27.289437,"/drivetrain/xAcceleration",0
27.289442,"/drivetrain/yAcceleration",0
27.289447,"/drivetrain/leftOutputLog",0
27.289451,"/drivetrain/rightOutputLog",0
27.290215,"/intake/pos",0
27.290221,"/intake/output",0
27.290832,"/shooter/rpm",0
27.290862,"/shooter/output",0.1
27.290916,"/shooter/hasBall",true
27.290963,"/shooter/temperature",40
27.29133,"/climber/rightPos",0
27.309742,"/drivetrain/leftPos",0
27.309767,"/drivetrain/leftVelocity",0
27.309783,"/drivetrain/rightPos",0
27.309795,"/drivetrain/rightVelocity",0
27.309839,"/drivetrain/heading",-2.25
27.309849,"/drivetrain/headingVelocity",0
27.309855,"/drivetrain/xAcceleration",0
27.30986,"/drivetrain/yAcceleration",0
27.309865,"/drivetrain/leftOutputLog",0
27.309869,"/drivetrain/rightOutputLog",0
27.310316,"/intake/pos",0
27.310321,"/intake/output",0
27.310596,"/shooter/rpm",0
27.31062,"/shooter/output",0.1
27.310655,"/shooter/hasBall",true
27.310696,"/shooter/temperature",40
27.31085,"/climber/rightPos",0
27.329303,"/drivetrain/leftPos",0
27.32932,"/drivetrain/leftVelocity",0
27.329336,"/drivetrain/rightPos",0
27.329348,"/drivetrain/rightVelocity",0
27.329389,"/drivetrain/heading",-2.25
27.329399,"/drivetrain/headingVelocity",0
27.329404,"/drivetrain/xAcceleration",0
27.329409,"/drivetrain/yAcceleration",0
27.329414,"/drivetrain/leftOutputLog",0
27.329418,"/drivetrain/rightOutputLog",0
27.329676,"/intake/pos",0
27.329681,"/intake/output",0
27.330003,"/shooter/rpm",0
27.330037,"/shooter/output",0.1
27.330082,"/shooter/hasBall",true
27.330407,"/shooter/temperature",40
27.330722,"/climber/rightPos",0
27.350512,"/drivetrain/leftPos",0
27.350531,"/drivetrain/leftVelocity",0
27.350547,"/drivetrain/rightPos",0
27.350559,"/drivetrain/rightVelocity",0
27.350597,"/drivetrain/heading",-2.25
27.350607,"/drivetrain/headingVelocity",0
27.350613,"/drivetrain/xAcceleration",0
27.350618,"/drivetrain/yAcceleration",0
27.350623,"/drivetrain/leftOutputLog",0
27.350627,"/drivetrain/rightOutputLog",0
27.351011,"/intake/pos",0
27.351016,"/intake/output",0
27.35128,"/shooter/rpm",0
27.351303,"/shooter/output",0.1
27.35134,"/shooter/hasBall",true
27.351376,"/shooter/temperature",40
27.351585,"/climber/rightPos",0
27.369287,"/drivetrain/leftPos",0
27.369305,"/drivetrain/leftVelocity",0
27.36932,"/drivetrain/rightPos",0
27.369332,"/drivetrain/rightVelocity",0
27.369371,"/drivetrain/heading",-2.25
27.36938,"/drivetrain/headingVelocity",0
27.369386,"/drivetrain/xAcceleration",0
27.369391,"/drivetrain/yAcceleration",0
27.369396,"/drivetrain/leftOutputLog",0
27.369399,"/drivetrain/rightOutputLog",0
27.369602,"/intake/pos",0
27.369606,"/intake/output",0
27.369811,"/shooter/rpm",0
27.369877,"/shooter/output",0.1
27.369916,"/shooter/hasBall",true
27.369941,"/shooter/temperature",40
27.370104,"/climber/rightPos",0
27.389255,"/drivetrain/leftPos",0
27.389274,"/drivetrain/leftVelocity",0
27.389289,"/drivetrain/rightPos",0
27.389301,"/drivetrain/rightVelocity",0
27.389341,"/drivetrain/heading",-2.25
27.38935,"/drivetrain/headingVelocity",0
27.389356,"/drivetrain/xAcceleration",0
27.389361,"/drivetrain/yAcceleration",-0.003000000026077032
27.389365,"/drivetrain/leftOutputLog",0
27.389369,"/drivetrain/rightOutputLog",0
27.389568,"/intake/pos",0
27.389573,"/intake/output",0
27.389796,"/shooter/rpm",0
27.389819,"/shooter/output",0.1
27.389855,"/shooter/hasBall",true
27.389884,"/shooter/temperature",40
27.390117,"/climber/rightPos",0
27.410261,"/drivetrain/leftPos",0
27.41028,"/drivetrain/leftVelocity",0
27.410296,"/drivetrain/rightPos",0
27.410309,"/drivetrain/rightVelocity",0
27.410352,"/drivetrain/heading",-2.25
27.410363,"/drivetrain/headingVelocity",0
27.410369,"/drivetrain/xAcceleration",0
27.410375,"/drivetrain/yAcceleration",0
27.41038,"/drivetrain/leftOutputLog",0
27.410384,"/drivetrain/rightOutputLog",0
27.41061,"/intake/pos",0
27.410775,"/intake/output",0
27.411056,"/shooter/rpm",0
27.411079,"/shooter/output",0.1
27.411113,"/shooter/hasBall",true
27.411138,"/shooter/temperature",40
27.411304,"/climber/rightPos",0
27.429898,"/drivetrain/leftPos",0
27.42992,"/drivetrain/leftVelocity",0
27.429938,"/drivetrain/rightPos",0
27.429949,"/drivetrain/rightVelocity",0
27.429993,"/drivetrain/heading",-2.25
27.430002,"/drivetrain/headingVelocity",0
27.430007,"/drivetrain/xAcceleration",0
27.430013,"/drivetrain/yAcceleration",0.003000000026077032
27.430018,"/drivetrain/leftOutputLog",0
27.430022,"/drivetrain/rightOutputLog",0
27.430796,"/intake/pos",0
27.430801,"/intake/output",0
27.431079,"/shooter/rpm",0
27.431105,"/shooter/output",0.1
27.43114,"/shooter/hasBall",true
27.431162,"/shooter/temperature",40
27.431329,"/climber/rightPos",0
27.449395,"/drivetrain/leftPos",0
27.449414,"/drivetrain/leftVelocity",0
27.449431,"/drivetrain/rightPos",0
27.449444,"/drivetrain/rightVelocity",0
27.449546,"/drivetrain/heading",-2.25
27.449556,"/drivetrain/headingVelocity",0
27.449562,"/drivetrain/xAcceleration",0
27.449568,"/drivetrain/yAcceleration",0.004999999888241291
27.449573,"/drivetrain/leftOutputLog",0
27.449576,"/drivetrain/rightOutputLog",0
27.449939,"/intake/pos",0
27.449944,"/intake/output",0
27.450324,"/shooter/rpm",0
27.450353,"/shooter/output",0.1
27.450729,"/shooter/hasBall",true
27.450788,"/shooter/temperature",40
27.451129,"/climber/rightPos",0
27.469452,"/drivetrain/leftPos",0
27.46947,"/drivetrain/leftVelocity",0
27.469484,"/drivetrain/rightPos",0
27.469495,"/drivetrain/rightVelocity",0
27.469528,"/drivetrain/heading",-2.25
27.469537,"/drivetrain/headingVelocity",-0.0610351525247097
27.469543,"/drivetrain/xAcceleration",0
27.469548,"/drivetrain/yAcceleration",0
27.469553,"/drivetrain/leftOutputLog",0
27.469556,"/drivetrain/rightOutputLog",0
27.46975,"/intake/pos",0
27.469755,"/intake/output",0
27.469969,"/shooter/rpm",0
27.470034,"/shooter/output",0.1
27.470072,"/shooter/hasBall",true
27.470113,"/shooter/temperature",40
27.470331,"/climber/rightPos",0
27.48942,"/drivetrain/leftPos",0
27.489437,"/drivetrain/leftVelocity",0
27.489452,"/drivetrain/rightPos",0
27.489463,"/drivetrain/rightVelocity",0
27.4895,"/drivetrain/heading",-2.25
27.489509,"/drivetrain/headingVelocity",0
27.489515,"/drivetrain/xAcceleration",0
27.489519,"/drivetrain/yAcceleration",-0.006000000052154064
27.489524,"/drivetrain/leftOutputLog",0
27.489528,"/drivetrain/rightOutputLog",0
27.489743,"/intake/pos",0
27.489748,"/intake/output",0
27.489975,"/shooter/rpm",0
27.49,"/shooter/output",0.1
27.490047,"/shooter/hasBall",true
27.490356,"/shooter/temperature",40
27.49057,"/climber/rightPos",0
27.510654,"/drivetrain/leftPos",0
27.510672,"/drivetrain/leftVelocity",0
27.510687,"/drivetrain/rightPos",0
27.510698,"/drivetrain/rightVelocity",0
27.51073,"/drivetrain/heading",-2.25
27.510738,"/drivetrain/headingVelocity",0
27.510744,"/drivetrain/xAcceleration",0
27.510749,"/drivetrain/yAcceleration",-0.004000000189989805
27.510753,"/drivetrain/leftOutputLog",0
27.510757,"/drivetrain/rightOutputLog",0
27.510958,"/intake/pos",0
27.510963,"/intake/output",0
27.511197,"/shooter/rpm",0
27.511221,"/shooter/output",0.1
27.511257,"/shooter/hasBall",true
27.511301,"/shooter/temperature",40
27.511467,"/climber/rightPos",0
27.530625,"/drivetrain/leftPos",0
27.530645,"/drivetrain/leftVelocity",0
27.530663,"/drivetrain/rightPos",0
27.530675,"/drivetrain/rightVelocity",0
27.530718,"/drivetrain/heading",-2.25
27.530728,"/drivetrain/headingVelocity",0
27.530734,"/drivetrain/xAcceleration",0
27.53074,"/drivetrain/yAcceleration",0
27.530745,"/drivetrain/leftOutputLog",0
27.530749,"/drivetrain/rightOutputLog",0
27.531098,"/intake/pos",0
27.531104,"/intake/output",0
27.531308,"/shooter/rpm",0
27.53134,"/shooter/output",0.1
27.531381,"/shooter/hasBall",true
27.531665,"/shooter/temperature",40
27.531857,"/climber/rightPos",0
27.549272,"/drivetrain/leftPos",0
27.549289,"/drivetrain/leftVelocity",0
27.549305,"/drivetrain/rightPos",0
27.549316,"/drivetrain/rightVelocity",0
27.549353,"/drivetrain/heading",-2.25
27.549362,"/drivetrain/headingVelocity",0
27.549367,"/drivetrain/xAcceleration",0
27.549372,"/drivetrain/yAcceleration",0
27.549377,"/drivetrain/leftOutputLog",0
27.549381,"/drivetrain/rightOutputLog",0
27.549581,"/intake/pos",0
27.549585,"/intake/output",0
27.549871,"/shooter/rpm",0
27.549894,"/shooter/output",0.1
27.549932,"/shooter/hasBall",true
27.549975,"/shooter/temperature",40
27.550136,"/climber/rightPos",0
27.569359,"/drivetrain/leftPos",0
27.569378,"/drivetrain/leftVelocity",0
27.569392,"/drivetrain/rightPos",0
27.569404,"/drivetrain/rightVelocity",0
27.569444,"/drivetrain/heading",-2.25
27.569452,"/drivetrain/headingVelocity",0
27.569458,"/drivetrain/xAcceleration",0
27.569463,"/drivetrain/yAcceleration",0
27.569468,"/drivetrain/leftOutputLog",0
27.569471,"/drivetrain/rightOutputLog",0
27.569661,"/intake/pos",0
27.569666,"/intake/output",0
27.56984,"/shooter/rpm",0
27.569862,"/shooter/output",0.1
27.569896,"/shooter/hasBall",true
27.569931,"/shooter/temperature",40
27.570096,"/climber/rightPos",0
27.589295,"/drivetrain/leftPos",0
27.589312,"/drivetrain/leftVelocity",0
27.589327,"/drivetrain/rightPos",0
27.58934,"/drivetrain/rightVelocity",0
27.589374,"/drivetrain/heading",-2.25
27.589383,"/drivetrain/headingVelocity",-0.0610351525247097
27.589388,"/drivetrain/xAcceleration",0
27.589393,"/drivetrain/yAcceleration",0
27.589398,"/drivetrain/leftOutputLog",0
27.589402,"/drivetrain/rightOutputLog",0
27.589608,"/intake/pos",0
27.589613,"/intake/output",0
27.58981,"/shooter/rpm",0
27.589832,"/shooter/output",0.1
27.589867,"/shooter/hasBall",true
27.589903,"/shooter/temperature",40
27.59014,"/climber/rightPos",0
27.609251,"/drivetrain/leftPos",0
27.609268,"/drivetrain/leftVelocity",0
27.609285,"/drivetrain/rightPos",0
27.609297,"/drivetrain/rightVelocity",0
27.609338,"/drivetrain/heading",-2.25
27.609347,"/drivetrain/headingVelocity",0
27.609353,"/drivetrain/xAcceleration",0
27.609358,"/drivetrain/yAcceleration",0
27.609363,"/drivetrain/leftOutputLog",0
27.609366,"/drivetrain/rightOutputLog",0
27.60987,"/intake/pos",0
27.609876,"/intake/output",0
27.611016,"/shooter/rpm",0
27.611041,"/shooter/output",0.1
27.611085,"/shooter/hasBall",true
27.611129,"/shooter/temperature",40
27.611335,"/climber/rightPos",0
27.629273,"/drivetrain/leftPos",0
27.62929,"/drivetrain/leftVelocity",0
27.629305,"/drivetrain/rightPos",0
27.629317,"/drivetrain/rightVelocity",0
27.629356,"/drivetrain/heading",-2.240000009536743
27.629365,"/drivetrain/headingVelocity",0
27.629371,"/drivetrain/xAcceleration",0
27.629376,"/drivetrain/yAcceleration",0
27.62938,"/drivetrain/leftOutputLog",0
27.629384,"/drivetrain/rightOutputLog",0
27.629685,"/intake/pos",0
27.629696,"/intake/output",0
27.629913,"/shooter/rpm",0
27.629945,"/shooter/output",0.1
27.629989,"/shooter/hasBall",true
27.630015,"/shooter/temperature",40
27.630195,"/climber/rightPos",0
27.649252,"/drivetrain/leftPos",0
27.649269,"/drivetrain/leftVelocity",0
27.649285,"/drivetrain/rightPos",0
27.649297,"/drivetrain/rightVelocity",0
27.649335,"/drivetrain/heading",-2.240000009536743
27.649344,"/drivetrain/headingVelocity",0
27.649349,"/drivetrain/xAcceleration",0
27.649354,"/drivetrain/yAcceleration",0
27.649359,"/drivetrain/leftOutputLog",0
27.649362,"/drivetrain/rightOutputLog",0
27.649712,"/intake/pos",0
27.649717,"/intake/output",0
27.650325,"/shooter/rpm",0
27.650578,"/shooter/output",0.1
27.650629,"/shooter/hasBall",true
27.651017,"/shooter/temperature",40
27.651582,"/climber/rightPos",0
27.669265,"/drivetrain/leftPos",0
27.669283,"/drivetrain/leftVelocity",0
27.669299,"/drivetrain/rightPos",0
27.669311,"/drivetrain/rightVelocity",0
27.669349,"/drivetrain/heading",-2.240000009536743
27.669357,"/drivetrain/headingVelocity",0
27.669363,"/drivetrain/xAcceleration",0
27.669368,"/drivetrain/yAcceleration",0
27.669373,"/drivetrain/leftOutputLog",0
27.669376,"/drivetrain/rightOutputLog",0
27.669575,"/intake/pos",0
27.66958,"/intake/output",0
27.669768,"/shooter/rpm",0
27.66979,"/shooter/output",0.1
27.669824,"/shooter/hasBall",true
27.669848,"/shooter/temperature",40
27.670067,"/climber/rightPos",0
27.689366,"/drivetrain/leftPos",0
27.689384,"/drivetrain/leftVelocity",0
27.689399,"/drivetrain/rightPos",0
27.68941,"/drivetrain/rightVelocity",0
27.689453,"/drivetrain/heading",-2.240000009536743
27.689462,"/drivetrain/headingVelocity",-0.0610351525247097
27.689468,"/drivetrain/xAcceleration",0
27.689473,"/drivetrain/yAcceleration",0
27.689479,"/drivetrain/leftOutputLog",0
27.689483,"/drivetrain/rightOutputLog",0
27.689665,"/intake/pos",0
27.68967,"/intake/output",0
27.689877,"/shooter/rpm",0
27.689942,"/shooter/output",0.1
27.689979,"/shooter/hasBall",true
27.690004,"/shooter/temperature",40
27.69023,"/climber/rightPos",0
27.709728,"/drivetrain/leftPos",0
27.709746,"/drivetrain/leftVelocity",0
27.709763,"/drivetrain/rightPos",0
27.709775,"/drivetrain/rightVelocity",0
27.70982,"/drivetrain/heading",-2.240000009536743
27.709831,"/drivetrain/headingVelocity",-0.2441406100988388
27.709838,"/drivetrain/xAcceleration",0
27.709843,"/drivetrain/yAcceleration",0.003000000026077032
27.709848,"/drivetrain/leftOutputLog",0
27.709852,"/drivetrain/rightOutputLog",0
27.710281,"/intake/pos",0
27.710286,"/intake/output",0
27.71092,"/shooter/rpm",0
27.710939,"/shooter/output",0.1
27.710978,"/shooter/hasBall",true
27.711025,"/shooter/temperature",40
27.711261,"/climber/rightPos",0
27.729403,"/drivetrain/leftPos",0
27.729422,"/drivetrain/leftVelocity",0
27.729439,"/drivetrain/rightPos",0
27.729452,"/drivetrain/rightVelocity",0
27.729503,"/drivetrain/heading",-2.2300000190734863
27.729568,"/drivetrain/headingVelocity",-0.1831054538488388
27.729575,"/drivetrain/xAcceleration",0
27.729581,"/drivetrain/yAcceleration",-0.003000000026077032
27.729586,"/drivetrain/leftOutputLog",0
27.72959,"/drivetrain/rightOutputLog",0
27.729974,"/intake/pos",0
27.72998,"/intake/output",0
27.730202,"/shooter/rpm",0
27.730233,"/shooter/output",0.1
27.730738,"/shooter/hasBall",true
27.730806,"/shooter/temperature",40
27.731027,"/climber/rightPos",0
27.75013,"/drivetrain/leftPos",0
27.75015,"/drivetrain/leftVelocity",0
27.750167,"/drivetrain/rightPos",0
27.750179,"/drivetrain/rightVelocity",0
27.750228,"/drivetrain/heading",-2.2300000190734863
27.750238,"/drivetrain/headingVelocity",0
27.750244,"/drivetrain/xAcceleration",-0.003000000026077032
27.750249,"/drivetrain/yAcceleration",-0.006000000052154064
27.750254,"/drivetrain/leftOutputLog",0
27.750258,"/drivetrain/rightOutputLog",0
27.75052,"/intake/pos",0
27.750525,"/intake/output",0
27.750714,"/shooter/rpm",0
27.750738,"/shooter/output",0.1
27.750773,"/shooter/hasBall",true
27.750814,"/shooter/temperature",40
27.750976,"/climber/rightPos",0
27.769327,"/drivetrain/leftPos",0
27.769463,"/drivetrain/leftVelocity",0
27.769486,"/drivetrain/rightPos",0
27.769498,"/drivetrain/rightVelocity",0
27.769544,"/drivetrain/heading",-2.2300000190734863
27.769804,"/drivetrain/headingVelocity",0.0610351525247097
27.769814,"/drivetrain/xAcceleration",0
27.76982,"/drivetrain/yAcceleration",-0.004999999888241291
27.769825,"/drivetrain/leftOutputLog",0
27.769829,"/drivetrain/rightOutputLog",0
27.770551,"/intake/pos",0
27.770616,"/intake/output",0
27.771043,"/shooter/rpm",0
27.77107,"/shooter/output",0.1
27.771116,"/shooter/hasBall",true
27.771167,"/shooter/temperature",40
27.771384,"/climber/rightPos",0
27.78935,"/drivetrain/leftPos",0
27.789367,"/drivetrain/leftVelocity",0
27.789383,"/drivetrain/rightPos",0
27.789395,"/drivetrain/rightVelocity",0
27.789433,"/drivetrain/heading",-2.2300000190734863
27.789442,"/drivetrain/headingVelocity",0.0610351525247097
27.789448,"/drivetrain/xAcceleration",0
27.789453,"/drivetrain/yAcceleration",0
27.789457,"/drivetrain/leftOutputLog",0
27.789461,"/drivetrain/rightOutputLog",0
27.78965,"/intake/pos",0
27.789655,"/intake/output",0
27.789857,"/shooter/rpm",0
27.789918,"/shooter/output",0.1
27.789959,"/shooter/hasBall",true
27.790136,"/shooter/temperature",40
27.790594,"/climber/rightPos",0
27.809314,"/drivetrain/leftPos",0
27.809331,"/drivetrain/leftVelocity",0
27.809346,"/drivetrain/rightPos",0
27.80949,"/drivetrain/rightVelocity",0
27.809542,"/drivetrain/heading",-2.2300000190734863
27.809552,"/drivetrain/headingVelocity",0.1220703050494194
27.809558,"/drivetrain/xAcceleration",0
27.809564,"/drivetrain/yAcceleration",0
27.809569,"/drivetrain/leftOutputLog",0
27.809573,"/drivetrain/rightOutputLog",0
27.809985,"/intake/pos",0
27.80999,"/intake/output",0
27.81029,"/shooter/rpm",0
27.810473,"/shooter/output",0.1
27.810519,"/shooter/hasBall",true
27.810562,"/shooter/temperature",40
27.810924,"/climber/rightPos",0
27.829468,"/drivetrain/leftPos",0
27.829487,"/drivetrain/leftVelocity",0
27.829504,"/drivetrain/rightPos",0
27.829517,"/drivetrain/rightVelocity",0
27.829569,"/drivetrain/heading",-2.240000009536743
27.829579,"/drivetrain/headingVelocity",0.0610351525247097
27.829586,"/drivetrain/xAcceleration",0
27.829591,"/drivetrain/yAcceleration",0
27.829597,"/drivetrain/leftOutputLog",0
27.829601,"/drivetrain/rightOutputLog",0
27.830557,"/intake/pos",0
27.830564,"/intake/output",0
27.831496,"/shooter/rpm",0
27.831518,"/shooter/output",0.1
27.831559,"/shooter/hasBall",true
27.831602,"/shooter/temperature",40
27.831775,"/climber/rightPos",0
27.849993,"/drivetrain/leftPos",0
27.850012,"/drivetrain/leftVelocity",0
27.85004,"/drivetrain/rightPos",0
27.850054,"/drivetrain/rightVelocity",0
27.850089,"/drivetrain/heading",-2.240000009536743
27.850098,"/drivetrain/headingVelocity",0
27.850103,"/drivetrain/xAcceleration",0
27.850108,"/drivetrain/yAcceleration",0
27.850113,"/drivetrain/leftOutputLog",0
27.850117,"/drivetrain/rightOutputLog",0
27.850325,"/intake/pos",0
27.85033,"/intake/output",0
27.850556,"/shooter/rpm",0
27.850579,"/shooter/output",0.1
27.850614,"/shooter/hasBall",true
27.850638,"/shooter/temperature",40
27.850822,"/climber/rightPos",0
27.869353,"/drivetrain/leftPos",0
27.869371,"/drivetrain/leftVelocity",0
27.869387,"/drivetrain/rightPos",0
27.8694,"/drivetrain/rightVelocity",0
27.869448,"/drivetrain/heading",-2.240000009536743
27.869458,"/drivetrain/headingVelocity",-0.0610351525247097
27.869465,"/drivetrain/xAcceleration",0
27.869553,"/drivetrain/yAcceleration",0
27.869559,"/drivetrain/leftOutputLog",0
27.869563,"/drivetrain/rightOutputLog",0
27.869793,"/intake/pos",0
27.869798,"/intake/output",0
27.870018,"/shooter/rpm",0
27.87004,"/shooter/output",0.1
27.870079,"/shooter/hasBall",true
27.87012,"/shooter/temperature",40
27.870425,"/climber/rightPos",0
27.889241,"/drivetrain/leftPos",0
27.889259,"/drivetrain/leftVelocity",0
27.889276,"/drivetrain/rightPos",0
27.889288,"/drivetrain/rightVelocity",0
27.889329,"/drivetrain/heading",-2.2300000190734863
27.889338,"/drivetrain/headingVelocity",-0.0610351525247097
27.889343,"/drivetrain/xAcceleration",0
27.889348,"/drivetrain/yAcceleration",-0.003000000026077032
27.889353,"/drivetrain/leftOutputLog",0
27.889357,"/drivetrain/rightOutputLog",0
27.889598,"/intake/pos",0
27.889603,"/intake/output",0
27.890365,"/shooter/rpm",0
27.890398,"/shooter/output",0.1
27.890446,"/shooter/hasBall",true
27.890473,"/shooter/temperature",40
27.890723,"/climber/rightPos",0
27.910121,"/drivetrain/leftPos",0
27.910138,"/drivetrain/leftVelocity",0
27.910153,"/drivetrain/rightPos",0
27.910164,"/drivetrain/rightVelocity",0
27.910199,"/drivetrain/heading",-2.2300000190734863
27.910207,"/drivetrain/headingVelocity",0
27.910214,"/drivetrain/xAcceleration",0
27.910218,"/drivetrain/yAcceleration",0
27.910223,"/drivetrain/leftOutputLog",0
27.910227,"/drivetrain/rightOutputLog",0
27.910408,"/intake/pos",0
27.910413,"/intake/output",0
27.910638,"/shooter/rpm",0
27.91066,"/shooter/output",0.1
27.910696,"/shooter/hasBall",true
27.910721,"/shooter/temperature",40
27.910915,"/climber/rightPos",0
27.930095,"/drivetrain/leftPos",0
27.930114,"/drivetrain/leftVelocity",0
27.930131,"/drivetrain/rightPos",0
27.930143,"/drivetrain/rightVelocity",0
27.930179,"/drivetrain/heading",-2.2300000190734863
27.930189,"/drivetrain/headingVelocity",0.0610351525247097
27.930195,"/drivetrain/xAcceleration",0
27.9302,"/drivetrain/yAcceleration",0
27.930205,"/drivetrain/leftOutputLog",0
27.930209,"/drivetrain/rightOutputLog",0
27.930405,"/intake/pos",0
27.93041,"/intake/output",0
27.930627,"/shooter/rpm",0
27.930648,"/shooter/output",0.1
27.930683,"/shooter/hasBall",true
27.930726,"/shooter/temperature",40
27.930881,"/climber/rightPos",0
27.949764,"/drivetrain/leftPos",0
27.949787,"/drivetrain/leftVelocity",0
27.949805,"/drivetrain/rightPos",0
27.949818,"/drivetrain/rightVelocity",0
27.949865,"/drivetrain/heading",-2.2300000190734863
27.949874,"/drivetrain/headingVelocity",0
27.949879,"/drivetrain/xAcceleration",0
27.949885,"/drivetrain/yAcceleration",0
27.949891,"/drivetrain/leftOutputLog",0
27.949895,"/drivetrain/rightOutputLog",0
27.950261,"/intake/pos",0
27.950267,"/intake/output",0
27.950588,"/shooter/rpm",0
27.950614,"/shooter/output",0.1
27.950653,"/shooter/hasBall",true
27.950697,"/shooter/temperature",40
27.950875,"/climber/rightPos",0
27.969686,"/drivetrain/leftPos",0
27.969706,"/drivetrain/leftVelocity",0
27.969723,"/drivetrain/rightPos",0
27.969929,"/drivetrain/rightVelocity",0
27.969973,"/drivetrain/heading",-2.2300000190734863
27.969984,"/drivetrain/headingVelocity",-0.0610351525247097
27.96999,"/drivetrain/xAcceleration",0
27.970021,"/drivetrain/yAcceleration",0
27.970027,"/drivetrain/leftOutputLog",0
27.970032,"/drivetrain/rightOutputLog",0
27.970555,"/intake/pos",0
27.970561,"/intake/output",0
27.970733,"/shooter/rpm",0
27.970758,"/shooter/output",0.1
27.970838,"/shooter/hasBall",true
27.970881,"/shooter/temperature",40
27.9711,"/climber/rightPos",0
27.989738,"/drivetrain/leftPos",0
27.989756,"/drivetrain/leftVelocity",0
27.98977,"/drivetrain/rightPos",0
27.989782,"/drivetrain/rightVelocity",0
27.98982,"/drivetrain/heading",-2.2300000190734863
27.989829,"/drivetrain/headingVelocity",-0.1220703050494194
27.989835,"/drivetrain/xAcceleration",0
27.98984,"/drivetrain/yAcceleration",0
27.989844,"/drivetrain/leftOutputLog",0
27.989848,"/drivetrain/rightOutputLog",0
27.990081,"/intake/pos",0
27.990086,"/intake/output",0
27.990309,"/shooter/rpm",0
27.990332,"/shooter/output",0.1
27.990365,"/shooter/hasBall",true
27.990406,"/shooter/temperature",40
27.990562,"/climber/rightPos",0
28.010226,"/drivetrain/leftPos",0
28.010242,"/drivetrain/leftVelocity",0
28.010258,"/drivetrain/rightPos",0
28.01027,"/drivetrain/rightVelocity",0
28.010309,"/drivetrain/heading",-2.2300000190734863
28.010317,"/drivetrain/headingVelocity",0
28.010323,"/drivetrain/xAcceleration",0
28.010328,"/drivetrain/yAcceleration",0
28.010332,"/drivetrain/leftOutputLog",0
28.010336,"/drivetrain/rightOutputLog",0
28.010517,"/intake/pos",0
28.010522,"/intake/output",0
28.010744,"/shooter/rpm",0
28.010833,"/shooter/output",0.1
28.010872,"/shooter/hasBall",true
28.010916,"/shooter/temperature",40
28.01111,"/climber/rightPos",0
28.029858,"/drivetrain/leftPos",0
28.029876,"/drivetrain/leftVelocity",0
28.029892,"/drivetrain/rightPos",0
28.029904,"/drivetrain/rightVelocity",0
28.029947,"/drivetrain/heading",-2.2300000190734863
28.029956,"/drivetrain/headingVelocity",0.1220703050494194
28.029962,"/drivetrain/xAcceleration",0
28.029967,"/drivetrain/yAcceleration",-0.003000000026077032
28.029972,"/drivetrain/leftOutputLog",0
28.029976,"/drivetrain/rightOutputLog",0
28.030305,"/intake/pos",0
28.03031,"/intake/output",0
28.030507,"/shooter/rpm",0
28.03053,"/shooter/output",0.1
28.030564,"/shooter/hasBall",true
28.030601,"/shooter/temperature",40
28.030741,"/climber/rightPos",0
28.050055,"/drivetrain/leftPos",0
28.050073,"/drivetrain/leftVelocity",0
28.050088,"/drivetrain/rightPos",0
28.050101,"/drivetrain/rightVelocity",0
28.050142,"/drivetrain/heading",-2.2300000190734863
28.050151,"/drivetrain/headingVelocity",0.1220703050494194
28.050157,"/drivetrain/xAcceleration",0
28.050162,"/drivetrain/yAcceleration",0
28.050167,"/drivetrain/leftOutputLog",0
28.050171,"/drivetrain/rightOutputLog",0
28.050362,"/intake/pos",0
28.050367,"/intake/output",0
28.050572,"/shooter/rpm",0
28.050646,"/shooter/output",0.1
28.050684,"/shooter/hasBall",true
28.05072,"/shooter/temperature",40
28.05089,"/climber/rightPos",0
28.070932,"/drivetrain/leftPos",0
28.070951,"/drivetrain/leftVelocity",0
28.07107,"/drivetrain/rightPos",0
28.071093,"/drivetrain/rightVelocity",0
28.071243,"/drivetrain/heading",-2.240000009536743
28.071253,"/drivetrain/headingVelocity",0.1220703050494194
28.071259,"/drivetrain/xAcceleration",0
28.071264,"/drivetrain/yAcceleration",0
28.071373,"/drivetrain/leftOutputLog",0
28.071378,"/drivetrain/rightOutputLog",0
28.071612,"/intake/pos",0
28.071618,"/intake/output",0
28.071854,"/shooter/rpm",0
28.071951,"/shooter/output",0.1
28.071989,"/shooter/hasBall",true
28.072025,"/shooter/temperature",40
28.072305,"/climber/rightPos",0
28.089368,"/drivetrain/leftPos",0
28.089386,"/drivetrain/leftVelocity",0
28.089401,"/drivetrain/rightPos",0
28.089413,"/drivetrain/rightVelocity",0
28.089461,"/drivetrain/heading",-2.240000009536743
28.08947,"/drivetrain/headingVelocity",0
28.089476,"/drivetrain/xAcceleration",0
28.089481,"/drivetrain/yAcceleration",0
28.089486,"/drivetrain/leftOutputLog",0
28.08949,"/drivetrain/rightOutputLog",0
28.090045,"/intake/pos",0
28.09005,"/intake/output",0
28.090386,"/shooter/rpm",0
28.090888,"/shooter/output",0.1
28.090943,"/shooter/hasBall",true
28.090969,"/shooter/temperature",40
28.09115,"/climber/rightPos",0
28.109925,"/drivetrain/leftPos",0
28.109943,"/drivetrain/leftVelocity",0
28.10996,"/drivetrain/rightPos",0
28.109971,"/drivetrain/rightVelocity",0
28.110026,"/drivetrain/heading",-2.240000009536743
28.110037,"/drivetrain/headingVelocity",0
28.110043,"/drivetrain/xAcceleration",0
28.110048,"/drivetrain/yAcceleration",0
28.110054,"/drivetrain/leftOutputLog",0
28.110057,"/drivetrain/rightOutputLog",0
28.110633,"/intake/pos",0
28.110639,"/intake/output",0
28.110982,"/shooter/rpm",0
28.111015,"/shooter/output",0.1
28.111059,"/shooter/hasBall",true
28.111094,"/shooter/temperature",40
28.111425,"/climber/rightPos",0
28.129416,"/drivetrain/leftPos",0
28.129433,"/drivetrain/leftVelocity",0
28.129449,"/drivetrain/rightPos",0
28.129461,"/drivetrain/rightVelocity",0
28.129517,"/drivetrain/heading",-2.240000009536743
28.129526,"/drivetrain/headingVelocity",-0.1220703050494194
28.129532,"/drivetrain/xAcceleration",0
28.129537,"/drivetrain/yAcceleration",0
28.129542,"/drivetrain/leftOutputLog",0
28.129546,"/drivetrain/rightOutputLog",0
28.129995,"/intake/pos",0
28.13,"/intake/output",0
28.130674,"/shooter/rpm",0
28.130707,"/shooter/output",0.1
28.130757,"/shooter/hasBall",true
28.131005,"/shooter/temperature",40
28.131196,"/climber/rightPos",0
28.149647,"/drivetrain/leftPos",0
28.149669,"/drivetrain/leftVelocity",0
28.149685,"/drivetrain/rightPos",0
28.149697,"/drivetrain/rightVelocity",0
28.149759,"/drivetrain/heading",-2.2300000190734863
28.149769,"/drivetrain/headingVelocity",-0.0610351525247097
28.149775,"/drivetrain/xAcceleration",0
28.14978,"/drivetrain/yAcceleration",-0.003000000026077032
28.149829,"/drivetrain/leftOutputLog",0
28.149834,"/drivetrain/rightOutputLog",0
28.150263,"/intake/pos",0
28.150268,"/intake/output",0
28.151008,"/shooter/rpm",0
28.151027,"/shooter/output",0.1
28.151072,"/shooter/hasBall",true
28.151097,"/shooter/temperature",40
28.151365,"/climber/rightPos",0
28.169308,"/drivetrain/leftPos",0
28.169326,"/drivetrain/leftVelocity",0
28.169341,"/drivetrain/rightPos",0
28.169353,"/drivetrain/rightVelocity",0
28.169514,"/drivetrain/heading",-2.2300000190734863
28.169526,"/drivetrain/headingVelocity",0.0610351525247097
28.169532,"/drivetrain/xAcceleration",0
28.169538,"/drivetrain/yAcceleration",0
28.169543,"/drivetrain/leftOutputLog",0
28.169548,"/drivetrain/rightOutputLog",0
28.169979,"/intake/pos",0
28.169985,"/intake/output",0
28.170368,"/shooter/rpm",0
28.170397,"/shooter/output",0.1
28.17044,"/shooter/hasBall",true
28.170977,"/shooter/temperature",40
28.171211,"/climber/rightPos",0
28.189498,"/drivetrain/leftPos",0
28.189519,"/drivetrain/leftVelocity",0
28.189537,"/drivetrain/rightPos",0
28.189549,"/drivetrain/rightVelocity",0
28.189972,"/drivetrain/heading",-2.240000009536743
28.189983,"/drivetrain/headingVelocity",0.1220703050494194
28.189989,"/drivetrain/xAcceleration",0
28.189994,"/drivetrain/yAcceleration",0
28.19,"/drivetrain/leftOutputLog",0
28.190004,"/drivetrain/rightOutputLog",0
28.190956,"/intake/pos",0
28.190966,"/intake/output",0
28.194286,"/shooter/rpm",0
28.194356,"/shooter/output",0.1
28.194409,"/shooter/hasBall",true
28.194457,"/shooter/temperature",40
28.194729,"/climber/rightPos",0
28.210215,"/drivetrain/leftPos",0
28.210319,"/drivetrain/leftVelocity",0
28.210419,"/drivetrain/rightPos",0
28.210434,"/drivetrain/rightVelocity",0
28.210479,"/drivetrain/heading",-2.240000009536743
28.210488,"/drivetrain/headingVelocity",0.0610351525247097
28.210494,"/drivetrain/xAcceleration",0.003000000026077032
28.210499,"/drivetrain/yAcceleration",0
28.210504,"/drivetrain/leftOutputLog",0
28.210508,"/drivetrain/rightOutputLog",0
28.210707,"/intake/pos",0
28.210711,"/intake/output",0
28.210913,"/shooter/rpm",0
28.210933,"/shooter/output",0.1
28.21101,"/shooter/hasBall",true
28.211057,"/shooter/temperature",40
28.211261,"/climber/rightPos",0
28.229721,"/drivetrain/leftPos",0
28.22974,"/drivetrain/leftVelocity",0
28.229758,"/drivetrain/rightPos",0
28.22977,"/drivetrain/rightVelocity",0
28.229825,"/drivetrain/heading",-2.240000009536743
28.229835,"/drivetrain/headingVelocity",0.0610351525247097
28.229842,"/drivetrain/xAcceleration",0
28.229847,"/drivetrain/yAcceleration",0
28.229852,"/drivetrain/leftOutputLog",0
28.230013,"/drivetrain/rightOutputLog",0
28.230666,"/intake/pos",0
28.230671,"/intake/output",0
28.230859,"/shooter/rpm",0
28.230935,"/shooter/output",0.1
28.230975,"/shooter/hasBall",true
28.231021,"/shooter/temperature",40
28.231198,"/climber/rightPos",0
28.24947,"/drivetrain/leftPos",0
28.249487,"/drivetrain/leftVelocity",0
28.249504,"/drivetrain/rightPos",0
28.249516,"/drivetrain/rightVelocity",0
28.249555,"/drivetrain/heading",-2.240000009536743
28.249564,"/drivetrain/headingVelocity",0.0610351525247097
28.24957,"/drivetrain/xAcceleration",0
28.249575,"/drivetrain/yAcceleration",0
28.24958,"/drivetrain/leftOutputLog",0
28.249584,"/drivetrain/rightOutputLog",0
28.249853,"/intake/pos",0
28.249858,"/intake/output",0
28.25006,"/shooter/rpm",0
28.250121,"/shooter/output",0.1
28.250157,"/shooter/hasBall",true
28.250198,"/shooter/temperature",40
28.250414,"/climber/rightPos",0
28.27015,"/drivetrain/leftPos",0
28.270169,"/drivetrain/leftVelocity",0
28.27019,"/drivetrain/rightPos",0
28.270202,"/drivetrain/rightVelocity",0
28.270241,"/drivetrain/heading",-2.240000009536743
28.27025,"/drivetrain/headingVelocity",0
28.270255,"/drivetrain/xAcceleration",0
28.27026,"/drivetrain/yAcceleration",0
28.270265,"/drivetrain/leftOutputLog",0
28.270269,"/drivetrain/rightOutputLog",0
28.2705,"/intake/pos",0
28.270505,"/intake/output",0
28.270811,"/shooter/rpm",0
28.270836,"/shooter/output",0.1
28.270872,"/shooter/hasBall",true
28.270912,"/shooter/temperature",40
28.271073,"/climber/rightPos",0
28.289218,"/drivetrain/leftPos",0
28.289235,"/drivetrain/leftVelocity",0
28.28925,"/drivetrain/rightPos",0
28.289262,"/drivetrain/rightVelocity",0
28.28931,"/drivetrain/heading",-2.240000009536743
28.289319,"/drivetrain/headingVelocity",0.0610351525247097
28.289325,"/drivetrain/xAcceleration",0
28.28933,"/drivetrain/yAcceleration",0
28.289334,"/drivetrain/leftOutputLog",0
28.289338,"/drivetrain/rightOutputLog",0
28.289533,"/intake/pos",0
28.289538,"/intake/output",0
28.289884,"/shooter/rpm",0
28.289912,"/shooter/output",0.1
28.289954,"/shooter/hasBall",true
28.28998,"/shooter/temperature",40
28.290486,"/climber/rightPos",0
28.309363,"/drivetrain/leftPos",0
28.309382,"/drivetrain/leftVelocity",0
28.309398,"/drivetrain/rightPos",0
28.309409,"/drivetrain/rightVelocity",0
28.309448,"/drivetrain/heading",-2.240000009536743
28.309457,"/drivetrain/headingVelocity",0.0610351525247097
28.309464,"/drivetrain/xAcceleration",0
28.309581,"/drivetrain/yAcceleration",0
28.309588,"/drivetrain/leftOutputLog",0
28.309593,"/drivetrain/rightOutputLog",0
28.309868,"/intake/pos",0
28.309873,"/intake/output",0
28.310369,"/shooter/rpm",0
28.310398,"/shooter/output",0.1
28.310439,"/shooter/hasBall",true
28.310482,"/shooter/temperature",40
28.310719,"/climber/rightPos",0
28.330522,"/drivetrain/leftPos",0
28.330541,"/drivetrain/leftVelocity",0
28.330556,"/drivetrain/rightPos",0
28.330568,"/drivetrain/rightVelocity",0
28.330603,"/drivetrain/heading",-2.240000009536743
28.330612,"/drivetrain/headingVelocity",0
28.330617,"/drivetrain/xAcceleration",0
28.330622,"/drivetrain/yAcceleration",0
28.330627,"/drivetrain/leftOutputLog",0
28.330631,"/drivetrain/rightOutputLog",0
28.330906,"/intake/pos",0
28.330911,"/intake/output",0
28.331161,"/shooter/rpm",0
28.331185,"/shooter/output",0.1
28.331223,"/shooter/hasBall",true
28.331261,"/shooter/temperature",40
28.331413,"/climber/rightPos",0
28.35032,"/drivetrain/leftPos",0
28.350337,"/drivetrain/leftVelocity",0
28.350353,"/drivetrain/rightPos",0
28.350364,"/drivetrain/rightVelocity",0
28.350395,"/drivetrain/heading",-2.240000009536743
28.350404,"/drivetrain/headingVelocity",0
28.35041,"/drivetrain/xAcceleration",0
28.350415,"/drivetrain/yAcceleration",0
28.35042,"/drivetrain/leftOutputLog",0
28.350423,"/drivetrain/rightOutputLog",0
28.350744,"/intake/pos",0
28.350749,"/intake/output",0
28.350985,"/shooter/rpm",0
28.351009,"/shooter/output",0.1
28.351043,"/shooter/hasBall",true
28.351074,"/shooter/temperature",40
28.351227,"/climber/rightPos",0
28.370397,"/drivetrain/leftPos",0
28.370414,"/drivetrain/leftVelocity",0
28.370429,"/drivetrain/rightPos",0
28.37044,"/drivetrain/rightVelocity",0
28.370474,"/drivetrain/heading",-2.25
28.370482,"/drivetrain/headingVelocity",0.0610351525247097
28.370488,"/drivetrain/xAcceleration",0
28.370493,"/drivetrain/yAcceleration",-0.003000000026077032
28.370498,"/drivetrain/leftOutputLog",0
28.370502,"/drivetrain/rightOutputLog",0
28.370705,"/intake/pos",0
28.37071,"/intake/output",0
28.370938,"/shooter/rpm",0
28.370962,"/shooter/output",0.1
28.370998,"/shooter/hasBall",true
28.371022,"/shooter/temperature",40
28.371213,"/climber/rightPos",0
28.389454,"/drivetrain/leftPos",0
28.38947,"/drivetrain/leftVelocity",0
28.389485,"/drivetrain/rightPos",0
28.389497,"/drivetrain/rightVelocity",0
28.389537,"/drivetrain/heading",-2.25
28.389546,"/drivetrain/headingVelocity",0
28.389551,"/drivetrain/xAcceleration",0
28.389556,"/drivetrain/yAcceleration",0
28.389561,"/drivetrain/leftOutputLog",0
28.389565,"/drivetrain/rightOutputLog",0
28.389754,"/intake/pos",0
28.389758,"/intake/output",0
28.389967,"/shooter/rpm",0
28.390029,"/shooter/output",0.1
28.390068,"/shooter/hasBall",true
28.390092,"/shooter/temperature",40
28.390271,"/climber/rightPos",0
28.410294,"/drivetrain/leftPos",0
28.410311,"/drivetrain/leftVelocity",0
28.410327,"/drivetrain/rightPos",0
28.410339,"/drivetrain/rightVelocity",0
28.410372,"/drivetrain/heading",-2.240000009536743
28.41038,"/drivetrain/headingVelocity",0
28.410386,"/drivetrain/xAcceleration",0
28.410391,"/drivetrain/yAcceleration",0
28.410395,"/drivetrain/leftOutputLog",0
28.410399,"/drivetrain/rightOutputLog",0
28.410606,"/intake/pos",0
28.410611,"/intake/output",0
28.410798,"/shooter/rpm",0
28.410821,"/shooter/output",0.1
28.410855,"/shooter/hasBall",true
28.410896,"/shooter/temperature",40
28.41106,"/climber/rightPos",0
28.429935,"/drivetrain/leftPos",0
28.429955,"/drivetrain/leftVelocity",0
28.42997,"/drivetrain/rightPos",0
28.429983,"/drivetrain/rightVelocity",0
28.430031,"/drivetrain/heading",-2.240000009536743
28.430041,"/drivetrain/headingVelocity",-0.0610351525247097
28.430138,"/drivetrain/xAcceleration",0
28.430149,"/drivetrain/yAcceleration",0
28.430154,"/drivetrain/leftOutputLog",0
28.430158,"/drivetrain/rightOutputLog",0
28.430521,"/intake/pos",0
28.430526,"/intake/output",0
28.430909,"/shooter/rpm",0
28.430926,"/shooter/output",0.1
28.430963,"/shooter/hasBall",true
28.431006,"/shooter/temperature",40
28.431184,"/climber/rightPos",0
28.450328,"/drivetrain/leftPos",0
28.450347,"/drivetrain/leftVelocity",0
28.450365,"/drivetrain/rightPos",0
28.450377,"/drivetrain/rightVelocity",0
28.450421,"/drivetrain/heading",-2.240000009536743
28.450431,"/drivetrain/headingVelocity",0
28.450437,"/drivetrain/xAcceleration",0
28.450443,"/drivetrain/yAcceleration",0
28.450448,"/drivetrain/leftOutputLog",0
28.450451,"/drivetrain/rightOutputLog",0
28.450727,"/intake/pos",0
28.450732,"/intake/output",0
28.450964,"/shooter/rpm",0
28.450986,"/shooter/output",0.1
28.451068,"/shooter/hasBall",true
28.451109,"/shooter/temperature",40
28.451276,"/climber/rightPos",0
28.469257,"/drivetrain/leftPos",0
28.469273,"/drivetrain/leftVelocity",0
28.469288,"/drivetrain/rightPos",0
28.4693,"/drivetrain/rightVelocity",0
28.46934,"/drivetrain/heading",-2.240000009536743
28.469348,"/drivetrain/headingVelocity",0
28.469354,"/drivetrain/xAcceleration",0
28.469359,"/drivetrain/yAcceleration",0
28.469364,"/drivetrain/leftOutputLog",0
28.469368,"/drivetrain/rightOutputLog",0
28.469568,"/intake/pos",0
28.469573,"/intake/output",0
28.469858,"/shooter/rpm",0
28.469886,"/shooter/output",0.1
28.470269,"/shooter/hasBall",true
28.471154,"/shooter/temperature",40
28.471573,"/climber/rightPos",0
28.48937,"/drivetrain/leftPos",0
28.489388,"/drivetrain/leftVelocity",0
28.489403,"/drivetrain/rightPos",0
28.489414,"/drivetrain/rightVelocity",0
28.48945,"/drivetrain/heading",-2.240000009536743
28.489459,"/drivetrain/headingVelocity",0
28.489465,"/drivetrain/xAcceleration",0
28.489469,"/drivetrain/yAcceleration",-0.004000000189989805
28.489474,"/drivetrain/leftOutputLog",0
28.489478,"/drivetrain/rightOutputLog",0
28.48967,"/intake/pos",0
28.489674,"/intake/output",0
28.49014,"/shooter/rpm",0
28.490351,"/shooter/output",0.1
28.490401,"/shooter/hasBall",true
28.490453,"/shooter/temperature",40
28.490817,"/climber/rightPos",0
28.509292,"/drivetrain/leftPos",0
28.509309,"/drivetrain/leftVelocity",0
28.509326,"/drivetrain/rightPos",0
28.509337,"/drivetrain/rightVelocity",0
28.509379,"/drivetrain/heading",-2.25
28.509387,"/drivetrain/headingVelocity",0.1220703050494194
28.509393,"/drivetrain/xAcceleration",0
28.509398,"/drivetrain/yAcceleration",-0.003000000026077032
28.509403,"/drivetrain/leftOutputLog",0
28.509407,"/drivetrain/rightOutputLog",0
28.509853,"/intake/pos",0
28.509859,"/intake/output",0
28.510826,"/shooter/rpm",0
28.510849,"/shooter/output",0.1
28.510889,"/shooter/hasBall",true
28.510932,"/shooter/temperature",40
28.511113,"/climber/rightPos",0
28.530264,"/drivetrain/leftPos",0
28.530282,"/drivetrain/leftVelocity",0
28.530299,"/drivetrain/rightPos",0
28.530311,"/drivetrain/rightVelocity",0
28.530345,"/drivetrain/heading",-2.25
28.530354,"/drivetrain/headingVelocity",0
28.53036,"/drivetrain/xAcceleration",0
28.530365,"/drivetrain/yAcceleration",0
28.53037,"/drivetrain/leftOutputLog",0
28.530374,"/drivetrain/rightOutputLog",0
28.530633,"/intake/pos",0
28.530638,"/intake/output",0
28.53122,"/shooter/rpm",0
28.531237,"/shooter/output",0.1
28.531276,"/shooter/hasBall",true
28.531316,"/shooter/temperature",40
28.531554,"/climber/rightPos",0
28.549257,"/drivetrain/leftPos",0
28.549274,"/drivetrain/leftVelocity",0
28.549289,"/drivetrain/rightPos",0
28.549301,"/drivetrain/rightVelocity",0
28.549335,"/drivetrain/heading",-2.240000009536743
28.549344,"/drivetrain/headingVelocity",-0.0610351525247097
28.549349,"/drivetrain/xAcceleration",0
28.549354,"/drivetrain/yAcceleration",0
28.549359,"/drivetrain/leftOutputLog",0
28.549363,"/drivetrain/rightOutputLog",0
28.549562,"/intake/pos",0
28.549567,"/intake/output",0
28.549753,"/shooter/rpm",0
28.549777,"/shooter/output",0.1
28.549812,"/shooter/hasBall",true
28.549836,"/shooter/temperature",40
28.550127,"/climber/rightPos",0
28.569269,"/drivetrain/leftPos",0
28.569286,"/drivetrain/leftVelocity",0
28.569303,"/drivetrain/rightPos",0
28.569314,"/drivetrain/rightVelocity",0
28.569355,"/drivetrain/heading",-2.240000009536743
28.569364,"/drivetrain/headingVelocity",-0.1220703050494194
28.569369,"/drivetrain/xAcceleration",0
28.569374,"/drivetrain/yAcceleration",0.003000000026077032
28.569379,"/drivetrain/leftOutputLog",0
28.569383,"/drivetrain/rightOutputLog",0
28.569616,"/intake/pos",0
28.569621,"/intake/output",0
28.56982,"/shooter/rpm",0
28.569842,"/shooter/output",0.1
28.569877,"/shooter/hasBall",true
28.569914,"/shooter/temperature",40
28.570093,"/climber/rightPos",0
28.589236,"/drivetrain/leftPos",0
28.589253,"/drivetrain/leftVelocity",0
28.589268,"/drivetrain/rightPos",0
28.58928,"/drivetrain/rightVelocity",0
28.589322,"/drivetrain/heading",-2.240000009536743
28.589331,"/drivetrain/headingVelocity",-0.0610351525247097
28.589337,"/drivetrain/xAcceleration",0
28.589342,"/drivetrain/yAcceleration",0
28.589346,"/drivetrain/leftOutputLog",0
28.58935,"/drivetrain/rightOutputLog",0
28.58955,"/intake/pos",0
28.589555,"/intake/output",0
28.589763,"/shooter/rpm",0
28.589826,"/shooter/output",0.1
28.589862,"/shooter/hasBall",true
28.589893,"/shooter/temperature",40
28.590347,"/climber/rightPos",0
28.610138,"/drivetrain/leftPos",0
28.610159,"/drivetrain/leftVelocity",0
28.610175,"/drivetrain/rightPos",0
28.610188,"/drivetrain/rightVelocity",0
28.610233,"/drivetrain/heading",-2.240000009536743
28.610243,"/drivetrain/headingVelocity",0
28.610249,"/drivetrain/xAcceleration",0
28.610255,"/drivetrain/yAcceleration",-0.003000000026077032
28.61026,"/drivetrain/leftOutputLog",0
28.610263,"/drivetrain/rightOutputLog",0
28.610516,"/intake/pos",0
28.610521,"/intake/output",0
28.61086,"/shooter/rpm",0
28.610884,"/shooter/output",0.1
28.610922,"/shooter/hasBall",true
28.610947,"/shooter/temperature",40
28.611122,"/climber/rightPos",0
28.631117,"/drivetrain/leftPos",0
28.631135,"/drivetrain/leftVelocity",0
28.63115,"/drivetrain/rightPos",0
28.631163,"/drivetrain/rightVelocity",0
28.631199,"/drivetrain/heading",-2.240000009536743
28.631208,"/drivetrain/headingVelocity",0
28.631213,"/drivetrain/xAcceleration",0
28.631218,"/drivetrain/yAcceleration",0
28.631223,"/drivetrain/leftOutputLog",0
28.631227,"/drivetrain/rightOutputLog",0
28.631503,"/intake/pos",0
28.631509,"/intake/output",0
28.631722,"/shooter/rpm",0
28.631785,"/shooter/output",0.1
28.631822,"/shooter/hasBall",true
28.631845,"/shooter/temperature",40
28.63204,"/climber/rightPos",0
28.650001,"/drivetrain/leftPos",0
28.650019,"/drivetrain/leftVelocity",0
28.650033,"/drivetrain/rightPos",0
28.650044,"/drivetrain/rightVelocity",0
28.650077,"/drivetrain/heading",-2.240000009536743
28.650086,"/drivetrain/headingVelocity",0.0610351525247097
28.650092,"/drivetrain/xAcceleration",0
28.650097,"/drivetrain/yAcceleration",0
28.650102,"/drivetrain/leftOutputLog",0
28.650105,"/drivetrain/rightOutputLog",0
28.650301,"/intake/pos",0
28.650306,"/intake/output",0
28.650591,"/shooter/rpm",0
28.650617,"/shooter/output",0.1
28.650655,"/shooter/hasBall",true
28.650708,"/shooter/temperature",40
28.650885,"/climber/rightPos",0
28.669304,"/drivetrain/leftPos",0
28.669321,"/drivetrain/leftVelocity",0
28.669338,"/drivetrain/rightPos",0
28.669351,"/drivetrain/rightVelocity",0
28.66939,"/drivetrain/heading",-2.240000009536743
28.669398,"/drivetrain/headingVelocity",0.0610351525247097
28.669405,"/drivetrain/xAcceleration",0
28.66941,"/drivetrain/yAcceleration",0
28.669414,"/drivetrain/leftOutputLog",0
28.669418,"/drivetrain/rightOutputLog",0
28.669666,"/intake/pos",0
28.669671,"/intake/output",0
28.669872,"/shooter/rpm",0
28.669932,"/shooter/output",0.1
28.669966,"/shooter/hasBall",true
28.670009,"/shooter/temperature",40
28.670299,"/climber/rightPos",0
28.689326,"/drivetrain/leftPos",0
28.689345,"/drivetrain/leftVelocity",0
28.689361,"/drivetrain/rightPos",0
28.689372,"/drivetrain/rightVelocity",0
28.689413,"/drivetrain/heading",-2.240000009536743
28.689422,"/drivetrain/headingVelocity",0
28.689428,"/drivetrain/xAcceleration",0
28.689434,"/drivetrain/yAcceleration",0
28.689438,"/drivetrain/leftOutputLog",0
28.689442,"/drivetrain/rightOutputLog",0
28.690052,"/intake/pos",0
28.690058,"/intake/output",0
28.690909,"/shooter/rpm",0
28.69093,"/shooter/output",0.1
28.690974,"/shooter/hasBall",true
28.69102,"/shooter/temperature",40
28.691298,"/climber/rightPos",0
28.709342,"/drivetrain/leftPos",0
28.709361,"/drivetrain/leftVelocity",0
28.709377,"/drivetrain/rightPos",0
28.709389,"/drivetrain/rightVelocity",0
28.709431,"/drivetrain/heading",-2.240000009536743
28.709439,"/drivetrain/headingVelocity",-0.0610351525247097
28.709445,"/drivetrain/xAcceleration",0
28.70945,"/drivetrain/yAcceleration",0
28.709454,"/drivetrain/leftOutputLog",0
28.709576,"/drivetrain/rightOutputLog",0
28.709856,"/intake/pos",0
28.709861,"/intake/output",0
28.710074,"/shooter/rpm",0
28.710105,"/shooter/output",0.1
28.710349,"/shooter/hasBall",true
28.7104,"/shooter/temperature",40
28.711397,"/climber/rightPos",0
28.730557,"/drivetrain/leftPos",0
28.730574,"/drivetrain/leftVelocity",0
28.730589,"/drivetrain/rightPos",0
28.7306,"/drivetrain/rightVelocity",0
28.730633,"/drivetrain/heading",-2.240000009536743
28.730642,"/drivetrain/headingVelocity",0
28.730648,"/drivetrain/xAcceleration",0
28.730653,"/drivetrain/yAcceleration",0
28.730658,"/drivetrain/leftOutputLog",0
28.730661,"/drivetrain/rightOutputLog",0
28.730868,"/intake/pos",0
28.730874,"/intake/output",0
28.731116,"/shooter/rpm",0
28.731141,"/shooter/output",0.1
28.731179,"/shooter/hasBall",true
28.731223,"/shooter/temperature",40
28.731434,"/climber/rightPos",0
28.749425,"/drivetrain/leftPos",0
28.749441,"/drivetrain/leftVelocity",0
28.749456,"/drivetrain/rightPos",0
28.749468,"/drivetrain/rightVelocity",0
28.749504,"/drivetrain/heading",-2.240000009536743
28.749513,"/drivetrain/headingVelocity",0
28.749519,"/drivetrain/xAcceleration",0
28.749524,"/drivetrain/yAcceleration",0
28.749529,"/drivetrain/leftOutputLog",0
28.749532,"/drivetrain/rightOutputLog",0
28.749773,"/intake/pos",0
28.749778,"/intake/output",0
28.750076,"/shooter/rpm",0
28.750102,"/shooter/output",0.1
28.750137,"/shooter/hasBall",true
28.750177,"/shooter/temperature",40
28.75055,"/climber/rightPos",0
28.769358,"/drivetrain/leftPos",0
28.769376,"/drivetrain/leftVelocity",0
28.769392,"/drivetrain/rightPos",0
28.769404,"/drivetrain/rightVelocity",0
28.769445,"/drivetrain/heading",-2.240000009536743
28.769453,"/drivetrain/headingVelocity",0
28.769459,"/drivetrain/xAcceleration",0
28.769464,"/drivetrain/yAcceleration",0
28.769469,"/drivetrain/leftOutputLog",0
28.769473,"/drivetrain/rightOutputLog",0
28.769655,"/intake/pos",0
28.76966,"/intake/output",0
28.76986,"/shooter/rpm",0
28.769924,"/shooter/output",0.1
28.769965,"/shooter/hasBall",true
28.770004,"/shooter/temperature",40
28.770454,"/climber/rightPos",0
28.789257,"/drivetrain/leftPos",0
28.789274,"/drivetrain/leftVelocity",0
28.789289,"/drivetrain/rightPos",0
28.789301,"/drivetrain/rightVelocity",0
28.789339,"/drivetrain/heading",-2.240000009536743
28.789347,"/drivetrain/headingVelocity",0
28.789353,"/drivetrain/xAcceleration",0
28.789358,"/drivetrain/yAcceleration",0
28.789363,"/drivetrain/leftOutputLog",0
28.789367,"/drivetrain/rightOutputLog",0
28.789564,"/intake/pos",0
28.789568,"/intake/output",0
28.789781,"/shooter/rpm",0
28.789805,"/shooter/output",0.1
28.789841,"/shooter/hasBall",true
28.789883,"/shooter/temperature",40
28.790718,"/climber/rightPos",0
28.810446,"/drivetrain/leftPos",0
28.810463,"/drivetrain/leftVelocity",0
28.81048,"/drivetrain/rightPos",0
28.810492,"/drivetrain/rightVelocity",0
28.810522,"/drivetrain/heading",-2.240000009536743
28.81053,"/drivetrain/headingVelocity",0
28.810536,"/drivetrain/xAcceleration",0
28.810541,"/drivetrain/yAcceleration",0.003000000026077032
28.810545,"/drivetrain/leftOutputLog",0
28.810549,"/drivetrain/rightOutputLog",0
28.810759,"/intake/pos",0
28.810764,"/intake/output",0
28.810981,"/shooter/rpm",0
28.811046,"/shooter/output",0.1
28.811083,"/shooter/hasBall",true
28.81112,"/shooter/temperature",40
28.811327,"/climber/rightPos",0
28.829389,"/drivetrain/leftPos",0
28.829408,"/drivetrain/leftVelocity",0
28.829424,"/drivetrain/rightPos",0
28.829435,"/drivetrain/rightVelocity",0
28.829477,"/drivetrain/heading",-2.240000009536743
28.829487,"/drivetrain/headingVelocity",-0.0610351525247097
28.829493,"/drivetrain/xAcceleration",0
28.829498,"/drivetrain/yAcceleration",0
28.829503,"/drivetrain/leftOutputLog",0
28.829507,"/drivetrain/rightOutputLog",0
28.829739,"/intake/pos",0
28.829744,"/intake/output",0
28.829921,"/shooter/rpm",0
28.829942,"/shooter/output",0.1
28.829975,"/shooter/hasBall",true
28.829999,"/shooter/temperature",40
28.831697,"/climber/rightPos",0
28.849604,"/drivetrain/leftPos",0
28.849622,"/drivetrain/leftVelocity",0
28.849639,"/drivetrain/rightPos",0
28.849651,"/drivetrain/rightVelocity",0
28.849691,"/drivetrain/heading",-2.2300000190734863
28.8497,"/drivetrain/headingVelocity",-0.0610351525247097
28.849871,"/drivetrain/xAcceleration",0
28.849878,"/drivetrain/yAcceleration",0
28.849884,"/drivetrain/leftOutputLog",0
28.849888,"/drivetrain/rightOutputLog",0
28.850099,"/intake/pos",0
28.850104,"/intake/output",0
28.850286,"/shooter/rpm",0
28.850312,"/shooter/output",0.1
28.850346,"/shooter/hasBall",true
28.850376,"/shooter/temperature",40
28.850578,"/climber/rightPos",0
28.869247,"/drivetrain/leftPos",0
28.869263,"/drivetrain/leftVelocity",0
28.869278,"/drivetrain/rightPos",0
28.869289,"/drivetrain/rightVelocity",0
28.869327,"/drivetrain/heading",-2.2300000190734863
28.869336,"/drivetrain/headingVelocity",-0.0610351525247097
28.869342,"/drivetrain/xAcceleration",0
28.869347,"/drivetrain/yAcceleration",0
28.869352,"/drivetrain/leftOutputLog",0
28.869356,"/drivetrain/rightOutputLog",0
28.86956,"/intake/pos",0
28.869565,"/intake/output",0
28.86975,"/shooter/rpm",0
28.869773,"/shooter/output",0.1
28.86981,"/shooter/hasBall",true
28.869834,"/shooter/temperature",40
28.870006,"/climber/rightPos",0
28.889581,"/drivetrain/leftPos",0
28.889598,"/drivetrain/leftVelocity",0
28.889613,"/drivetrain/rightPos",0
28.889624,"/drivetrain/rightVelocity",0
28.889666,"/drivetrain/heading",-2.2300000190734863
28.889675,"/drivetrain/headingVelocity",0
28.889681,"/drivetrain/xAcceleration",0
28.889686,"/drivetrain/yAcceleration",0
28.889692,"/drivetrain/leftOutputLog",0
28.889695,"/drivetrain/rightOutputLog",0
28.889899,"/intake/pos",0
28.889904,"/intake/output",0
28.891006,"/shooter/rpm",0
28.891029,"/shooter/output",0.1
28.891721,"/shooter/hasBall",true
28.891753,"/shooter/temperature",40
28.892008,"/climber/rightPos",0
28.909403,"/drivetrain/leftPos",0
28.909662,"/drivetrain/leftVelocity",0
28.909697,"/drivetrain/rightPos",0
28.909711,"/drivetrain/rightVelocity",0
28.909761,"/drivetrain/heading",-2.2300000190734863
28.909772,"/drivetrain/headingVelocity",0.1220703050494194
28.909778,"/drivetrain/xAcceleration",0
28.909784,"/drivetrain/yAcceleration",0
28.909789,"/drivetrain/leftOutputLog",0
28.909793,"/drivetrain/rightOutputLog",0
28.910247,"/intake/pos",0
28.910255,"/intake/output",0
28.910832,"/shooter/rpm",0
28.910865,"/shooter/output",0.1
28.910982,"/shooter/hasBall",true
28.911045,"/shooter/temperature",40
28.911638,"/climber/rightPos",0
28.929269,"/drivetrain/leftPos",0
28.929287,"/drivetrain/leftVelocity",0
28.929302,"/drivetrain/rightPos",0
28.929314,"/drivetrain/rightVelocity",0
28.929355,"/drivetrain/heading",-2.240000009536743
28.929364,"/drivetrain/headingVelocity",0.1220703050494194
28.929369,"/drivetrain/xAcceleration",0
28.929374,"/drivetrain/yAcceleration",0
28.929379,"/drivetrain/leftOutputLog",0
28.929383,"/drivetrain/rightOutputLog",0
28.929968,"/intake/pos",0
28.929974,"/intake/output",0
28.930271,"/shooter/rpm",0
28.930819,"/shooter/output",0.1
28.93089,"/shooter/hasBall",true
28.930941,"/shooter/temperature",40
28.931175,"/climber/rightPos",0
28.949534,"/drivetrain/leftPos",0
28.949554,"/drivetrain/leftVelocity",0
28.949572,"/drivetrain/rightPos",0
28.949585,"/drivetrain/rightVelocity",0
28.949631,"/drivetrain/heading",-2.240000009536743
28.949641,"/drivetrain/headingVelocity",0.1220703050494194
28.949647,"/drivetrain/xAcceleration",0
28.949652,"/drivetrain/yAcceleration",0
28.949657,"/drivetrain/leftOutputLog",0
28.949662,"/drivetrain/rightOutputLog",0
28.949955,"/intake/pos",0
28.949961,"/intake/output",0
28.950916,"/shooter/rpm",0
28.950937,"/shooter/output",0.1
28.950978,"/shooter/hasBall",true
28.951028,"/shooter/temperature",40
28.951185,"/climber/rightPos",0
28.969314,"/drivetrain/leftPos",0
28.969331,"/drivetrain/leftVelocity",0
28.969346,"/drivetrain/rightPos",0
28.969358,"/drivetrain/rightVelocity",0
28.969396,"/drivetrain/heading",-2.240000009536743
28.969405,"/drivetrain/headingVelocity",0.1220703050494194
28.969411,"/drivetrain/xAcceleration",0
28.969416,"/drivetrain/yAcceleration",0
28.969421,"/drivetrain/leftOutputLog",0
28.969424,"/drivetrain/rightOutputLog",0
28.969602,"/intake/pos",0
28.969608,"/intake/output",0
28.969807,"/shooter/rpm",0
28.969828,"/shooter/output",0.1
28.969903,"/shooter/hasBall",true
28.96995,"/shooter/temperature",40
28.970146,"/climber/rightPos",0
28.989449,"/drivetrain/leftPos",0
28.989467,"/drivetrain/leftVelocity",0
28.989484,"/drivetrain/rightPos",0
28.989594,"/drivetrain/rightVelocity",0
28.989646,"/drivetrain/heading",-2.240000009536743
28.989656,"/drivetrain/headingVelocity",0.1220703050494194
28.989663,"/drivetrain/xAcceleration",0
28.989668,"/drivetrain/yAcceleration",0
28.989674,"/drivetrain/leftOutputLog",0
28.989678,"/drivetrain/rightOutputLog",0
28.989948,"/intake/pos",0
28.989953,"/intake/output",0
28.990504,"/shooter/rpm",0
28.990535,"/shooter/output",0.1
28.990579,"/shooter/hasBall",true
28.990629,"/shooter/temperature",40
28.991079,"/climber/rightPos",0
29.009696,"/drivetrain/leftPos",0
29.009733,"/drivetrain/leftVelocity",0
29.009754,"/drivetrain/rightPos",0
29.009766,"/drivetrain/rightVelocity",0
29.009856,"/drivetrain/heading",-2.2300000190734863
29.009867,"/drivetrain/headingVelocity",-0.0610351525247097
29.009873,"/drivetrain/xAcceleration",0
29.009879,"/drivetrain/yAcceleration",0
29.009884,"/drivetrain/leftOutputLog",0
29.009888,"/drivetrain/rightOutputLog",0
29.01011,"/intake/pos",0
29.010115,"/intake/output",0
29.01044,"/shooter/rpm",0
29.010469,"/shooter/output",0.1
29.010506,"/shooter/hasBall",true
29.010547,"/shooter/temperature",40
29.011056,"/climber/rightPos",0
29.029535,"/drivetrain/leftPos",0
29.029579,"/drivetrain/leftVelocity",0
29.029598,"/drivetrain/rightPos",0
29.02961,"/drivetrain/rightVelocity",0
29.029664,"/drivetrain/heading",-2.240000009536743
29.029674,"/drivetrain/headingVelocity",0.0610351525247097
29.029681,"/drivetrain/xAcceleration",0
29.029687,"/drivetrain/yAcceleration",-0.003000000026077032
29.029692,"/drivetrain/leftOutputLog",0
29.029696,"/drivetrain/rightOutputLog",0
29.030292,"/intake/pos",0
29.030299,"/intake/output",0
29.030875,"/shooter/rpm",0
29.030897,"/shooter/output",0.1
29.030936,"/shooter/hasBall",true
29.030976,"/shooter/temperature",40
29.031133,"/climber/rightPos",0
29.049248,"/drivetrain/leftPos",0
29.049265,"/drivetrain/leftVelocity",0
29.049281,"/drivetrain/rightPos",0
29.049293,"/drivetrain/rightVelocity",0
29.049333,"/drivetrain/heading",-2.240000009536743
29.049342,"/drivetrain/headingVelocity",0.1831054538488388
29.049347,"/drivetrain/xAcceleration",0
29.049352,"/drivetrain/yAcceleration",0
29.049357,"/drivetrain/leftOutputLog",0
29.049407,"/drivetrain/rightOutputLog",0
29.049909,"/intake/pos",0
29.049915,"/intake/output",0
29.050305,"/shooter/rpm",0
29.050335,"/shooter/output",0.1
29.050374,"/shooter/hasBall",true
29.050398,"/shooter/temperature",40
29.050791,"/climber/rightPos",0
29.069343,"/drivetrain/leftPos",0
29.069365,"/drivetrain/leftVelocity",0
29.069383,"/drivetrain/rightPos",0
29.069395,"/drivetrain/rightVelocity",0
29.069436,"/drivetrain/heading",-2.240000009536743
29.069466,"/drivetrain/headingVelocity",0.2441406100988388
29.069474,"/drivetrain/xAcceleration",0
29.06948,"/drivetrain/yAcceleration",0
29.069485,"/drivetrain/leftOutputLog",0
29.069488,"/drivetrain/rightOutputLog",0
29.069676,"/intake/pos",0
29.069681,"/intake/output",0
29.069906,"/shooter/rpm",0
29.069929,"/shooter/output",0.1
29.069965,"/shooter/hasBall",true
29.069996,"/shooter/temperature",40
29.070156,"/climber/rightPos",0
29.089262,"/drivetrain/leftPos",0
29.089281,"/drivetrain/leftVelocity",0
29.089296,"/drivetrain/rightPos",0
29.089309,"/drivetrain/rightVelocity",0
29.089347,"/drivetrain/heading",-2.25
29.089355,"/drivetrain/headingVelocity",0
29.089361,"/drivetrain/xAcceleration",0.004000000189989805
29.089366,"/drivetrain/yAcceleration",0
29.089371,"/drivetrain/leftOutputLog",0
29.089375,"/drivetrain/rightOutputLog",0
29.08957,"/intake/pos",0
29.089575,"/intake/output",0
29.089836,"/shooter/rpm",0
29.089855,"/shooter/output",0.1
29.089949,"/shooter/hasBall",true
29.090045,"/shooter/temperature",40
29.090652,"/climber/rightPos",0
29.109412,"/drivetrain/leftPos",0
29.109433,"/drivetrain/leftVelocity",0
29.109451,"/drivetrain/rightPos",0
29.109463,"/drivetrain/rightVelocity",0
29.109515,"/drivetrain/heading",-2.25
29.109526,"/drivetrain/headingVelocity",-0.1220703050494194
29.109533,"/drivetrain/xAcceleration",-0.007000000216066837
29.109538,"/drivetrain/yAcceleration",0
29.109543,"/drivetrain/leftOutputLog",0
29.109547,"/drivetrain/rightOutputLog",0
29.109962,"/intake/pos",0
29.109967,"/intake/output",0
29.110489,"/shooter/rpm",0
29.110925,"/shooter/output",0.1
29.11099,"/shooter/hasBall",true
29.111017,"/shooter/temperature",40
29.111368,"/climber/rightPos",0
29.12967,"/drivetrain/leftPos",0
29.12969,"/drivetrain/leftVelocity",0
29.129707,"/drivetrain/rightPos",0
29.129719,"/drivetrain/rightVelocity",0
29.129762,"/drivetrain/heading",-2.240000009536743
29.129772,"/drivetrain/headingVelocity",-0.0610351525247097
29.129778,"/drivetrain/xAcceleration",0
29.129783,"/drivetrain/yAcceleration",0.003000000026077032
29.129788,"/drivetrain/leftOutputLog",0
29.129792,"/drivetrain/rightOutputLog",0
29.130056,"/intake/pos",0
29.130061,"/intake/output",0
29.130679,"/shooter/rpm",0
29.130706,"/shooter/output",0.1
29.13075,"/shooter/hasBall",true
29.1308,"/shooter/temperature",40
29.131215,"/climber/rightPos",0
29.149565,"/drivetrain/leftPos",0
29.149583,"/drivetrain/leftVelocity",0
29.1496,"/drivetrain/rightPos",0
29.149612,"/drivetrain/rightVelocity",0
29.149657,"/drivetrain/heading",-2.240000009536743
29.149666,"/drivetrain/headingVelocity",-0.1220703050494194
29.149672,"/drivetrain/xAcceleration",0
29.149677,"/drivetrain/yAcceleration",0
29.149682,"/drivetrain/leftOutputLog",0
29.149686,"/drivetrain/rightOutputLog",0
29.150203,"/intake/pos",0
29.150439,"/intake/output",0
29.150716,"/shooter/rpm",0
29.150737,"/shooter/output",0.1
29.150773,"/shooter/hasBall",true
29.150821,"/shooter/temperature",40
29.151038,"/climber/rightPos",0
29.169277,"/drivetrain/leftPos",0
29.169295,"/drivetrain/leftVelocity",0
29.169312,"/drivetrain/rightPos",0
29.169323,"/drivetrain/rightVelocity",0
29.169364,"/drivetrain/heading",-2.240000009536743
29.169373,"/drivetrain/headingVelocity",-0.1220703050494194
29.169379,"/drivetrain/xAcceleration",0
29.169384,"/drivetrain/yAcceleration",0
29.169389,"/drivetrain/leftOutputLog",0
29.169393,"/drivetrain/rightOutputLog",0
29.169578,"/intake/pos",0
29.169583,"/intake/output",0
29.169878,"/shooter/rpm",0
29.169903,"/shooter/output",0.1
29.169943,"/shooter/hasBall",true
29.169987,"/shooter/temperature",40
29.170144,"/climber/rightPos",0
29.189301,"/drivetrain/leftPos",0
29.189319,"/drivetrain/leftVelocity",0
29.189335,"/drivetrain/rightPos",0
29.189347,"/drivetrain/rightVelocity",0
29.189385,"/drivetrain/heading",-2.2300000190734863
29.189394,"/drivetrain/headingVelocity",-0.1220703050494194
29.189399,"/drivetrain/xAcceleration",0
29.189404,"/drivetrain/yAcceleration",0
29.189409,"/drivetrain/leftOutputLog",0
29.189413,"/drivetrain/rightOutputLog",0
29.189596,"/intake/pos",0
29.189601,"/intake/output",0
29.189849,"/shooter/rpm",0
29.18987,"/shooter/output",0.1
29.189903,"/shooter/hasBall",true
29.189946,"/shooter/temperature",40
29.190153,"/climber/rightPos",0
29.209258,"/drivetrain/leftPos",0
29.209275,"/drivetrain/leftVelocity",0
29.209291,"/drivetrain/rightPos",0
29.209302,"/drivetrain/rightVelocity",0
29.209342,"/drivetrain/heading",-2.2300000190734863
29.20935,"/drivetrain/headingVelocity",0
29.209356,"/drivetrain/xAcceleration",0.003000000026077032
29.209361,"/drivetrain/yAcceleration",-0.003000000026077032
29.209365,"/drivetrain/leftOutputLog",0
29.209369,"/drivetrain/rightOutputLog",0
29.209555,"/intake/pos",0
29.20956,"/intake/output",0
29.209794,"/shooter/rpm",0
29.209817,"/shooter/output",0.1
29.209853,"/shooter/hasBall",true
29.209897,"/shooter/temperature",40
29.210047,"/climber/rightPos",0
29.229307,"/drivetrain/leftPos",0
29.229325,"/drivetrain/leftVelocity",0
29.229341,"/drivetrain/rightPos",0
29.229353,"/drivetrain/rightVelocity",0
29.229396,"/drivetrain/heading",-2.2300000190734863
29.229404,"/drivetrain/headingVelocity",0
29.22941,"/drivetrain/xAcceleration",0
29.229415,"/drivetrain/yAcceleration",-0.004000000189989805
29.22942,"/drivetrain/leftOutputLog",0
29.229424,"/drivetrain/rightOutputLog",0
29.230049,"/intake/pos",0
29.230054,"/intake/output",0
29.2305,"/shooter/rpm",0
29.230535,"/shooter/output",0.1
29.230576,"/shooter/hasBall",true
29.230618,"/shooter/temperature",40
29.231118,"/climber/rightPos",0
29.249492,"/drivetrain/leftPos",0
29.24951,"/drivetrain/leftVelocity",0
29.249528,"/drivetrain/rightPos",0
29.249539,"/drivetrain/rightVelocity",0
29.249581,"/drivetrain/heading",-2.2300000190734863
29.249591,"/drivetrain/headingVelocity",0
29.249597,"/drivetrain/xAcceleration",0
29.249602,"/drivetrain/yAcceleration",0
29.249607,"/drivetrain/leftOutputLog",0
29.250264,"/drivetrain/rightOutputLog",0
29.250626,"/intake/pos",0
29.250632,"/intake/output",0
29.250849,"/shooter/rpm",0
29.250871,"/shooter/output",0.1
29.250906,"/shooter/hasBall",true
29.250943,"/shooter/temperature",40
29.251167,"/climber/rightPos",0
29.269238,"/drivetrain/leftPos",0
29.269254,"/drivetrain/leftVelocity",0
29.269404,"/drivetrain/rightPos",0
29.269423,"/drivetrain/rightVelocity",0
29.269466,"/drivetrain/heading",-2.2200000286102295
29.269476,"/drivetrain/headingVelocity",-0.1831054538488388
29.269482,"/drivetrain/xAcceleration",0
29.269487,"/drivetrain/yAcceleration",0
29.269492,"/drivetrain/leftOutputLog",0
29.269496,"/drivetrain/rightOutputLog",0
29.269846,"/intake/pos",0
29.269852,"/intake/output",0
29.270117,"/shooter/rpm",0
29.270144,"/shooter/output",0.1
29.270179,"/shooter/hasBall",true
29.270202,"/shooter/temperature",40
29.270422,"/climber/rightPos",0
29.289384,"/drivetrain/leftPos",0
29.289406,"/drivetrain/leftVelocity",0
29.289424,"/drivetrain/rightPos",0
29.289437,"/drivetrain/rightVelocity",0
29.289797,"/drivetrain/heading",-2.2200000286102295
29.289808,"/drivetrain/headingVelocity",-0.1220703050494194
29.289814,"/drivetrain/xAcceleration",0
29.289819,"/drivetrain/yAcceleration",0
29.289824,"/drivetrain/leftOutputLog",0
29.289828,"/drivetrain/rightOutputLog",0
29.290321,"/intake/pos",0
29.290332,"/intake/output",0
29.290659,"/shooter/rpm",0
29.290695,"/shooter/output",0.1
29.29125,"/shooter/hasBall",true
29.291322,"/shooter/temperature",40
29.291577,"/climber/rightPos",0
29.309249,"/drivetrain/leftPos",0
29.309461,"/drivetrain/leftVelocity",0
29.309481,"/drivetrain/rightPos",0
29.309494,"/drivetrain/rightVelocity",0
29.309538,"/drivetrain/heading",-2.2200000286102295
29.309547,"/drivetrain/headingVelocity",-0.1220703050494194
29.309554,"/drivetrain/xAcceleration",0
29.309559,"/drivetrain/yAcceleration",0
29.309565,"/drivetrain/leftOutputLog",0
29.309569,"/drivetrain/rightOutputLog",0
29.310303,"/intake/pos",0
29.310309,"/intake/output",0
29.311075,"/shooter/rpm",0
29.311094,"/shooter/output",0.1
29.311139,"/shooter/hasBall",true
29.311171,"/shooter/temperature",40
29.31146,"/climber/rightPos",0
29.329297,"/drivetrain/leftPos",0
29.329508,"/drivetrain/leftVelocity",0
29.329532,"/drivetrain/rightPos",0
29.329546,"/drivetrain/rightVelocity",0
29.329649,"/drivetrain/heading",-2.2200000286102295
29.329661,"/drivetrain/headingVelocity",-0.0610351525247097
29.329667,"/drivetrain/xAcceleration",0
29.329672,"/drivetrain/yAcceleration",-0.003000000026077032
29.329678,"/drivetrain/leftOutputLog",0
29.329681,"/drivetrain/rightOutputLog",0
29.330278,"/intake/pos",0
29.330285,"/intake/output",0
29.330573,"/shooter/rpm",0
29.330651,"/shooter/output",0.1
29.330695,"/shooter/hasBall",true
29.33072,"/shooter/temperature",40
29.331049,"/climber/rightPos",0
29.349262,"/drivetrain/leftPos",0
29.34928,"/drivetrain/leftVelocity",0
29.349297,"/drivetrain/rightPos",0
29.349309,"/drivetrain/rightVelocity",0
29.34935,"/drivetrain/heading",-2.2100000381469727
29.349358,"/drivetrain/headingVelocity",-0.0610351525247097
29.349364,"/drivetrain/xAcceleration",0
29.349369,"/drivetrain/yAcceleration",0
29.349374,"/drivetrain/leftOutputLog",0
29.349501,"/drivetrain/rightOutputLog",0
29.349939,"/intake/pos",0
29.349945,"/intake/output",0
29.350726,"/shooter/rpm",0
29.350766,"/shooter/output",0.1
29.350819,"/shooter/hasBall",true
29.350848,"/shooter/temperature",40
29.351051,"/climber/rightPos",0
29.36933,"/drivetrain/leftPos",0
29.369348,"/drivetrain/leftVelocity",0
29.369363,"/drivetrain/rightPos",0
29.369375,"/drivetrain/rightVelocity",0
29.369411,"/drivetrain/heading",-2.2100000381469727
29.36942,"/drivetrain/headingVelocity",-0.0610351525247097
29.369426,"/drivetrain/xAcceleration",0
29.369431,"/drivetrain/yAcceleration",0
29.369435,"/drivetrain/leftOutputLog",0
29.369439,"/drivetrain/rightOutputLog",0
29.369676,"/intake/pos",0
29.369681,"/intake/output",0
29.369911,"/shooter/rpm",0
29.369937,"/shooter/output",0.1
29.369976,"/shooter/hasBall",true
29.370021,"/shooter/temperature",40
29.370261,"/climber/rightPos",0
29.389559,"/drivetrain/leftPos",0
29.389583,"/drivetrain/leftVelocity",0
29.389601,"/drivetrain/rightPos",0
29.389614,"/drivetrain/rightVelocity",0
29.389662,"/drivetrain/heading",-2.2100000381469727
29.389671,"/drivetrain/headingVelocity",0
29.389677,"/drivetrain/xAcceleration",-0.004000000189989805
29.389682,"/drivetrain/yAcceleration",0
29.389687,"/drivetrain/leftOutputLog",0
29.389691,"/drivetrain/rightOutputLog",0
29.390183,"/intake/pos",0
29.390188,"/intake/output",0
29.390427,"/shooter/rpm",0
29.390457,"/shooter/output",0.1
29.390496,"/shooter/hasBall",true
29.390542,"/shooter/temperature",40
29.390739,"/climber/rightPos",0
29.411627,"/drivetrain/leftPos",0
29.411644,"/drivetrain/leftVelocity",0
29.41166,"/drivetrain/rightPos",0
29.411672,"/drivetrain/rightVelocity",0
29.411713,"/drivetrain/heading",-2.2100000381469727
29.411722,"/drivetrain/headingVelocity",0
29.411728,"/drivetrain/xAcceleration",0
29.411733,"/drivetrain/yAcceleration",0.004000000189989805
29.411738,"/drivetrain/leftOutputLog",0
29.411742,"/drivetrain/rightOutputLog",0
29.411986,"/intake/pos",0
29.411992,"/intake/output",0
29.412184,"/shooter/rpm",0
29.41221,"/shooter/output",0.1
29.412249,"/shooter/hasBall",true
29.412294,"/shooter/temperature",40
29.412463,"/climber/rightPos",0
29.429529,"/drivetrain/leftPos",0
29.429552,"/drivetrain/leftVelocity",0
29.429569,"/drivetrain/rightPos",0
29.429582,"/drivetrain/rightVelocity",0
29.429624,"/drivetrain/heading",-2.2100000381469727
29.429635,"/drivetrain/headingVelocity",-0.1220703050494194
29.429642,"/drivetrain/xAcceleration",0
29.429647,"/drivetrain/yAcceleration",0
29.429652,"/drivetrain/leftOutputLog",0
29.429656,"/drivetrain/rightOutputLog",0
29.430202,"/intake/pos",0
29.430208,"/intake/output",0
29.430773,"/shooter/rpm",0
29.430805,"/shooter/output",0.1
29.430867,"/shooter/hasBall",true
29.430942,"/shooter/temperature",40
29.431817,"/climber/rightPos",0
29.449301,"/drivetrain/leftPos",0
29.449571,"/drivetrain/leftVelocity",0
29.449601,"/drivetrain/rightPos",0
29.449615,"/drivetrain/rightVelocity",0
29.449672,"/drivetrain/heading",-2.200000047683716
29.449682,"/drivetrain/headingVelocity",-0.1831054538488388
29.449687,"/drivetrain/xAcceleration",0
29.449692,"/drivetrain/yAcceleration",0
29.449698,"/drivetrain/leftOutputLog",0
29.449702,"/drivetrain/rightOutputLog",0
29.450032,"/intake/pos",0
29.450098,"/intake/output",0
29.451019,"/shooter/rpm",0
29.451041,"/shooter/output",0.1
29.451082,"/shooter/hasBall",true
29.451131,"/shooter/temperature",40
29.451378,"/climber/rightPos",0
29.469409,"/drivetrain/leftPos",0
29.469428,"/drivetrain/leftVelocity",0
29.469466,"/drivetrain/rightPos",0
29.469481,"/drivetrain/rightVelocity",0
29.469524,"/drivetrain/heading",-2.200000047683716
29.469532,"/drivetrain/headingVelocity",-0.1831054538488388
29.469538,"/drivetrain/xAcceleration",-0.003000000026077032
29.469543,"/drivetrain/yAcceleration",0
29.469548,"/drivetrain/leftOutputLog",0
29.469552,"/drivetrain/rightOutputLog",0
29.469762,"/intake/pos",0
29.469768,"/intake/output",0
29.470015,"/shooter/rpm",0
29.47004,"/shooter/output",0.1
29.470076,"/shooter/hasBall",true
29.470115,"/shooter/temperature",40
29.470274,"/climber/rightPos",0
29.489399,"/drivetrain/leftPos",0
29.489417,"/drivetrain/leftVelocity",0
29.489432,"/drivetrain/rightPos",0
29.489444,"/drivetrain/rightVelocity",0
29.48949,"/drivetrain/heading",-2.200000047683716
29.489501,"/drivetrain/headingVelocity",-0.1220703050494194
29.489507,"/drivetrain/xAcceleration",0
29.489512,"/drivetrain/yAcceleration",0
29.489516,"/drivetrain/leftOutputLog",0
29.48952,"/drivetrain/rightOutputLog",0
29.489724,"/intake/pos",0
29.489729,"/intake/output",0
29.491259,"/shooter/rpm",0
29.491282,"/shooter/output",0.1
29.491334,"/shooter/hasBall",true
29.49138,"/shooter/temperature",40
29.491647,"/climber/rightPos",0
29.509923,"/drivetrain/leftPos",0
29.509963,"/drivetrain/leftVelocity",0
29.509982,"/drivetrain/rightPos",0
29.509994,"/drivetrain/rightVelocity",0
29.510041,"/drivetrain/heading",-2.200000047683716
29.510051,"/drivetrain/headingVelocity",0
29.510057,"/drivetrain/xAcceleration",0
29.510063,"/drivetrain/yAcceleration",-0.003000000026077032
29.510068,"/drivetrain/leftOutputLog",0
29.510072,"/drivetrain/rightOutputLog",0
29.510345,"/intake/pos",0
29.51035,"/intake/output",0
29.511188,"/shooter/rpm",0
29.511208,"/shooter/output",0.1
29.511249,"/shooter/hasBall",true
29.511294,"/shooter/temperature",40
29.511517,"/climber/rightPos",0
29.529306,"/drivetrain/leftPos",0
29.529324,"/drivetrain/leftVelocity",0
29.529341,"/drivetrain/rightPos",0
29.529353,"/drivetrain/rightVelocity",0
29.529812,"/drivetrain/heading",-2.200000047683716
29.529824,"/drivetrain/headingVelocity",0.1831054538488388
29.530033,"/drivetrain/xAcceleration",0.003000000026077032
29.530049,"/drivetrain/yAcceleration",-0.003000000026077032
29.530055,"/drivetrain/leftOutputLog",0
29.530059,"/drivetrain/rightOutputLog",0
29.530503,"/intake/pos",0
29.530508,"/intake/output",0
29.530911,"/shooter/rpm",0
29.530942,"/shooter/output",0.1
29.530987,"/shooter/hasBall",true
29.531033,"/shooter/temperature",40
29.531408,"/climber/rightPos",0
29.550771,"/drivetrain/leftPos",0
29.550889,"/drivetrain/leftVelocity",0
29.550915,"/drivetrain/rightPos",0
29.550928,"/drivetrain/rightVelocity",0
29.550965,"/drivetrain/heading",-2.200000047683716
29.550974,"/drivetrain/headingVelocity",0.1220703050494194
29.55098,"/drivetrain/xAcceleration",0
29.550985,"/drivetrain/yAcceleration",0
29.55099,"/drivetrain/leftOutputLog",0
29.550994,"/drivetrain/rightOutputLog",0
29.551259,"/intake/pos",0
29.551264,"/intake/output",0
29.551465,"/shooter/rpm",0
29.551489,"/shooter/output",0.1
29.551524,"/shooter/hasBall",true
29.551553,"/shooter/temperature",40
29.551772,"/climber/rightPos",0
29.569333,"/drivetrain/leftPos",0
29.569351,"/drivetrain/leftVelocity",0
29.569367,"/drivetrain/rightPos",0
29.569378,"/drivetrain/rightVelocity",0
29.569417,"/drivetrain/heading",-2.2100000381469727
29.569425,"/drivetrain/headingVelocity",0.1220703050494194
29.569431,"/drivetrain/xAcceleration",0
29.569436,"/drivetrain/yAcceleration",0
29.569441,"/drivetrain/leftOutputLog",0
29.569445,"/drivetrain/rightOutputLog",0
29.569648,"/intake/pos",0
29.569653,"/intake/output",0
29.570153,"/shooter/rpm",0
29.570285,"/shooter/output",0.1
29.570339,"/shooter/hasBall",true
29.570366,"/shooter/temperature",40
29.570624,"/climber/rightPos",0
29.589279,"/drivetrain/leftPos",0
29.589296,"/drivetrain/leftVelocity",0
29.589312,"/drivetrain/rightPos",0
29.589324,"/drivetrain/rightVelocity",0
29.589364,"/drivetrain/heading",-2.2100000381469727
29.589373,"/drivetrain/headingVelocity",0.1220703050494194
29.589379,"/drivetrain/xAcceleration",0
29.589384,"/drivetrain/yAcceleration",0
29.589388,"/drivetrain/leftOutputLog",0
29.589392,"/drivetrain/rightOutputLog",0
29.58972,"/intake/pos",0
29.589726,"/intake/output",0
29.589988,"/shooter/rpm",0
29.590018,"/shooter/output",0.1
29.59006,"/shooter/hasBall",true
29.590507,"/shooter/temperature",40
29.590788,"/climber/rightPos",0
29.610543,"/drivetrain/leftPos",0
29.610561,"/drivetrain/leftVelocity",0
29.610577,"/drivetrain/rightPos",0
29.610588,"/drivetrain/rightVelocity",0
29.610623,"/drivetrain/heading",-2.2100000381469727
29.610684,"/drivetrain/headingVelocity",0.1220703050494194
29.610692,"/drivetrain/xAcceleration",0
29.610697,"/drivetrain/yAcceleration",-0.004999999888241291
29.610703,"/drivetrain/leftOutputLog",0
29.610706,"/drivetrain/rightOutputLog",0
29.611064,"/intake/pos",0
29.611069,"/intake/output",0
29.611262,"/shooter/rpm",0
29.611289,"/shooter/output",0.1
29.611329,"/shooter/hasBall",true
29.611374,"/shooter/temperature",40
29.611612,"/climber/rightPos",0
29.630445,"/drivetrain/leftPos",0
29.630461,"/drivetrain/leftVelocity",0
29.630477,"/drivetrain/rightPos",0
29.630489,"/drivetrain/rightVelocity",0
29.630524,"/drivetrain/heading",-2.2200000286102295
29.630532,"/drivetrain/headingVelocity",0.1220703050494194
29.630538,"/drivetrain/xAcceleration",0
29.630543,"/drivetrain/yAcceleration",-0.003000000026077032
29.630548,"/drivetrain/leftOutputLog",0
29.630551,"/drivetrain/rightOutputLog",0
29.630759,"/intake/pos",0
29.630763,"/intake/output",0
29.631018,"/shooter/rpm",0
29.63104,"/shooter/output",0.1
29.631075,"/shooter/hasBall",true
29.631115,"/shooter/temperature",40
29.63128,"/climber/rightPos",0
29.649836,"/drivetrain/leftPos",0
29.649854,"/drivetrain/leftVelocity",0
29.64987,"/drivetrain/rightPos",0
29.649882,"/drivetrain/rightVelocity",0
29.649931,"/drivetrain/heading",-2.2200000286102295
29.649942,"/drivetrain/headingVelocity",0.1220703050494194
29.649948,"/drivetrain/xAcceleration",0
29.649953,"/drivetrain/yAcceleration",-0.003000000026077032
29.649958,"/drivetrain/leftOutputLog",0
29.649962,"/drivetrain/rightOutputLog",0
29.65043,"/intake/pos",0
29.650436,"/intake/output",0
29.650752,"/shooter/rpm",0
29.650815,"/shooter/output",0.1
29.651054,"/shooter/hasBall",true
29.651116,"/shooter/temperature",40
29.65141,"/climber/rightPos",0
29.669709,"/drivetrain/leftPos",0
29.669726,"/drivetrain/leftVelocity",0
29.669742,"/drivetrain/rightPos",0
29.669754,"/drivetrain/rightVelocity",0
29.669787,"/drivetrain/heading",-2.2200000286102295
29.669796,"/drivetrain/headingVelocity",0.1831054538488388
29.669802,"/drivetrain/xAcceleration",0
29.669807,"/drivetrain/yAcceleration",0.003000000026077032
29.669811,"/drivetrain/leftOutputLog",0
29.669815,"/drivetrain/rightOutputLog",0
29.670488,"/intake/pos",0
29.670493,"/intake/output",0
29.670894,"/shooter/rpm",0
29.671145,"/shooter/output",0.1
29.671195,"/shooter/hasBall",true
29.67125,"/shooter/temperature",40
29.67158,"/climber/rightPos",0
29.689282,"/drivetrain/leftPos",0
29.689298,"/drivetrain/leftVelocity",0
29.689313,"/drivetrain/rightPos",0
29.689324,"/drivetrain/rightVelocity",0
29.689366,"/drivetrain/heading",-2.2300000190734863
29.689376,"/drivetrain/headingVelocity",0.1220703050494194
29.689383,"/drivetrain/xAcceleration",0
29.689388,"/drivetrain/yAcceleration",0.003000000026077032
29.689393,"/drivetrain/leftOutputLog",0
29.689397,"/drivetrain/rightOutputLog",0
29.689608,"/intake/pos",0
29.689613,"/intake/output",0
29.690135,"/shooter/rpm",0
29.690167,"/shooter/output",0.1
29.690212,"/shooter/hasBall",true
29.690854,"/shooter/temperature",40
29.691075,"/climber/rightPos",0
29.710142,"/drivetrain/leftPos",0
29.710159,"/drivetrain/leftVelocity",0
29.710174,"/drivetrain/rightPos",0
29.710186,"/drivetrain/rightVelocity",0
29.710217,"/drivetrain/heading",-2.2300000190734863
29.710225,"/drivetrain/headingVelocity",0.1220703050494194
29.710231,"/drivetrain/xAcceleration",0
29.710236,"/drivetrain/yAcceleration",0
29.710241,"/drivetrain/leftOutputLog",0
29.710245,"/drivetrain/rightOutputLog",0
29.710459,"/intake/pos",0
29.710465,"/intake/output",0
29.710716,"/shooter/rpm",0
29.710782,"/shooter/output",0.1
29.71082,"/shooter/hasBall",true
29.710857,"/shooter/temperature",40
29.711021,"/climber/rightPos",0
29.730362,"/drivetrain/leftPos",0
29.730381,"/drivetrain/leftVelocity",0
29.730397,"/drivetrain/rightPos",0
29.730581,"/drivetrain/rightVelocity",0
29.73062,"/drivetrain/heading",-2.2300000190734863
29.73063,"/drivetrain/headingVelocity",0.0610351525247097
29.730637,"/drivetrain/xAcceleration",0
29.730642,"/drivetrain/yAcceleration",0.003000000026077032
29.730647,"/drivetrain/leftOutputLog",0
29.730651,"/drivetrain/rightOutputLog",0
29.730896,"/intake/pos",0
29.730946,"/intake/output",0
29.731171,"/shooter/rpm",0
29.731194,"/shooter/output",0.1
29.731229,"/shooter/hasBall",true
29.731267,"/shooter/temperature",40
29.731509,"/climber/rightPos",0
29.749482,"/drivetrain/leftPos",0
29.7495,"/drivetrain/leftVelocity",0
29.749516,"/drivetrain/rightPos",0
29.749528,"/drivetrain/rightVelocity",0
29.74973,"/drivetrain/heading",-2.2300000190734863
29.749741,"/drivetrain/headingVelocity",-0.0610351525247097
29.749747,"/drivetrain/xAcceleration",0
29.749752,"/drivetrain/yAcceleration",0.003000000026077032
29.749757,"/drivetrain/leftOutputLog",0
29.749761,"/drivetrain/rightOutputLog",0
29.750489,"/intake/pos",0
29.750495,"/intake/output",0
29.750712,"/shooter/rpm",0
29.750738,"/shooter/output",0.1
29.750773,"/shooter/hasBall",true
29.750796,"/shooter/temperature",40
29.750995,"/climber/rightPos",0
29.769721,"/drivetrain/leftPos",0
29.769738,"/drivetrain/leftVelocity",0
29.769755,"/drivetrain/rightPos",0
29.769767,"/drivetrain/rightVelocity",0
29.769811,"/drivetrain/heading",-2.2300000190734863
29.76982,"/drivetrain/headingVelocity",-0.1220703050494194
29.769826,"/drivetrain/xAcceleration",0
29.769831,"/drivetrain/yAcceleration",0
29.769836,"/drivetrain/leftOutputLog",0
29.76984,"/drivetrain/rightOutputLog",0
29.770215,"/intake/pos",0
29.77022,"/intake/output",0
29.77055,"/shooter/rpm",0
29.770577,"/shooter/output",0.1
29.770615,"/shooter/hasBall",true
29.770655,"/shooter/temperature",40
29.770826,"/climber/rightPos",0
29.790038,"/drivetrain/leftPos",0
29.790056,"/drivetrain/leftVelocity",0
29.790071,"/drivetrain/rightPos",0
29.790083,"/drivetrain/rightVelocity",0
29.790114,"/drivetrain/heading",-2.2300000190734863
29.790123,"/drivetrain/headingVelocity",-0.0610351525247097
29.790129,"/drivetrain/xAcceleration",0
29.790134,"/drivetrain/yAcceleration",0
29.790139,"/drivetrain/leftOutputLog",0
29.790142,"/drivetrain/rightOutputLog",0
29.79052,"/intake/pos",0
29.790525,"/intake/output",0
29.790767,"/shooter/rpm",0
29.790793,"/shooter/output",0.1
29.79083,"/shooter/hasBall",true
29.790861,"/shooter/temperature",40
29.791101,"/climber/rightPos",0
29.809283,"/drivetrain/leftPos",0
29.809299,"/drivetrain/leftVelocity",0
29.809315,"/drivetrain/rightPos",0
29.809326,"/drivetrain/rightVelocity",0
29.809363,"/drivetrain/heading",-2.2200000286102295
29.809372,"/drivetrain/headingVelocity",-0.2441406100988388
29.809377,"/drivetrain/xAcceleration",0
29.809382,"/drivetrain/yAcceleration",0
29.809387,"/drivetrain/leftOutputLog",0
29.809391,"/drivetrain/rightOutputLog",0
29.809591,"/intake/pos",0
29.809596,"/intake/output",0
29.809776,"/shooter/rpm",0
29.809798,"/shooter/output",0.1
29.809952,"/shooter/hasBall",true
29.809989,"/shooter/temperature",40
29.810893,"/climber/rightPos",0
29.829627,"/drivetrain/leftPos",0
29.829646,"/drivetrain/leftVelocity",0
29.829662,"/drivetrain/rightPos",0
29.829674,"/drivetrain/rightVelocity",0
29.829719,"/drivetrain/heading",-2.2100000381469727
29.829728,"/drivetrain/headingVelocity",-0.2441406100988388
29.829734,"/drivetrain/xAcceleration",0
29.82974,"/drivetrain/yAcceleration",0
29.829745,"/drivetrain/leftOutputLog",0
29.829749,"/drivetrain/rightOutputLog",0
29.83025,"/intake/pos",0
29.830255,"/intake/output",0
29.83116,"/shooter/rpm",0
29.831188,"/shooter/output",0.1
29.831234,"/shooter/hasBall",true
29.83126,"/shooter/temperature",40
29.831529,"/climber/rightPos",0
29.849243,"/drivetrain/leftPos",0
29.849259,"/drivetrain/leftVelocity",0
29.849274,"/drivetrain/rightPos",0
29.849285,"/drivetrain/rightVelocity",0
29.849321,"/drivetrain/heading",-2.2100000381469727
29.84933,"/drivetrain/headingVelocity",-0.1220703050494194
29.849336,"/drivetrain/xAcceleration",0
29.84934,"/drivetrain/yAcceleration",-0.003000000026077032
29.849345,"/drivetrain/leftOutputLog",0
29.849349,"/drivetrain/rightOutputLog",0
29.850165,"/intake/pos",0
29.850171,"/intake/output",0
29.85048,"/shooter/rpm",0
29.850509,"/shooter/output",0.1
29.850615,"/shooter/hasBall",true
29.850662,"/shooter/temperature",40
29.850852,"/climber/rightPos",0
29.869487,"/drivetrain/leftPos",0
29.869505,"/drivetrain/leftVelocity",0
29.869522,"/drivetrain/rightPos",0
29.869534,"/drivetrain/rightVelocity",0
29.86958,"/drivetrain/heading",-2.2100000381469727
29.86959,"/drivetrain/headingVelocity",0.1220703050494194
29.869596,"/drivetrain/xAcceleration",-0.007000000216066837
29.869601,"/drivetrain/yAcceleration",-0.004000000189989805
29.869606,"/drivetrain/leftOutputLog",0
29.86961,"/drivetrain/rightOutputLog",0
29.869944,"/intake/pos",0
29.86995,"/intake/output",0
29.870532,"/shooter/rpm",0
29.870691,"/shooter/output",0.1
29.870746,"/shooter/hasBall",true
29.870796,"/shooter/temperature",40
29.871015,"/climber/rightPos",0
29.889305,"/drivetrain/leftPos",0
29.889323,"/drivetrain/leftVelocity",0
29.88934,"/drivetrain/rightPos",0
29.889351,"/drivetrain/rightVelocity",0
29.88939,"/drivetrain/heading",-2.2200000286102295
29.889398,"/drivetrain/headingVelocity",0.30517578125
29.889404,"/drivetrain/xAcceleration",-0.004000000189989805
29.889409,"/drivetrain/yAcceleration",0
29.889557,"/drivetrain/leftOutputLog",0
29.889569,"/drivetrain/rightOutputLog",0
29.889839,"/intake/pos",0
29.889844,"/intake/output",0
29.890062,"/shooter/rpm",0
29.890502,"/shooter/output",0.1
29.890568,"/shooter/hasBall",true
29.890972,"/shooter/temperature",40
29.891309,"/climber/rightPos",0
29.910597,"/drivetrain/leftPos",0
29.910616,"/drivetrain/leftVelocity",0
29.910632,"/drivetrain/rightPos",0
29.910644,"/drivetrain/rightVelocity",0
29.910679,"/drivetrain/heading",-2.2300000190734863
29.910688,"/drivetrain/headingVelocity",0.3662109076976776
29.910694,"/drivetrain/xAcceleration",0.004999999888241291
29.910699,"/drivetrain/yAcceleration",0
29.910703,"/drivetrain/leftOutputLog",0
29.910707,"/drivetrain/rightOutputLog",0
29.910941,"/intake/pos",0
29.910947,"/intake/output",0
29.911153,"/shooter/rpm",0
29.911177,"/shooter/output",0.1
29.911261,"/shooter/hasBall",true
29.911317,"/shooter/temperature",40
29.911486,"/climber/rightPos",0
29.929352,"/drivetrain/leftPos",0
29.929369,"/drivetrain/leftVelocity",0
29.929385,"/drivetrain/rightPos",0
29.929398,"/drivetrain/rightVelocity",0
29.929444,"/drivetrain/heading",-2.2300000190734863
29.929454,"/drivetrain/headingVelocity",0.1220703050494194
29.92946,"/drivetrain/xAcceleration",0
29.929466,"/drivetrain/yAcceleration",0.003000000026077032
29.929471,"/drivetrain/leftOutputLog",0
29.929475,"/drivetrain/rightOutputLog",0
29.929814,"/intake/pos",0
29.92982,"/intake/output",0
29.930204,"/shooter/rpm",0
29.930232,"/shooter/output",0.1
29.930275,"/shooter/hasBall",true
29.930327,"/shooter/temperature",40
29.93051,"/climber/rightPos",0
29.949542,"/drivetrain/leftPos",0
29.94956,"/drivetrain/leftVelocity",0
29.949577,"/drivetrain/rightPos",0
29.949589,"/drivetrain/rightVelocity",0
29.949631,"/drivetrain/heading",-2.2300000190734863
29.949641,"/drivetrain/headingVelocity",0
29.949647,"/drivetrain/xAcceleration",0
29.949652,"/drivetrain/yAcceleration",0.00800000037997961
29.949657,"/drivetrain/leftOutputLog",0
29.949661,"/drivetrain/rightOutputLog",0
29.949967,"/intake/pos",0
29.949972,"/intake/output",0
29.950161,"/shooter/rpm",0
29.950184,"/shooter/output",0.1
29.95022,"/shooter/hasBall",true
29.950262,"/shooter/temperature",40
29.950515,"/climber/rightPos",0
29.969915,"/drivetrain/leftPos",0
29.969944,"/drivetrain/leftVelocity",0
29.969961,"/drivetrain/rightPos",0
29.969973,"/drivetrain/rightVelocity",0
29.970004,"/drivetrain/heading",-2.2300000190734863
29.970012,"/drivetrain/headingVelocity",-0.1220703050494194
29.970018,"/drivetrain/xAcceleration",0.003000000026077032
29.970023,"/drivetrain/yAcceleration",0.00800000037997961
29.970028,"/drivetrain/leftOutputLog",0
29.970032,"/drivetrain/rightOutputLog",0
29.970237,"/intake/pos",0
29.970291,"/intake/output",0
29.970642,"/shooter/rpm",0
29.970668,"/shooter/output",0.1
29.970705,"/shooter/hasBall",true
29.970743,"/shooter/temperature",40
29.970938,"/climber/rightPos",0
29.989898,"/drivetrain/leftPos",0
29.989916,"/drivetrain/leftVelocity",0
29.989932,"/drivetrain/rightPos",0
29.989944,"/drivetrain/rightVelocity",0
29.989987,"/drivetrain/heading",-2.2200000286102295
29.989996,"/drivetrain/headingVelocity",-0.2441406100988388
29.990002,"/drivetrain/xAcceleration",-0.003000000026077032
29.990007,"/drivetrain/yAcceleration",0
29.990012,"/drivetrain/leftOutputLog",0
29.990016,"/drivetrain/rightOutputLog",0
29.990239,"/intake/pos",0
29.990244,"/intake/output",0
29.990429,"/shooter/rpm",0
29.990453,"/shooter/output",0.1
29.990487,"/shooter/hasBall",true
29.990523,"/shooter/temperature",40
29.990676,"/climber/rightPos",0
30.009925,"/drivetrain/leftPos",0
30.009941,"/drivetrain/leftVelocity",0
30.009956,"/drivetrain/rightPos",0
30.009968,"/drivetrain/rightVelocity",0
30.010002,"/drivetrain/heading",-2.2200000286102295
30.01001,"/drivetrain/headingVelocity",-0.3662109076976776
30.010016,"/drivetrain/xAcceleration",0
30.010021,"/drivetrain/yAcceleration",-0.003000000026077032
30.010026,"/drivetrain/leftOutputLog",0
30.01003,"/drivetrain/rightOutputLog",0
30.010263,"/intake/pos",0
30.010269,"/intake/output",0
30.010482,"/shooter/rpm",0
30.010503,"/shooter/output",0.1
30.010537,"/shooter/hasBall",true
30.010573,"/shooter/temperature",40
30.010724,"/climber/rightPos",0
30.029271,"/drivetrain/leftPos",0
30.029289,"/drivetrain/leftVelocity",0
30.029304,"/drivetrain/rightPos",0
30.029316,"/drivetrain/rightVelocity",0
30.029353,"/drivetrain/heading",-2.2100000381469727
30.029361,"/drivetrain/headingVelocity",-0.4882812201976776
30.029367,"/drivetrain/xAcceleration",0
30.029372,"/drivetrain/yAcceleration",0
30.029377,"/drivetrain/leftOutputLog",0
30.029381,"/drivetrain/rightOutputLog",0
30.029571,"/intake/pos",0
30.029576,"/intake/output",0
30.029856,"/shooter/rpm",0
30.029881,"/shooter/output",0.1
30.029931,"/shooter/hasBall",true
30.029963,"/shooter/temperature",40
30.030305,"/climber/rightPos",0
30.049319,"/drivetrain/leftPos",0
30.049336,"/drivetrain/leftVelocity",0
30.049351,"/drivetrain/rightPos",0
30.049363,"/drivetrain/rightVelocity",0
30.049399,"/drivetrain/heading",-2.200000047683716
30.049408,"/drivetrain/headingVelocity",-0.1220703050494194
30.04949,"/drivetrain/xAcceleration",0
30.049496,"/drivetrain/yAcceleration",0
30.049501,"/drivetrain/leftOutputLog",0
30.049505,"/drivetrain/rightOutputLog",0
30.049757,"/intake/pos",0
30.049762,"/intake/output",0
30.049962,"/shooter/rpm",0
30.050025,"/shooter/output",0.1
30.050062,"/shooter/hasBall",true
30.050087,"/shooter/temperature",40
30.050269,"/climber/rightPos",0
30.070395,"/drivetrain/leftPos",0
30.070412,"/drivetrain/leftVelocity",0
30.070428,"/drivetrain/rightPos",0
30.070439,"/drivetrain/rightVelocity",0
30.070478,"/drivetrain/heading",-2.200000047683716
30.070487,"/drivetrain/headingVelocity",0.0610351525247097
30.070493,"/drivetrain/xAcceleration",0
30.070498,"/drivetrain/yAcceleration",-0.006000000052154064
30.070503,"/drivetrain/leftOutputLog",0
30.070507,"/drivetrain/rightOutputLog",0
30.070724,"/intake/pos",0
30.070729,"/intake/output",0
30.070949,"/shooter/rpm",0
30.070971,"/shooter/output",0.1
30.071006,"/shooter/hasBall",true
30.071031,"/shooter/temperature",40
30.071181,"/climber/rightPos",0
30.089391,"/drivetrain/leftPos",0
30.089409,"/drivetrain/leftVelocity",0
30.089425,"/drivetrain/rightPos",0
30.089436,"/drivetrain/rightVelocity",0
30.089475,"/drivetrain/heading",-2.200000047683716
30.089483,"/drivetrain/headingVelocity",0.1831054538488388
30.089489,"/drivetrain/xAcceleration",0
30.089494,"/drivetrain/yAcceleration",-0.010999999940395355
30.089498,"/drivetrain/leftOutputLog",0
30.089503,"/drivetrain/rightOutputLog",0
30.089699,"/intake/pos",0
30.089704,"/intake/output",0
30.089899,"/shooter/rpm",0
30.089922,"/shooter/output",0.1
30.09015,"/shooter/hasBall",true
30.090209,"/shooter/temperature",40
30.090711,"/climber/rightPos",0
30.109878,"/drivetrain/leftPos",0
30.109899,"/drivetrain/leftVelocity",0
30.109917,"/drivetrain/rightPos",0
30.110176,"/drivetrain/rightVelocity",0
30.110206,"/drivetrain/heading",-2.2100000381469727
30.110214,"/drivetrain/headingVelocity",0.1220703050494194
30.11022,"/drivetrain/xAcceleration",0
30.110225,"/drivetrain/yAcceleration",0
30.11023,"/drivetrain/leftOutputLog",0
30.110234,"/drivetrain/rightOutputLog",0
30.110444,"/intake/pos",0
30.110497,"/intake/output",0
30.11073,"/shooter/rpm",0
30.110752,"/shooter/output",0.1
30.110832,"/shooter/hasBall",true
30.110877,"/shooter/temperature",40
30.111087,"/climber/rightPos",0
30.130064,"/drivetrain/leftPos",0
30.130083,"/drivetrain/leftVelocity",0
30.130102,"/drivetrain/rightPos",0
30.130115,"/drivetrain/rightVelocity",0
30.130153,"/drivetrain/heading",-2.2100000381469727
30.130163,"/drivetrain/headingVelocity",0.1831054538488388
30.13017,"/drivetrain/xAcceleration",0
30.130175,"/drivetrain/yAcceleration",0
30.13018,"/drivetrain/leftOutputLog",0
30.130184,"/drivetrain/rightOutputLog",0
30.130411,"/intake/pos",0
30.130417,"/intake/output",0
30.130693,"/shooter/rpm",0
30.13076,"/shooter/output",0.1
30.130806,"/shooter/hasBall",true
30.130854,"/shooter/temperature",40
30.131036,"/climber/rightPos",0
30.149481,"/drivetrain/leftPos",0
30.149503,"/drivetrain/leftVelocity",0
30.14952,"/drivetrain/rightPos",0
30.149533,"/drivetrain/rightVelocity",0
30.149575,"/drivetrain/heading",-2.2200000286102295
30.149585,"/drivetrain/headingVelocity",0.1831054538488388
30.149592,"/drivetrain/xAcceleration",0.004000000189989805
30.149598,"/drivetrain/yAcceleration",0.003000000026077032
30.149604,"/drivetrain/leftOutputLog",0
30.149608,"/drivetrain/rightOutputLog",0
30.150071,"/intake/pos",0
30.150076,"/intake/output",0
30.150264,"/shooter/rpm",0
30.150291,"/shooter/output",0.1
30.150327,"/shooter/hasBall",true
30.15037,"/shooter/temperature",40
30.150607,"/climber/rightPos",0
30.17078,"/drivetrain/leftPos",0
30.170797,"/drivetrain/leftVelocity",0
30.170813,"/drivetrain/rightPos",0
30.170825,"/drivetrain/rightVelocity",0
30.17086,"/drivetrain/heading",-2.2200000286102295
30.170869,"/drivetrain/headingVelocity",0.1220703050494194
30.170875,"/drivetrain/xAcceleration",0
30.17088,"/drivetrain/yAcceleration",0.004000000189989805
30.170884,"/drivetrain/leftOutputLog",0
30.170888,"/drivetrain/rightOutputLog",0
30.171142,"/intake/pos",0
30.171147,"/intake/output",0
30.171338,"/shooter/rpm",0
30.17136,"/shooter/output",0.1
30.171393,"/shooter/hasBall",true
30.171433,"/shooter/temperature",40
30.171581,"/climber/rightPos",0
30.190439,"/drivetrain/leftPos",0
30.190458,"/drivetrain/leftVelocity",0
30.190476,"/drivetrain/rightPos",0
30.190488,"/drivetrain/rightVelocity",0
30.190523,"/drivetrain/heading",-2.2200000286102295
30.190532,"/drivetrain/headingVelocity",0
30.190538,"/drivetrain/xAcceleration",0
30.190543,"/drivetrain/yAcceleration",0
30.190549,"/drivetrain/leftOutputLog",0
30.190552,"/drivetrain/rightOutputLog",0
30.190895,"/intake/pos",0
30.1909,"/intake/output",0
30.191074,"/shooter/rpm",0
30.191097,"/shooter/output",0.1
30.191181,"/shooter/hasBall",true
30.19122,"/shooter/temperature",40
30.191438,"/climber/rightPos",0
30.209308,"/drivetrain/leftPos",0
30.209327,"/drivetrain/leftVelocity",0
30.209344,"/drivetrain/rightPos",0
30.209356,"/drivetrain/rightVelocity",0
30.209394,"/drivetrain/heading",-2.2200000286102295
30.209403,"/drivetrain/headingVelocity",-0.1220703050494194
30.209408,"/drivetrain/xAcceleration",0
30.209413,"/drivetrain/yAcceleration",0
30.209418,"/drivetrain/leftOutputLog",0
30.209422,"/drivetrain/rightOutputLog",0
30.209704,"/intake/pos",0
30.20971,"/intake/output",0
30.209872,"/shooter/rpm",0
30.210009,"/shooter/output",0.1
30.210056,"/shooter/hasBall",true
30.210082,"/shooter/temperature",40
30.210707,"/climber/rightPos",0
30.229299,"/drivetrain/leftPos",0
30.229316,"/drivetrain/leftVelocity",0
30.229332,"/drivetrain/rightPos",0
30.229345,"/drivetrain/rightVelocity",0
30.22939,"/drivetrain/heading",-2.2100000381469727
30.2294,"/drivetrain/headingVelocity",-0.0610351525247097
30.229406,"/drivetrain/xAcceleration",0
30.229411,"/drivetrain/yAcceleration",0
30.229416,"/drivetrain/leftOutputLog",0
30.22942,"/drivetrain/rightOutputLog",0
30.22988,"/intake/pos",0
30.229885,"/intake/output",0
30.230069,"/shooter/rpm",0
30.230136,"/shooter/output",0.1
30.230172,"/shooter/hasBall",true
30.230209,"/shooter/temperature",40
30.230436,"/climber/rightPos",0
30.249736,"/drivetrain/leftPos",0
30.249754,"/drivetrain/leftVelocity",0
30.24977,"/drivetrain/rightPos",0
30.249782,"/drivetrain/rightVelocity",0
30.249826,"/drivetrain/heading",-2.2100000381469727
30.249835,"/drivetrain/headingVelocity",0
30.249841,"/drivetrain/xAcceleration",-0.003000000026077032
30.249847,"/drivetrain/yAcceleration",-0.004000000189989805
30.249851,"/drivetrain/leftOutputLog",0
30.249855,"/drivetrain/rightOutputLog",0
30.250213,"/intake/pos",0
30.250218,"/intake/output",0
30.250472,"/shooter/rpm",0
30.250497,"/shooter/output",0.1
30.250535,"/shooter/hasBall",true
30.250573,"/shooter/temperature",40
30.250804,"/climber/rightPos",0
30.269395,"/drivetrain/leftPos",0
30.269412,"/drivetrain/leftVelocity",0
30.269428,"/drivetrain/rightPos",0
30.269443,"/drivetrain/rightVelocity",0
30.269727,"/drivetrain/heading",-2.2200000286102295
30.269738,"/drivetrain/headingVelocity",0.1220703050494194
30.269745,"/drivetrain/xAcceleration",0.003000000026077032
30.26975,"/drivetrain/yAcceleration",0
30.269755,"/drivetrain/leftOutputLog",0
30.26976,"/drivetrain/rightOutputLog",0
30.270052,"/intake/pos",0
30.270057,"/intake/output",0
30.271041,"/shooter/rpm",0
30.271065,"/shooter/output",0.1
30.271112,"/shooter/hasBall",true
30.271148,"/shooter/temperature",40
30.271419,"/climber/rightPos",0
30.289496,"/drivetrain/leftPos",0
30.289514,"/drivetrain/leftVelocity",0
30.289531,"/drivetrain/rightPos",0
30.289543,"/drivetrain/rightVelocity",0
30.289591,"/drivetrain/heading",-2.2200000286102295
30.2896,"/drivetrain/headingVelocity",0.1220703050494194
30.289606,"/drivetrain/xAcceleration",0
30.289612,"/drivetrain/yAcceleration",0
30.289617,"/drivetrain/leftOutputLog",0
30.289621,"/drivetrain/rightOutputLog",0
30.290676,"/intake/pos",0
30.290683,"/intake/output",0
30.291044,"/shooter/rpm",0
30.291069,"/shooter/output",0.1
30.29111,"/shooter/hasBall",true
30.291136,"/shooter/temperature",40
30.291421,"/climber/rightPos",0
30.31025,"/drivetrain/leftPos",0
30.310268,"/drivetrain/leftVelocity",0
30.310284,"/drivetrain/rightPos",0
30.310296,"/drivetrain/rightVelocity",0
30.310331,"/drivetrain/heading",-2.2200000286102295
30.31034,"/drivetrain/headingVelocity",0
30.310346,"/drivetrain/xAcceleration",0
30.310351,"/drivetrain/yAcceleration",0
30.310356,"/drivetrain/leftOutputLog",0
30.31036,"/drivetrain/rightOutputLog",0
30.310644,"/intake/pos",0
30.31065,"/intake/output",0
30.31083,"/shooter/rpm",0
30.310854,"/shooter/output",0.1
30.310898,"/shooter/hasBall",true
30.310976,"/shooter/temperature",40
30.311547,"/climber/rightPos",0
30.329657,"/drivetrain/leftPos",0
30.329674,"/drivetrain/leftVelocity",0
30.329689,"/drivetrain/rightPos",0
30.329701,"/drivetrain/rightVelocity",0
30.329733,"/drivetrain/heading",-2.2200000286102295
30.329741,"/drivetrain/headingVelocity",-0.1220703050494194
30.329747,"/drivetrain/xAcceleration",0
30.329752,"/drivetrain/yAcceleration",0
30.329757,"/drivetrain/leftOutputLog",0
30.32976,"/drivetrain/rightOutputLog",0
30.329959,"/intake/pos",0
30.329964,"/intake/output",0
30.330192,"/shooter/rpm",0
30.330216,"/shooter/output",0.1
30.33025,"/shooter/hasBall",true
30.330298,"/shooter/temperature",40
30.330513,"/climber/rightPos",0
30.349241,"/drivetrain/leftPos",0
30.349259,"/drivetrain/leftVelocity",0
30.349274,"/drivetrain/rightPos",0
30.349286,"/drivetrain/rightVelocity",0
30.349326,"/drivetrain/heading",-2.2200000286102295
30.349335,"/drivetrain/headingVelocity",-0.0610351525247097
30.349341,"/drivetrain/xAcceleration",0
30.349346,"/drivetrain/yAcceleration",-0.003000000026077032
30.349351,"/drivetrain/leftOutputLog",0
30.349355,"/drivetrain/rightOutputLog",0
30.349892,"/intake/pos",0
30.349898,"/intake/output",0
30.350235,"/shooter/rpm",0
30.350265,"/shooter/output",0.1
30.350389,"/shooter/hasBall",true
30.350446,"/shooter/temperature",40
30.35124,"/climber/rightPos",0
30.369499,"/drivetrain/leftPos",0
30.369517,"/drivetrain/leftVelocity",0
30.369531,"/drivetrain/rightPos",0
30.369543,"/drivetrain/rightVelocity",0
30.369587,"/drivetrain/heading",-2.2100000381469727
30.369596,"/drivetrain/headingVelocity",0
30.369602,"/drivetrain/xAcceleration",0
30.369607,"/drivetrain/yAcceleration",-0.003000000026077032
30.369612,"/drivetrain/leftOutputLog",0
30.369615,"/drivetrain/rightOutputLog",0
30.369841,"/intake/pos",0
30.369888,"/intake/output",0
30.370452,"/shooter/rpm",0
30.370483,"/shooter/output",0.1
30.370528,"/shooter/hasBall",true
30.370602,"/shooter/temperature",40
30.371727,"/climber/rightPos",0
30.389726,"/drivetrain/leftPos",0
30.389746,"/drivetrain/leftVelocity",0
30.389846,"/drivetrain/rightPos",0
30.389865,"/drivetrain/rightVelocity",0
30.38991,"/drivetrain/heading",-2.2200000286102295
30.389919,"/drivetrain/headingVelocity",0
30.389926,"/drivetrain/xAcceleration",0
30.389931,"/drivetrain/yAcceleration",0
30.389936,"/drivetrain/leftOutputLog",0
30.38994,"/drivetrain/rightOutputLog",0
30.390579,"/intake/pos",0
30.390598,"/intake/output",0
30.391176,"/shooter/rpm",0
30.391195,"/shooter/output",0.1
30.391235,"/shooter/hasBall",true
30.391281,"/shooter/temperature",40
30.391504,"/climber/rightPos",0
30.41001,"/drivetrain/leftPos",0
30.410028,"/drivetrain/leftVelocity",0
30.410045,"/drivetrain/rightPos",0
30.410056,"/drivetrain/rightVelocity",0
30.410089,"/drivetrain/heading",-2.2200000286102295
30.410098,"/drivetrain/headingVelocity",0
30.410103,"/drivetrain/xAcceleration",0
30.410108,"/drivetrain/yAcceleration",0
30.410113,"/drivetrain/leftOutputLog",0
30.410117,"/drivetrain/rightOutputLog",0
30.41033,"/intake/pos",0
30.410335,"/intake/output",0
30.410548,"/shooter/rpm",0
30.410617,"/shooter/output",0.1
30.410657,"/shooter/hasBall",true
30.410709,"/shooter/temperature",40
30.41108,"/climber/rightPos",0
30.429497,"/drivetrain/leftPos",0
30.429516,"/drivetrain/leftVelocity",0
30.429534,"/drivetrain/rightPos",0
30.429546,"/drivetrain/rightVelocity",0
30.429597,"/drivetrain/heading",-2.2200000286102295
30.429607,"/drivetrain/headingVelocity",0.0610351525247097
30.429614,"/drivetrain/xAcceleration",0.007000000216066837
30.429619,"/drivetrain/yAcceleration",-0.004000000189989805
30.429625,"/drivetrain/leftOutputLog",0
30.429629,"/drivetrain/rightOutputLog",0
30.430184,"/intake/pos",0
30.43019,"/intake/output",0
30.430475,"/shooter/rpm",0
30.430505,"/shooter/output",0.1
30.430549,"/shooter/hasBall",true
30.430594,"/shooter/temperature",40
30.43201,"/climber/rightPos",0
30.449993,"/drivetrain/leftPos",0
30.450013,"/drivetrain/leftVelocity",0
30.450274,"/drivetrain/rightPos",0
30.45029,"/drivetrain/rightVelocity",0
30.450338,"/drivetrain/heading",-2.2200000286102295
30.450347,"/drivetrain/headingVelocity",0
30.450353,"/drivetrain/xAcceleration",-0.003000000026077032
30.450358,"/drivetrain/yAcceleration",0
30.450363,"/drivetrain/leftOutputLog",0
30.450367,"/drivetrain/rightOutputLog",0
30.450851,"/intake/pos",0
30.450857,"/intake/output",0
30.451079,"/shooter/rpm",0
30.451099,"/shooter/output",0.1
30.451134,"/shooter/hasBall",true
30.45117,"/shooter/temperature",40
30.451351,"/climber/rightPos",0
30.469298,"/drivetrain/leftPos",0
30.469316,"/drivetrain/leftVelocity",0
30.469332,"/drivetrain/rightPos",0
30.469344,"/drivetrain/rightVelocity",0
30.46938,"/drivetrain/heading",-2.2200000286102295
30.469388,"/drivetrain/headingVelocity",0
30.469394,"/drivetrain/xAcceleration",-0.003000000026077032
30.469399,"/drivetrain/yAcceleration",0
30.469403,"/drivetrain/leftOutputLog",0
30.469407,"/drivetrain/rightOutputLog",0
30.469601,"/intake/pos",0
30.469606,"/intake/output",0
30.46983,"/shooter/rpm",0
30.469855,"/shooter/output",0.1
30.469891,"/shooter/hasBall",true
30.469915,"/shooter/temperature",40
30.470191,"/climber/rightPos",0
30.489636,"/drivetrain/leftPos",0
30.489661,"/drivetrain/leftVelocity",0
30.489678,"/drivetrain/rightPos",0
30.48969,"/drivetrain/rightVelocity",0
30.490005,"/drivetrain/heading",-2.2200000286102295
30.490034,"/drivetrain/headingVelocity",0
30.490041,"/drivetrain/xAcceleration",-0.003000000026077032
30.490046,"/drivetrain/yAcceleration",0
30.490052,"/drivetrain/leftOutputLog",0
30.490056,"/drivetrain/rightOutputLog",0
30.490667,"/intake/pos",0
30.490672,"/intake/output",0
30.490944,"/shooter/rpm",0
30.490969,"/shooter/output",0.1
30.491012,"/shooter/hasBall",true
30.491056,"/shooter/temperature",40
30.491267,"/climber/rightPos",0
30.510257,"/drivetrain/leftPos",0
30.510275,"/drivetrain/leftVelocity",0
30.510289,"/drivetrain/rightPos",0
30.510301,"/drivetrain/rightVelocity",0
30.510332,"/drivetrain/heading",-2.2300000190734863
30.510341,"/drivetrain/headingVelocity",0.1831054538488388
30.510347,"/drivetrain/xAcceleration",0
30.510352,"/drivetrain/yAcceleration",0
30.510357,"/drivetrain/leftOutputLog",0
30.510361,"/drivetrain/rightOutputLog",0
30.510593,"/intake/pos",0
30.510598,"/intake/output",0
30.510818,"/shooter/rpm",0
30.510841,"/shooter/output",0.1
30.510882,"/shooter/hasBall",true
30.510912,"/shooter/temperature",40
30.511119,"/climber/rightPos",0
30.529964,"/drivetrain/leftPos",0
30.529991,"/drivetrain/leftVelocity",0
30.530008,"/drivetrain/rightPos",0
30.53002,"/drivetrain/rightVelocity",0
30.530069,"/drivetrain/heading",-2.2300000190734863
30.530078,"/drivetrain/headingVelocity",0.1220703050494194
30.530084,"/drivetrain/xAcceleration",0
30.530089,"/drivetrain/yAcceleration",0.003000000026077032
30.530095,"/drivetrain/leftOutputLog",0
30.530099,"/drivetrain/rightOutputLog",0
30.530506,"/intake/pos",0
30.530511,"/intake/output",0
30.530728,"/shooter/rpm",0
30.530793,"/shooter/output",0.1
30.530831,"/shooter/hasBall",true
30.530855,"/shooter/temperature",40
30.53107,"/climber/rightPos",0
30.549331,"/drivetrain/leftPos",0
30.54935,"/drivetrain/leftVelocity",0
30.549367,"/drivetrain/rightPos",0
30.54938,"/drivetrain/rightVelocity",0
30.549425,"/drivetrain/heading",-2.2300000190734863
30.549434,"/drivetrain/headingVelocity",0.0610351525247097
30.54944,"/drivetrain/xAcceleration",0.004999999888241291
30.549446,"/drivetrain/yAcceleration",0.004000000189989805
30.549451,"/drivetrain/leftOutputLog",0
30.549454,"/drivetrain/rightOutputLog",0
30.549883,"/intake/pos",0
30.549889,"/intake/output",0
30.550343,"/shooter/rpm",0
30.55037,"/shooter/output",0.1
30.55041,"/shooter/hasBall",true
30.550434,"/shooter/temperature",40
30.550796,"/climber/rightPos",0
30.569324,"/drivetrain/leftPos",0
30.569341,"/drivetrain/leftVelocity",0
30.569356,"/drivetrain/rightPos",0
30.569367,"/drivetrain/rightVelocity",0
30.569403,"/drivetrain/heading",-2.2200000286102295
30.569412,"/drivetrain/headingVelocity",-0.30517578125
30.569418,"/drivetrain/xAcceleration",0
30.569423,"/drivetrain/yAcceleration",0
30.569428,"/drivetrain/leftOutputLog",0
30.569432,"/drivetrain/rightOutputLog",0
30.569814,"/intake/pos",0
30.569819,"/intake/output",0
30.570239,"/shooter/rpm",0
30.570269,"/shooter/output",0.1
30.570312,"/shooter/hasBall",true
30.571125,"/shooter/temperature",40
30.57134,"/climber/rightPos",0
30.589307,"/drivetrain/leftPos",0
30.589449,"/drivetrain/leftVelocity",0
30.589472,"/drivetrain/rightPos",0
30.589485,"/drivetrain/rightVelocity",0
30.589532,"/drivetrain/heading",-2.2100000381469727
30.589542,"/drivetrain/headingVelocity",-0.4272460639476776
30.589549,"/drivetrain/xAcceleration",0
30.589555,"/drivetrain/yAcceleration",0.003000000026077032
30.58956,"/drivetrain/leftOutputLog",0
30.589564,"/drivetrain/rightOutputLog",0
30.589909,"/intake/pos",0
30.589914,"/intake/output",0
30.590626,"/shooter/rpm",0
30.590655,"/shooter/output",0.1
30.590696,"/shooter/hasBall",true
30.590745,"/shooter/temperature",40
30.591133,"/climber/rightPos",0
30.609841,"/drivetrain/leftPos",0
30.609861,"/drivetrain/leftVelocity",0
30.609877,"/drivetrain/rightPos",0
30.60989,"/drivetrain/rightVelocity",0
30.609933,"/drivetrain/heading",-2.2100000381469727
30.609943,"/drivetrain/headingVelocity",-0.30517578125
30.60995,"/drivetrain/xAcceleration",0
30.609955,"/drivetrain/yAcceleration",0
30.60996,"/drivetrain/leftOutputLog",0
30.609964,"/drivetrain/rightOutputLog",0
30.610189,"/intake/pos",0
30.610195,"/intake/output",0
30.610587,"/shooter/rpm",0
30.610612,"/shooter/output",0.1
30.610655,"/shooter/hasBall",true
30.610701,"/shooter/temperature",40
30.610953,"/climber/rightPos",0
30.629941,"/drivetrain/leftPos",0
30.629958,"/drivetrain/leftVelocity",0
30.629974,"/drivetrain/rightPos",0
30.629986,"/drivetrain/rightVelocity",0
30.630018,"/drivetrain/heading",-2.2100000381469727
30.630027,"/drivetrain/headingVelocity",0.1220703050494194
30.630033,"/drivetrain/xAcceleration",-0.004000000189989805
30.630038,"/drivetrain/yAcceleration",-0.009999999776482582
30.630043,"/drivetrain/leftOutputLog",0
30.630047,"/drivetrain/rightOutputLog",0
30.630293,"/intake/pos",0
30.630298,"/intake/output",0
30.630514,"/shooter/rpm",0
30.630537,"/shooter/output",0.1
30.630572,"/shooter/hasBall",true
30.630613,"/shooter/temperature",40
30.630766,"/climber/rightPos",0
30.649479,"/drivetrain/leftPos",0
30.649497,"/drivetrain/leftVelocity",0
30.649514,"/drivetrain/rightPos",0
30.649527,"/drivetrain/rightVelocity",0
30.64958,"/drivetrain/heading",-2.2100000381469727
30.64959,"/drivetrain/headingVelocity",0.30517578125
30.649596,"/drivetrain/xAcceleration",0
30.649664,"/drivetrain/yAcceleration",-0.00800000037997961
30.649674,"/drivetrain/leftOutputLog",0
30.649679,"/drivetrain/rightOutputLog",0
30.649902,"/intake/pos",0
30.649907,"/intake/output",0
30.650495,"/shooter/rpm",0
30.650529,"/shooter/output",0.1
30.650573,"/shooter/hasBall",true
30.650625,"/shooter/temperature",40
30.651425,"/climber/rightPos",0
30.669294,"/drivetrain/leftPos",0
30.669312,"/drivetrain/leftVelocity",0
30.669327,"/drivetrain/rightPos",0
30.669339,"/drivetrain/rightVelocity",0
30.66938,"/drivetrain/heading",-2.2200000286102295
30.669389,"/drivetrain/headingVelocity",0.30517578125
30.669394,"/drivetrain/xAcceleration",0
30.669399,"/drivetrain/yAcceleration",-0.006000000052154064
30.669404,"/drivetrain/leftOutputLog",0
30.669408,"/drivetrain/rightOutputLog",0
30.669612,"/intake/pos",0
30.669617,"/intake/output",0
30.669793,"/shooter/rpm",0
30.669863,"/shooter/output",0.1
30.669917,"/shooter/hasBall",true
30.669963,"/shooter/temperature",40
30.670746,"/climber/rightPos",0
30.689416,"/drivetrain/leftPos",0
30.689489,"/drivetrain/leftVelocity",0
30.689507,"/drivetrain/rightPos",0
30.689643,"/drivetrain/rightVelocity",0
30.689693,"/drivetrain/heading",-2.2300000190734863
30.689704,"/drivetrain/headingVelocity",0.1220703050494194
30.68971,"/drivetrain/xAcceleration",0
30.689715,"/drivetrain/yAcceleration",0.004000000189989805
30.68972,"/drivetrain/leftOutputLog",0
30.689724,"/drivetrain/rightOutputLog",0
30.68997,"/intake/pos",0
30.689975,"/intake/output",0
30.690397,"/shooter/rpm",0
30.690426,"/shooter/output",0.1
30.690469,"/shooter/hasBall",true
30.690513,"/shooter/temperature",40
30.690718,"/climber/rightPos",0
30.710029,"/drivetrain/leftPos",0
30.710076,"/drivetrain/leftVelocity",0
30.710096,"/drivetrain/rightPos",0
30.710393,"/drivetrain/rightVelocity",0
30.710428,"/drivetrain/heading",-2.2300000190734863
30.710437,"/drivetrain/headingVelocity",0
30.710443,"/drivetrain/xAcceleration",0.004000000189989805
30.710448,"/drivetrain/yAcceleration",0.00800000037997961
30.710454,"/drivetrain/leftOutputLog",0
30.710458,"/drivetrain/rightOutputLog",0
30.710661,"/intake/pos",0
30.710666,"/intake/output",0
30.710878,"/shooter/rpm",0
30.710946,"/shooter/output",0.1
30.710984,"/shooter/hasBall",true
30.711023,"/shooter/temperature",40
30.711193,"/climber/rightPos",0
30.730698,"/drivetrain/leftPos",0
30.730718,"/drivetrain/leftVelocity",0
30.730736,"/drivetrain/rightPos",0
30.730748,"/drivetrain/rightVelocity",0
30.730792,"/drivetrain/heading",-2.2300000190734863
30.730802,"/drivetrain/headingVelocity",0
30.730808,"/drivetrain/xAcceleration",0
30.730814,"/drivetrain/yAcceleration",0.00800000037997961
30.730819,"/drivetrain/leftOutputLog",0
30.730823,"/drivetrain/rightOutputLog",0
30.731098,"/intake/pos",0
30.731103,"/intake/output",0
30.731568,"/shooter/rpm",0
30.731599,"/shooter/output",0.1
30.731649,"/shooter/hasBall",true
30.7317,"/shooter/temperature",40
30.731937,"/climber/rightPos",0
30.749279,"/drivetrain/leftPos",0
30.749297,"/drivetrain/leftVelocity",0
30.749313,"/drivetrain/rightPos",0
30.749324,"/drivetrain/rightVelocity",0
30.74936,"/drivetrain/heading",-2.2200000286102295
30.749369,"/drivetrain/headingVelocity",-0.1220703050494194
30.749375,"/drivetrain/xAcceleration",-0.004000000189989805
30.749379,"/drivetrain/yAcceleration",0
30.749384,"/drivetrain/leftOutputLog",0
30.749388,"/drivetrain/rightOutputLog",0
30.749769,"/intake/pos",0
30.749774,"/intake/output",0
30.750094,"/shooter/rpm",0
30.750125,"/shooter/output",0.1
30.750164,"/shooter/hasBall",true
30.750191,"/shooter/temperature",40
30.750659,"/climber/rightPos",0
30.769291,"/drivetrain/leftPos",0
30.769309,"/drivetrain/leftVelocity",0
30.769323,"/drivetrain/rightPos",0
30.769335,"/drivetrain/rightVelocity",0
30.769378,"/drivetrain/heading",-2.2200000286102295
30.769386,"/drivetrain/headingVelocity",-0.0610351525247097
30.769392,"/drivetrain/xAcceleration",-0.003000000026077032
30.769397,"/drivetrain/yAcceleration",-0.004999999888241291
30.769402,"/drivetrain/leftOutputLog",0
30.769406,"/drivetrain/rightOutputLog",0
30.769625,"/intake/pos",0
30.76963,"/intake/output",0
30.769842,"/shooter/rpm",0
30.769863,"/shooter/output",0.1
30.769895,"/shooter/hasBall",true
30.769924,"/shooter/temperature",40
30.770086,"/climber/rightPos",0
30.789264,"/drivetrain/leftPos",0
30.789282,"/drivetrain/leftVelocity",0
30.789298,"/drivetrain/rightPos",0
30.789309,"/drivetrain/rightVelocity",0
30.789358,"/drivetrain/heading",-2.2200000286102295
30.789368,"/drivetrain/headingVelocity",-0.0610351525247097
30.789374,"/drivetrain/xAcceleration",0
30.78938,"/drivetrain/yAcceleration",0
30.789385,"/drivetrain/leftOutputLog",0
30.789389,"/drivetrain/rightOutputLog",0
30.789692,"/intake/pos",0
30.7897,"/intake/output",0
30.790039,"/shooter/rpm",0
30.790064,"/shooter/output",0.1
30.790155,"/shooter/hasBall",true
30.790186,"/shooter/temperature",40
30.790385,"/climber/rightPos",0
30.809312,"/drivetrain/leftPos",0
30.809373,"/drivetrain/leftVelocity",0
30.809392,"/drivetrain/rightPos",0
30.809404,"/drivetrain/rightVelocity",0
30.809445,"/drivetrain/heading",-2.2200000286102295
30.809454,"/drivetrain/headingVelocity",0.1220703050494194
30.80946,"/drivetrain/xAcceleration",0
30.809465,"/drivetrain/yAcceleration",0
30.809471,"/drivetrain/leftOutputLog",0
30.809475,"/drivetrain/rightOutputLog",0
30.809677,"/intake/pos",0
30.809682,"/intake/output",0
30.809934,"/shooter/rpm",0
30.80996,"/shooter/output",0.1
30.809995,"/shooter/hasBall",true
30.810018,"/shooter/temperature",40
30.81021,"/climber/rightPos",0
30.829371,"/drivetrain/leftPos",0
30.829393,"/drivetrain/leftVelocity",0
30.82941,"/drivetrain/rightPos",0
30.829422,"/drivetrain/rightVelocity",0
30.829721,"/drivetrain/heading",-2.2200000286102295
30.829732,"/drivetrain/headingVelocity",0.0610351525247097
30.829738,"/drivetrain/xAcceleration",0.003000000026077032
30.829743,"/drivetrain/yAcceleration",0
30.829748,"/drivetrain/leftOutputLog",0
30.829752,"/drivetrain/rightOutputLog",0
30.830034,"/intake/pos",0
30.830322,"/intake/output",0
30.830799,"/shooter/rpm",0
30.830822,"/shooter/output",0.1
30.830863,"/shooter/hasBall",true
30.830913,"/shooter/temperature",40
30.831184,"/climber/rightPos",0
30.849437,"/drivetrain/leftPos",0
30.849453,"/drivetrain/leftVelocity",0
30.849469,"/drivetrain/rightPos",0
30.84948,"/drivetrain/rightVelocity",0
30.849558,"/drivetrain/heading",-2.2200000286102295
30.849567,"/drivetrain/headingVelocity",0.0610351525247097
30.849573,"/drivetrain/xAcceleration",0
30.849579,"/drivetrain/yAcceleration",0
30.849584,"/drivetrain/leftOutputLog",0
30.849587,"/drivetrain/rightOutputLog",0
30.85076,"/intake/pos",0
30.850766,"/intake/output",0
30.854767,"/shooter/rpm",0
30.854796,"/shooter/output",0.1
30.854845,"/shooter/hasBall",true
30.854894,"/shooter/temperature",40
30.8552,"/climber/rightPos",0
30.869271,"/drivetrain/leftPos",0
30.86929,"/drivetrain/leftVelocity",0
30.869305,"/drivetrain/rightPos",0
30.869316,"/drivetrain/rightVelocity",0
30.869354,"/drivetrain/heading",-2.2200000286102295
30.869363,"/drivetrain/headingVelocity",0
30.869369,"/drivetrain/xAcceleration",-0.003000000026077032
30.869374,"/drivetrain/yAcceleration",0.003000000026077032
30.869379,"/drivetrain/leftOutputLog",0
30.869383,"/drivetrain/rightOutputLog",0
30.869697,"/intake/pos",0
30.869702,"/intake/output",0
30.870155,"/shooter/rpm",0
30.870186,"/shooter/output",0.1
30.870228,"/shooter/hasBall",true
30.870279,"/shooter/temperature",40
30.870496,"/climber/rightPos",0
30.889792,"/drivetrain/leftPos",0
30.88981,"/drivetrain/leftVelocity",0
30.889826,"/drivetrain/rightPos",0
30.889838,"/drivetrain/rightVelocity",0
30.889978,"/drivetrain/heading",-2.2200000286102295
30.889989,"/drivetrain/headingVelocity",-0.0610351525247097
30.889995,"/drivetrain/xAcceleration",0
30.89,"/drivetrain/yAcceleration",-0.003000000026077032
30.890005,"/drivetrain/leftOutputLog",0
30.890009,"/drivetrain/rightOutputLog",0
30.890593,"/intake/pos",0
30.890598,"/intake/output",0
30.890819,"/shooter/rpm",0
30.89084,"/shooter/output",0.1
30.890874,"/shooter/hasBall",true
30.890914,"/shooter/temperature",40
30.891092,"/climber/rightPos",0
30.909403,"/drivetrain/leftPos",0
30.909421,"/drivetrain/leftVelocity",0
30.909439,"/drivetrain/rightPos",0
30.909451,"/drivetrain/rightVelocity",0
30.909496,"/drivetrain/heading",-2.2200000286102295
30.909504,"/drivetrain/headingVelocity",0
30.90951,"/drivetrain/xAcceleration",0
30.909515,"/drivetrain/yAcceleration",-0.004000000189989805
30.90952,"/drivetrain/leftOutputLog",0
30.909524,"/drivetrain/rightOutputLog",0
30.910055,"/intake/pos",0
30.910061,"/intake/output",0
30.910543,"/shooter/rpm",0
30.910566,"/shooter/output",0.1
30.91061,"/shooter/hasBall",true
30.910659,"/shooter/temperature",40
30.910851,"/climber/rightPos",0
30.929306,"/drivetrain/leftPos",0
30.929324,"/drivetrain/leftVelocity",0
30.929338,"/drivetrain/rightPos",0
30.92935,"/drivetrain/rightVelocity",0
30.929395,"/drivetrain/heading",-2.2200000286102295
30.929405,"/drivetrain/headingVelocity",0
30.929411,"/drivetrain/xAcceleration",0
30.929416,"/drivetrain/yAcceleration",0.003000000026077032
30.929422,"/drivetrain/leftOutputLog",0
30.929426,"/drivetrain/rightOutputLog",0
30.929891,"/intake/pos",0
30.929897,"/intake/output",0
30.930162,"/shooter/rpm",0
30.93019,"/shooter/output",0.1
30.930233,"/shooter/hasBall",true
30.930277,"/shooter/temperature",40
30.930488,"/climber/rightPos",0
30.949286,"/drivetrain/leftPos",0
30.949303,"/drivetrain/leftVelocity",0
30.949318,"/drivetrain/rightPos",0
30.949329,"/drivetrain/rightVelocity",0
30.949368,"/drivetrain/heading",-2.2200000286102295
30.949377,"/drivetrain/headingVelocity",0.1220703050494194
30.949382,"/drivetrain/xAcceleration",0
30.949388,"/drivetrain/yAcceleration",0.004000000189989805
30.949392,"/drivetrain/leftOutputLog",0
30.949396,"/drivetrain/rightOutputLog",0
30.949597,"/intake/pos",0
30.949602,"/intake/output",0
30.949777,"/shooter/rpm",0
30.9498,"/shooter/output",0.1
30.949837,"/shooter/hasBall",true
30.949985,"/shooter/temperature",40
30.950159,"/climber/rightPos",0
30.969468,"/drivetrain/leftPos",0
30.969486,"/drivetrain/leftVelocity",0
30.969503,"/drivetrain/rightPos",0
30.969514,"/drivetrain/rightVelocity",0
30.969598,"/drivetrain/heading",-2.2300000190734863
30.969608,"/drivetrain/headingVelocity",0.2441406100988388
30.969614,"/drivetrain/xAcceleration",0
30.969619,"/drivetrain/yAcceleration",0
30.969625,"/drivetrain/leftOutputLog",0
30.969629,"/drivetrain/rightOutputLog",0
30.969842,"/intake/pos",0
30.969847,"/intake/output",0
30.970032,"/shooter/rpm",0
30.970055,"/shooter/output",0.1
30.970088,"/shooter/hasBall",true
30.970123,"/shooter/temperature",40
30.970288,"/climber/rightPos",0
30.989282,"/drivetrain/leftPos",0
30.989299,"/drivetrain/leftVelocity",0
30.989315,"/drivetrain/rightPos",0
30.989326,"/drivetrain/rightVelocity",0
30.989365,"/drivetrain/heading",-2.2300000190734863
30.989373,"/drivetrain/headingVelocity",0.1831054538488388
30.989379,"/drivetrain/xAcceleration",0
30.989384,"/drivetrain/yAcceleration",0
30.989388,"/drivetrain/leftOutputLog",0
30.989392,"/drivetrain/rightOutputLog",0
30.989658,"/intake/pos",0
30.989664,"/intake/output",0
30.990039,"/shooter/rpm",0
30.990068,"/shooter/output",0.1
30.99011,"/shooter/hasBall",true
30.990163,"/shooter/temperature",40
30.990638,"/climber/rightPos",0
31.009557,"/drivetrain/leftPos",0
31.009576,"/drivetrain/leftVelocity",0
31.009593,"/drivetrain/rightPos",0
31.009604,"/drivetrain/rightVelocity",0
31.009649,"/drivetrain/heading",-2.240000009536743
31.009659,"/drivetrain/headingVelocity",0.1220703050494194
31.009665,"/drivetrain/xAcceleration",0.003000000026077032
31.00967,"/drivetrain/yAcceleration",0.003000000026077032
31.009675,"/drivetrain/leftOutputLog",0
31.009679,"/drivetrain/rightOutputLog",0
31.010161,"/intake/pos",0
31.010374,"/intake/output",0
31.010735,"/shooter/rpm",0
31.010756,"/shooter/output",0.1
31.010792,"/shooter/hasBall",true
31.010818,"/shooter/temperature",40
31.010975,"/climber/rightPos",0
31.029333,"/drivetrain/leftPos",0
31.029351,"/drivetrain/leftVelocity",0
31.029367,"/drivetrain/rightPos",0
31.029379,"/drivetrain/rightVelocity",0
31.029419,"/drivetrain/heading",-2.240000009536743
31.029428,"/drivetrain/headingVelocity",0
31.029434,"/drivetrain/xAcceleration",0.006000000052154064
31.029439,"/drivetrain/yAcceleration",0
31.029444,"/drivetrain/leftOutputLog",0
31.029448,"/drivetrain/rightOutputLog",0
31.029766,"/intake/pos",0
31.029771,"/intake/output",0
31.030031,"/shooter/rpm",0
31.030051,"/shooter/output",0.1
31.030086,"/shooter/hasBall",true
31.030109,"/shooter/temperature",40
31.030268,"/climber/rightPos",0
31.049404,"/drivetrain/leftPos",0
31.049422,"/drivetrain/leftVelocity",0
31.049439,"/drivetrain/rightPos",0
31.04945,"/drivetrain/rightVelocity",0
31.0495,"/drivetrain/heading",-2.2300000190734863
31.04951,"/drivetrain/headingVelocity",-0.2441406100988388
31.049517,"/drivetrain/xAcceleration",-0.003000000026077032
31.049523,"/drivetrain/yAcceleration",0
31.049528,"/drivetrain/leftOutputLog",0
31.049532,"/drivetrain/rightOutputLog",0
31.049814,"/intake/pos",0
31.049819,"/intake/output",0
31.05077,"/shooter/rpm",0
31.051005,"/shooter/output",0.1
31.05106,"/shooter/hasBall",true
31.051111,"/shooter/temperature",40
31.051346,"/climber/rightPos",0
31.069288,"/drivetrain/leftPos",0
31.06936,"/drivetrain/leftVelocity",0
31.069378,"/drivetrain/rightPos",0
31.06939,"/drivetrain/rightVelocity",0
31.069434,"/drivetrain/heading",-2.2200000286102295
31.069444,"/drivetrain/headingVelocity",-0.4882812201976776
31.06945,"/drivetrain/xAcceleration",0
31.069456,"/drivetrain/yAcceleration",0.003000000026077032
31.069461,"/drivetrain/leftOutputLog",0
31.069465,"/drivetrain/rightOutputLog",0
31.069777,"/intake/pos",0
31.069783,"/intake/output",0
31.070038,"/shooter/rpm",0
31.070062,"/shooter/output",0.1
31.070099,"/shooter/hasBall",true
31.070143,"/shooter/temperature",40
31.070292,"/climber/rightPos",0
31.090042,"/drivetrain/leftPos",0
31.090063,"/drivetrain/leftVelocity",0
31.090081,"/drivetrain/rightPos",0
31.090093,"/drivetrain/rightVelocity",0
31.090136,"/drivetrain/heading",-2.2200000286102295
31.090145,"/drivetrain/headingVelocity",-0.4882812201976776
31.090151,"/drivetrain/xAcceleration",0
31.090156,"/drivetrain/yAcceleration",0
31.090161,"/drivetrain/leftOutputLog",0
31.090165,"/drivetrain/rightOutputLog",0
31.09123,"/intake/pos",0
31.091235,"/intake/output",0
31.091442,"/shooter/rpm",0
31.091468,"/shooter/output",0.1
31.091504,"/shooter/hasBall",true
31.091551,"/shooter/temperature",40
31.091704,"/climber/rightPos",0
31.10941,"/drivetrain/leftPos",0
31.109586,"/drivetrain/leftVelocity",0
31.109608,"/drivetrain/rightPos",0
31.109622,"/drivetrain/rightVelocity",0
31.109672,"/drivetrain/heading",-2.2200000286102295
31.109681,"/drivetrain/headingVelocity",0.30517578125
31.109687,"/drivetrain/xAcceleration",-0.003000000026077032
31.109692,"/drivetrain/yAcceleration",-0.006000000052154064
31.109697,"/drivetrain/leftOutputLog",0
31.109701,"/drivetrain/rightOutputLog",0
31.110575,"/intake/pos",0
31.11058,"/intake/output",0
31.110795,"/shooter/rpm",0
31.110815,"/shooter/output",0.1
31.110855,"/shooter/hasBall",true
31.110907,"/shooter/temperature",40
31.111141,"/climber/rightPos",0
31.130034,"/drivetrain/leftPos",0
31.130062,"/drivetrain/leftVelocity",0
31.130082,"/drivetrain/rightPos",0
31.130456,"/drivetrain/rightVelocity",0
31.130696,"/drivetrain/heading",-2.2300000190734863
31.130706,"/drivetrain/headingVelocity",0.54931640625
31.130712,"/drivetrain/xAcceleration",-0.003000000026077032
31.130717,"/drivetrain/yAcceleration",-0.009999999776482582
31.130722,"/drivetrain/leftOutputLog",0
31.130726,"/drivetrain/rightOutputLog",0
31.131019,"/intake/pos",0
31.131024,"/intake/output",0
31.131288,"/shooter/rpm",0
31.131312,"/shooter/output",0.1
31.13135,"/shooter/hasBall",true
31.131396,"/shooter/temperature",40
31.13155,"/climber/rightPos",0
31.151003,"/drivetrain/leftPos",0
31.151021,"/drivetrain/leftVelocity",0
31.151037,"/drivetrain/rightPos",0
31.151049,"/drivetrain/rightVelocity",0
31.151088,"/drivetrain/heading",-2.240000009536743
31.151097,"/drivetrain/headingVelocity",0.54931640625
31.151103,"/drivetrain/xAcceleration",0
31.151108,"/drivetrain/yAcceleration",-0.004999999888241291
31.151113,"/drivetrain/leftOutputLog",0
31.151117,"/drivetrain/rightOutputLog",0
31.151523,"/intake/pos",0
31.151528,"/intake/output",0
31.151736,"/shooter/rpm",0
31.151807,"/shooter/output",0.1
31.151846,"/shooter/hasBall",true
31.151885,"/shooter/temperature",40
31.152116,"/climber/rightPos",0
31.169422,"/drivetrain/leftPos",0
31.169439,"/drivetrain/leftVelocity",0
31.169454,"/drivetrain/rightPos",0
31.169466,"/drivetrain/rightVelocity",0
31.169505,"/drivetrain/heading",-2.240000009536743
31.169514,"/drivetrain/headingVelocity",0.1220703050494194
31.169519,"/drivetrain/xAcceleration",0
31.169524,"/drivetrain/yAcceleration",0.004000000189989805
31.169529,"/drivetrain/leftOutputLog",0
31.169533,"/drivetrain/rightOutputLog",0
31.169719,"/intake/pos",0
31.169724,"/intake/output",0
31.170001,"/shooter/rpm",0
31.170024,"/shooter/output",0.1
31.170058,"/shooter/hasBall",true
31.170083,"/shooter/temperature",40
31.170232,"/climber/rightPos",0
31.189379,"/drivetrain/leftPos",0
31.1894,"/drivetrain/leftVelocity",0
31.18954,"/drivetrain/rightPos",0
31.189556,"/drivetrain/rightVelocity",0
31.189606,"/drivetrain/heading",-2.25
31.189617,"/drivetrain/headingVelocity",0.0610351525247097
31.189623,"/drivetrain/xAcceleration",0.003000000026077032
31.189629,"/drivetrain/yAcceleration",0.00800000037997961
31.189635,"/drivetrain/leftOutputLog",0
31.189639,"/drivetrain/rightOutputLog",0
31.190006,"/intake/pos",0
31.190011,"/intake/output",0
31.190389,"/shooter/rpm",0
31.190419,"/shooter/output",0.1
31.190458,"/shooter/hasBall",true
31.190498,"/shooter/temperature",40
31.190929,"/climber/rightPos",0
31.209521,"/drivetrain/leftPos",0
31.20954,"/drivetrain/leftVelocity",0
31.209557,"/drivetrain/rightPos",0
31.209568,"/drivetrain/rightVelocity",0
31.210048,"/drivetrain/heading",-2.25
31.210061,"/drivetrain/headingVelocity",0
31.210066,"/drivetrain/xAcceleration",0.004000000189989805
31.210071,"/drivetrain/yAcceleration",0.00800000037997961
31.210077,"/drivetrain/leftOutputLog",0
31.210081,"/drivetrain/rightOutputLog",0
31.210355,"/intake/pos",0
31.21036,"/intake/output",0
31.210824,"/shooter/rpm",0
31.210896,"/shooter/output",0.1
31.210943,"/shooter/hasBall",true
31.210987,"/shooter/temperature",40
31.211194,"/climber/rightPos",0
31.230066,"/drivetrain/leftPos",0
31.230086,"/drivetrain/leftVelocity",0
31.230102,"/drivetrain/rightPos",0
31.230113,"/drivetrain/rightVelocity",0
31.230166,"/drivetrain/heading",-2.240000009536743
31.230177,"/drivetrain/headingVelocity",-0.1220703050494194
31.230183,"/drivetrain/xAcceleration",-0.004999999888241291
31.230188,"/drivetrain/yAcceleration",-0.004999999888241291
31.230194,"/drivetrain/leftOutputLog",0
31.230198,"/drivetrain/rightOutputLog",0
31.230618,"/intake/pos",0
31.230623,"/intake/output",0
31.230903,"/shooter/rpm",0
31.230926,"/shooter/output",0.1
31.230963,"/shooter/hasBall",true
31.230994,"/shooter/temperature",40
31.231183,"/climber/rightPos",0
31.249397,"/drivetrain/leftPos",0
31.249417,"/drivetrain/leftVelocity",0
31.249569,"/drivetrain/rightPos",0
31.24959,"/drivetrain/rightVelocity",0
31.24964,"/drivetrain/heading",-2.240000009536743
31.249651,"/drivetrain/headingVelocity",-0.1220703050494194
31.249658,"/drivetrain/xAcceleration",-0.004000000189989805
31.249664,"/drivetrain/yAcceleration",-0.00800000037997961
31.249669,"/drivetrain/leftOutputLog",0
31.249673,"/drivetrain/rightOutputLog",0
31.250227,"/intake/pos",0
31.250235,"/intake/output",0
31.250812,"/shooter/rpm",0
31.250841,"/shooter/output",0.1
31.250899,"/shooter/hasBall",true
31.250927,"/shooter/temperature",40
31.25121,"/climber/rightPos",0
31.269264,"/drivetrain/leftPos",0
31.269283,"/drivetrain/leftVelocity",0
31.269299,"/drivetrain/rightPos",0
31.269311,"/drivetrain/rightVelocity",0
31.269347,"/drivetrain/heading",-2.240000009536743
31.269355,"/drivetrain/headingVelocity",-0.1220703050494194
31.269361,"/drivetrain/xAcceleration",0
31.269366,"/drivetrain/yAcceleration",-0.006000000052154064
31.269371,"/drivetrain/leftOutputLog",0
31.269375,"/drivetrain/rightOutputLog",0
31.269605,"/intake/pos",0
31.269609,"/intake/output",0
31.270049,"/shooter/rpm",0
31.270081,"/shooter/output",0.1
31.270122,"/shooter/hasBall",true
31.270148,"/shooter/temperature",40
31.270627,"/climber/rightPos",0
31.289429,"/drivetrain/leftPos",0
31.28945,"/drivetrain/leftVelocity",0
31.289469,"/drivetrain/rightPos",0
31.289481,"/drivetrain/rightVelocity",0
31.290263,"/drivetrain/heading",-2.240000009536743
31.290275,"/drivetrain/headingVelocity",0.1831054538488388
31.290281,"/drivetrain/xAcceleration",0
31.290286,"/drivetrain/yAcceleration",0
31.290292,"/drivetrain/leftOutputLog",0
31.290296,"/drivetrain/rightOutputLog",0
31.29142,"/intake/pos",0
31.291426,"/intake/output",0
31.294945,"/shooter/rpm",0
31.294983,"/shooter/output",0.1
31.295046,"/shooter/hasBall",true
31.295111,"/shooter/temperature",40
31.295326,"/climber/rightPos",0
31.310319,"/drivetrain/leftPos",0
31.310337,"/drivetrain/leftVelocity",0
31.310353,"/drivetrain/rightPos",0
31.310365,"/drivetrain/rightVelocity",0
31.310399,"/drivetrain/heading",-2.25
31.310409,"/drivetrain/headingVelocity",0.1831054538488388
31.310415,"/drivetrain/xAcceleration",0
31.310421,"/drivetrain/yAcceleration",0
31.310425,"/drivetrain/leftOutputLog",0
31.310429,"/drivetrain/rightOutputLog",0
31.310686,"/intake/pos",0
31.310691,"/intake/output",0
31.310853,"/shooter/rpm",0
31.310918,"/shooter/output",0.1
31.310956,"/shooter/hasBall",true
31.311004,"/shooter/temperature",40
31.311159,"/climber/rightPos",0
31.32926,"/drivetrain/leftPos",0
31.329278,"/drivetrain/leftVelocity",0
31.329294,"/drivetrain/rightPos",0
31.329306,"/drivetrain/rightVelocity",0
31.329342,"/drivetrain/heading",-2.25
31.32935,"/drivetrain/headingVelocity",0.0610351525247097
31.329356,"/drivetrain/xAcceleration",0
31.329361,"/drivetrain/yAcceleration",0.003000000026077032
31.329366,"/drivetrain/leftOutputLog",0
31.329369,"/drivetrain/rightOutputLog",0
31.329566,"/intake/pos",0
31.329571,"/intake/output",0
31.329868,"/shooter/rpm",0
31.329926,"/shooter/output",0.1
31.329967,"/shooter/hasBall",true
31.33001,"/shooter/temperature",40
31.330248,"/climber/rightPos",0
31.349847,"/drivetrain/leftPos",0
31.349865,"/drivetrain/leftVelocity",0
31.349882,"/drivetrain/rightPos",0
31.349894,"/drivetrain/rightVelocity",0
31.349929,"/drivetrain/heading",-2.240000009536743
31.349937,"/drivetrain/headingVelocity",-0.1831054538488388
31.349943,"/drivetrain/xAcceleration",-0.003000000026077032
31.349948,"/drivetrain/yAcceleration",0.004999999888241291
31.349953,"/drivetrain/leftOutputLog",0
31.349957,"/drivetrain/rightOutputLog",0
31.350138,"/intake/pos",0
31.350143,"/intake/output",0
31.350353,"/shooter/rpm",0
31.350413,"/shooter/output",0.1
31.350453,"/shooter/hasBall",true
31.350496,"/shooter/temperature",40
31.350649,"/climber/rightPos",0
31.369305,"/drivetrain/leftPos",0
31.369323,"/drivetrain/leftVelocity",0
31.36934,"/drivetrain/rightPos",0
31.369352,"/drivetrain/rightVelocity",0
31.369394,"/drivetrain/heading",-2.240000009536743
31.369403,"/drivetrain/headingVelocity",-0.30517578125
31.369409,"/drivetrain/xAcceleration",0
31.369414,"/drivetrain/yAcceleration",0.003000000026077032
31.36942,"/drivetrain/leftOutputLog",0
31.369423,"/drivetrain/rightOutputLog",0
31.369611,"/intake/pos",0
31.369616,"/intake/output",0
31.369849,"/shooter/rpm",0
31.369877,"/shooter/output",0.1
31.370153,"/shooter/hasBall",true
31.370226,"/shooter/temperature",40
31.370478,"/climber/rightPos",0
31.389295,"/drivetrain/leftPos",0
31.389312,"/drivetrain/leftVelocity",0
31.389327,"/drivetrain/rightPos",0
31.389339,"/drivetrain/rightVelocity",0
31.389377,"/drivetrain/heading",-2.2300000190734863
31.389386,"/drivetrain/headingVelocity",-0.1831054538488388
31.389392,"/drivetrain/xAcceleration",0
31.389397,"/drivetrain/yAcceleration",0
31.389402,"/drivetrain/leftOutputLog",0
31.389405,"/drivetrain/rightOutputLog",0
31.389585,"/intake/pos",0
31.38959,"/intake/output",0
31.390289,"/shooter/rpm",0
31.390319,"/shooter/output",0.1
31.390365,"/shooter/hasBall",true
31.390411,"/shooter/temperature",40
31.390778,"/climber/rightPos",0
31.410099,"/drivetrain/leftPos",0
31.41012,"/drivetrain/leftVelocity",0
31.410139,"/drivetrain/rightPos",0
31.410151,"/drivetrain/rightVelocity",0
31.410354,"/drivetrain/heading",-2.2300000190734863
31.410364,"/drivetrain/headingVelocity",-0.0610351525247097
31.41037,"/drivetrain/xAcceleration",0
31.410376,"/drivetrain/yAcceleration",-0.004000000189989805
31.410381,"/drivetrain/leftOutputLog",0
31.410385,"/drivetrain/rightOutputLog",0
31.410603,"/intake/pos",0
31.410608,"/intake/output",0
31.410864,"/shooter/rpm",0
31.410888,"/shooter/output",0.1
31.410965,"/shooter/hasBall",true
31.411013,"/shooter/temperature",40
31.411169,"/climber/rightPos",0
31.429234,"/drivetrain/leftPos",0
31.42925,"/drivetrain/leftVelocity",0
31.429266,"/drivetrain/rightPos",0
31.429277,"/drivetrain/rightVelocity",0
31.429316,"/drivetrain/heading",-2.2300000190734863
31.429325,"/drivetrain/headingVelocity",0
31.429331,"/drivetrain/xAcceleration",0
31.429335,"/drivetrain/yAcceleration",-0.004000000189989805
31.42934,"/drivetrain/leftOutputLog",0
31.429344,"/drivetrain/rightOutputLog",0
31.429542,"/intake/pos",0
31.429548,"/intake/output",0
31.430272,"/shooter/rpm",0
31.430307,"/shooter/output",0.1
31.430355,"/shooter/hasBall",true
31.430381,"/shooter/temperature",40
31.430818,"/climber/rightPos",0
31.450162,"/drivetrain/leftPos",0
31.450208,"/drivetrain/leftVelocity",0
31.45023,"/drivetrain/rightPos",0
31.450244,"/drivetrain/rightVelocity",0
31.450287,"/drivetrain/heading",-2.2300000190734863
31.450295,"/drivetrain/headingVelocity",0
31.450301,"/drivetrain/xAcceleration",0
31.450306,"/drivetrain/yAcceleration",0
31.450312,"/drivetrain/leftOutputLog",0
31.450315,"/drivetrain/rightOutputLog",0
31.450834,"/intake/pos",0
31.45084,"/intake/output",0
31.451048,"/shooter/rpm",0
31.451074,"/shooter/output",0.1
31.451159,"/shooter/hasBall",true
31.451208,"/shooter/temperature",40
31.451505,"/climber/rightPos",0
31.469789,"/drivetrain/leftPos",0
31.46981,"/drivetrain/leftVelocity",0
31.469827,"/drivetrain/rightPos",0
31.469839,"/drivetrain/rightVelocity",0
31.469889,"/drivetrain/heading",-2.2300000190734863
31.4699,"/drivetrain/headingVelocity",0
31.469906,"/drivetrain/xAcceleration",0
31.469912,"/drivetrain/yAcceleration",0.004000000189989805
31.469917,"/drivetrain/leftOutputLog",0
31.469921,"/drivetrain/rightOutputLog",0
31.470223,"/intake/pos",0
31.470229,"/intake/output",0
31.470418,"/shooter/rpm",0
31.470441,"/shooter/output",0.1
31.470479,"/shooter/hasBall",true
31.470505,"/shooter/temperature",40
31.47066,"/climber/rightPos",0
31.489437,"/drivetrain/leftPos",0
31.489453,"/drivetrain/leftVelocity",0
31.489468,"/drivetrain/rightPos",0
31.48948,"/drivetrain/rightVelocity",0
31.489525,"/drivetrain/heading",-2.2300000190734863
31.489533,"/drivetrain/headingVelocity",0
31.48954,"/drivetrain/xAcceleration",0
31.489545,"/drivetrain/yAcceleration",0
31.489549,"/drivetrain/leftOutputLog",0
31.489553,"/drivetrain/rightOutputLog",0
31.489857,"/intake/pos",0
31.489862,"/intake/output",0
31.490306,"/shooter/rpm",0
31.490339,"/shooter/output",0.1
31.490669,"/shooter/hasBall",true
31.490712,"/shooter/temperature",40
31.491205,"/climber/rightPos",0
31.509271,"/drivetrain/leftPos",0
31.509289,"/drivetrain/leftVelocity",0
31.509305,"/drivetrain/rightPos",0
31.509316,"/drivetrain/rightVelocity",0
31.509351,"/drivetrain/heading",-2.2300000190734863
31.50936,"/drivetrain/headingVelocity",0
31.509365,"/drivetrain/xAcceleration",0.003000000026077032
31.50937,"/drivetrain/yAcceleration",0
31.509375,"/drivetrain/leftOutputLog",0
31.509379,"/drivetrain/rightOutputLog",0
31.50957,"/intake/pos",0
31.509575,"/intake/output",0
31.509786,"/shooter/rpm",0
31.509813,"/shooter/output",0.1
31.509849,"/shooter/hasBall",true
31.509876,"/shooter/temperature",40
31.510047,"/climber/rightPos",0
31.529334,"/drivetrain/leftPos",0
31.529352,"/drivetrain/leftVelocity",0
31.529367,"/drivetrain/rightPos",0
31.529379,"/drivetrain/rightVelocity",0
31.529418,"/drivetrain/heading",-2.2300000190734863
31.529427,"/drivetrain/headingVelocity",0
31.529433,"/drivetrain/xAcceleration",0
31.529438,"/drivetrain/yAcceleration",0
31.529443,"/drivetrain/leftOutputLog",0
31.529447,"/drivetrain/rightOutputLog",0
31.529624,"/intake/pos",0
31.529629,"/intake/output",0
31.529833,"/shooter/rpm",0
31.529899,"/shooter/output",0.1
31.529939,"/shooter/hasBall",true
31.529963,"/shooter/temperature",40
31.530179,"/climber/rightPos",0
31.549745,"/drivetrain/leftPos",0
31.549764,"/drivetrain/leftVelocity",0
31.549783,"/drivetrain/rightPos",0
31.549794,"/drivetrain/rightVelocity",0
31.549839,"/drivetrain/heading",-2.2300000190734863
31.549849,"/drivetrain/headingVelocity",0.1220703050494194
31.549855,"/drivetrain/xAcceleration",0
31.549861,"/drivetrain/yAcceleration",0
31.549866,"/drivetrain/leftOutputLog",0
31.54987,"/drivetrain/rightOutputLog",0
31.550117,"/intake/pos",0
31.550122,"/intake/output",0
31.55038,"/shooter/rpm",0
31.550409,"/shooter/output",0.1
31.550456,"/shooter/hasBall",true
31.550507,"/shooter/temperature",40
31.550728,"/climber/rightPos",0
31.569784,"/drivetrain/leftPos",0
31.569803,"/drivetrain/leftVelocity",0
31.56982,"/drivetrain/rightPos",0
31.569832,"/drivetrain/rightVelocity",0
31.569876,"/drivetrain/heading",-2.240000009536743
31.569885,"/drivetrain/headingVelocity",0.0610351525247097
31.569891,"/drivetrain/xAcceleration",0
31.569896,"/drivetrain/yAcceleration",0
31.569901,"/drivetrain/leftOutputLog",0
31.569905,"/drivetrain/rightOutputLog",0
31.570338,"/intake/pos",0
31.570343,"/intake/output",0
31.571108,"/shooter/rpm",0
31.571133,"/shooter/output",0.1
31.571178,"/shooter/hasBall",true
31.57123,"/shooter/temperature",40
31.57148,"/climber/rightPos",0
31.58932,"/drivetrain/leftPos",0
31.589337,"/drivetrain/leftVelocity",0
31.589353,"/drivetrain/rightPos",0
31.589364,"/drivetrain/rightVelocity",0
31.589407,"/drivetrain/heading",-2.240000009536743
31.589416,"/drivetrain/headingVelocity",0
31.589422,"/drivetrain/xAcceleration",0
31.589427,"/drivetrain/yAcceleration",0
31.589432,"/drivetrain/leftOutputLog",0
31.589436,"/drivetrain/rightOutputLog",0
31.589774,"/intake/pos",0
31.589779,"/intake/output",0
31.589994,"/shooter/rpm",0
31.590023,"/shooter/output",0.1
31.590309,"/shooter/hasBall",true
31.590373,"/shooter/temperature",40
31.590622,"/climber/rightPos",0
31.609551,"/drivetrain/leftPos",0
31.60957,"/drivetrain/leftVelocity",0
31.609586,"/drivetrain/rightPos",0
31.609597,"/drivetrain/rightVelocity",0
31.609646,"/drivetrain/heading",-2.240000009536743
31.609656,"/drivetrain/headingVelocity",0
31.609663,"/drivetrain/xAcceleration",0
31.609668,"/drivetrain/yAcceleration",0
31.609674,"/drivetrain/leftOutputLog",0
31.609678,"/drivetrain/rightOutputLog",0
31.610075,"/intake/pos",0
31.610081,"/intake/output",0
31.610284,"/shooter/rpm",0
31.610308,"/shooter/output",0.1
31.610344,"/shooter/hasBall",true
31.610387,"/shooter/temperature",40
31.610626,"/climber/rightPos",0
31.629823,"/drivetrain/leftPos",0
31.629851,"/drivetrain/leftVelocity",0
31.62987,"/drivetrain/rightPos",0
31.629882,"/drivetrain/rightVelocity",0
31.629927,"/drivetrain/heading",-2.240000009536743
31.629936,"/drivetrain/headingVelocity",0
31.630104,"/drivetrain/xAcceleration",0.003000000026077032
31.63011,"/drivetrain/yAcceleration",0
31.630115,"/drivetrain/leftOutputLog",0
31.630119,"/drivetrain/rightOutputLog",0
31.630349,"/intake/pos",0
31.630354,"/intake/output",0
31.630802,"/shooter/rpm",0
31.630848,"/shooter/output",0.1
31.630889,"/shooter/hasBall",true
31.631244,"/shooter/temperature",40
31.631434,"/climber/rightPos",0
31.650841,"/drivetrain/leftPos",0
31.650858,"/drivetrain/leftVelocity",0
31.650873,"/drivetrain/rightPos",0
31.650886,"/drivetrain/rightVelocity",0
31.650922,"/drivetrain/heading",-2.2300000190734863
31.650931,"/drivetrain/headingVelocity",-0.1831054538488388
31.650937,"/drivetrain/xAcceleration",0
31.650943,"/drivetrain/yAcceleration",0
31.650948,"/drivetrain/leftOutputLog",0
31.650951,"/drivetrain/rightOutputLog",0
31.651175,"/intake/pos",0
31.651179,"/intake/output",0
31.651399,"/shooter/rpm",0
31.651422,"/shooter/output",0.1
31.651457,"/shooter/hasBall",true
31.651493,"/shooter/temperature",40
31.651663,"/climber/rightPos",0
31.669697,"/drivetrain/leftPos",0
31.670337,"/drivetrain/leftVelocity",0
31.670364,"/drivetrain/rightPos",0
31.670378,"/drivetrain/rightVelocity",0
31.670425,"/drivetrain/heading",-2.2300000190734863
31.670436,"/drivetrain/headingVelocity",-0.30517578125
31.670442,"/drivetrain/xAcceleration",0
31.670447,"/drivetrain/yAcceleration",0
31.670452,"/drivetrain/leftOutputLog",0
31.670456,"/drivetrain/rightOutputLog",0
31.67081,"/intake/pos",0
31.670815,"/intake/output",0
31.671097,"/shooter/rpm",0
31.67112,"/shooter/output",0.1
31.671157,"/shooter/hasBall",true
31.671195,"/shooter/temperature",40
31.671431,"/climber/rightPos",0
31.69059,"/drivetrain/leftPos",0
31.690608,"/drivetrain/leftVelocity",0
31.690624,"/drivetrain/rightPos",0
31.690663,"/drivetrain/rightVelocity",0
31.690701,"/drivetrain/heading",-2.2200000286102295
31.690712,"/drivetrain/headingVelocity",-0.2441406100988388
31.690718,"/drivetrain/xAcceleration",0
31.690723,"/drivetrain/yAcceleration",0
31.690728,"/drivetrain/leftOutputLog",0
31.690732,"/drivetrain/rightOutputLog",0
31.691088,"/intake/pos",0
31.691093,"/intake/output",0
31.691277,"/shooter/rpm",0
31.691301,"/shooter/output",0.1
31.691336,"/shooter/hasBall",true
31.691373,"/shooter/temperature",40
31.691594,"/climber/rightPos",0
31.710007,"/drivetrain/leftPos",0
31.71003,"/drivetrain/leftVelocity",0
31.710049,"/drivetrain/rightPos",0
31.710061,"/drivetrain/rightVelocity",0
31.710109,"/drivetrain/heading",-2.2200000286102295
31.710119,"/drivetrain/headingVelocity",0.0610351525247097
31.710125,"/drivetrain/xAcceleration",0
31.71013,"/drivetrain/yAcceleration",-0.004999999888241291
31.710136,"/drivetrain/leftOutputLog",0
31.71014,"/drivetrain/rightOutputLog",0
31.710464,"/intake/pos",0
31.710469,"/intake/output",0
31.710672,"/shooter/rpm",0
31.710747,"/shooter/output",0.1
31.710786,"/shooter/hasBall",true
31.71081,"/shooter/temperature",40
31.711019,"/climber/rightPos",0
31.730422,"/drivetrain/leftPos",0
31.730438,"/drivetrain/leftVelocity",0
31.730453,"/drivetrain/rightPos",0
31.730466,"/drivetrain/rightVelocity",0
31.7305,"/drivetrain/heading",-2.2200000286102295
31.730509,"/drivetrain/headingVelocity",0.2441406100988388
31.730515,"/drivetrain/xAcceleration",-0.004000000189989805
31.73052,"/drivetrain/yAcceleration",-0.007000000216066837
31.730525,"/drivetrain/leftOutputLog",0
31.730529,"/drivetrain/rightOutputLog",0
31.730775,"/intake/pos",0
31.73078,"/intake/output",0
31.731005,"/shooter/rpm",0
31.731027,"/shooter/output",0.1
31.731061,"/shooter/hasBall",true
31.731092,"/shooter/temperature",40
31.731282,"/climber/rightPos",0
31.750399,"/drivetrain/leftPos",0
31.750417,"/drivetrain/leftVelocity",0
31.750434,"/drivetrain/rightPos",0
31.750445,"/drivetrain/rightVelocity",0
31.750492,"/drivetrain/heading",-2.2300000190734863
31.750503,"/drivetrain/headingVelocity",0.2441406100988388
31.75051,"/drivetrain/xAcceleration",0
31.750515,"/drivetrain/yAcceleration",0
31.750521,"/drivetrain/leftOutputLog",0
31.750525,"/drivetrain/rightOutputLog",0
31.75087,"/intake/pos",0
31.750875,"/intake/output",0
31.751165,"/shooter/rpm",0
31.751188,"/shooter/output",0.1
31.751225,"/shooter/hasBall",true
31.751295,"/shooter/temperature",40
31.751467,"/climber/rightPos",0
31.769262,"/drivetrain/leftPos",0
31.769279,"/drivetrain/leftVelocity",0
31.769293,"/drivetrain/rightPos",0
31.769304,"/drivetrain/rightVelocity",0
31.769345,"/drivetrain/heading",-2.240000009536743
31.769353,"/drivetrain/headingVelocity",0.1831054538488388
31.769359,"/drivetrain/xAcceleration",0.003000000026077032
31.769364,"/drivetrain/yAcceleration",0.003000000026077032
31.769369,"/drivetrain/leftOutputLog",0
31.769372,"/drivetrain/rightOutputLog",0
31.769574,"/intake/pos",0
31.769579,"/intake/output",0
31.769755,"/shooter/rpm",0
31.769778,"/shooter/output",0.1
31.769812,"/shooter/hasBall",true
31.769836,"/shooter/temperature",40
31.770101,"/climber/rightPos",0
31.789927,"/drivetrain/leftPos",0
31.789945,"/drivetrain/leftVelocity",0
31.789961,"/drivetrain/rightPos",0
31.789973,"/drivetrain/rightVelocity",0
31.790005,"/drivetrain/heading",-2.240000009536743
31.790014,"/drivetrain/headingVelocity",0.1220703050494194
31.790019,"/drivetrain/xAcceleration",0.003000000026077032
31.790024,"/drivetrain/yAcceleration",0
31.79003,"/drivetrain/leftOutputLog",0
31.790033,"/drivetrain/rightOutputLog",0
31.790225,"/intake/pos",0
31.79023,"/intake/output",0
31.79044,"/shooter/rpm",0
31.790458,"/shooter/output",0.1
31.790493,"/shooter/hasBall",true
31.790534,"/shooter/temperature",40
31.790696,"/climber/rightPos",0
31.809586,"/drivetrain/leftPos",0
31.809606,"/drivetrain/leftVelocity",0
31.809624,"/drivetrain/rightPos",0
31.809636,"/drivetrain/rightVelocity",0
31.809677,"/drivetrain/heading",-2.240000009536743
31.809686,"/drivetrain/headingVelocity",0
31.809691,"/drivetrain/xAcceleration",0.003000000026077032
31.809696,"/drivetrain/yAcceleration",0
31.809702,"/drivetrain/leftOutputLog",0
31.809706,"/drivetrain/rightOutputLog",0
31.810022,"/intake/pos",0
31.810027,"/intake/output",0
31.810232,"/shooter/rpm",0
31.810259,"/shooter/output",0.1
31.810296,"/shooter/hasBall",true
31.810341,"/shooter/temperature",40
31.810552,"/climber/rightPos",0
31.829669,"/drivetrain/leftPos",0
31.829688,"/drivetrain/leftVelocity",0
31.829707,"/drivetrain/rightPos",0
31.829721,"/drivetrain/rightVelocity",0
31.829758,"/drivetrain/heading",-2.240000009536743
31.829766,"/drivetrain/headingVelocity",-0.0610351525247097
31.829772,"/drivetrain/xAcceleration",0
31.829777,"/drivetrain/yAcceleration",0
31.829782,"/drivetrain/leftOutputLog",0
31.829786,"/drivetrain/rightOutputLog",0
31.829999,"/intake/pos",0
31.830004,"/intake/output",0
31.830213,"/shooter/rpm",0
31.830237,"/shooter/output",0.1
31.830273,"/shooter/hasBall",true
31.830317,"/shooter/temperature",40
31.830492,"/climber/rightPos",0
31.849274,"/drivetrain/leftPos",0
31.849292,"/drivetrain/leftVelocity",0
31.849308,"/drivetrain/rightPos",0
31.849319,"/drivetrain/rightVelocity",0
31.849364,"/drivetrain/heading",-2.240000009536743
31.849374,"/drivetrain/headingVelocity",-0.0610351525247097
31.84938,"/drivetrain/xAcceleration",0
31.849385,"/drivetrain/yAcceleration",0
31.84939,"/drivetrain/leftOutputLog",0
31.849394,"/drivetrain/rightOutputLog",0
31.849714,"/intake/pos",0
31.849719,"/intake/output",0
31.85003,"/shooter/rpm",0
31.850057,"/shooter/output",0.1
31.850096,"/shooter/hasBall",true
31.850142,"/shooter/temperature",40
31.850322,"/climber/rightPos",0
31.870375,"/drivetrain/leftPos",0
31.870392,"/drivetrain/leftVelocity",0
31.870408,"/drivetrain/rightPos",0
31.87042,"/drivetrain/rightVelocity",0
31.870455,"/drivetrain/heading",-2.2300000190734863
31.870465,"/drivetrain/headingVelocity",-0.0610351525247097
31.870471,"/drivetrain/xAcceleration",0
31.870477,"/drivetrain/yAcceleration",-0.006000000052154064
31.870482,"/drivetrain/leftOutputLog",0
31.870486,"/drivetrain/rightOutputLog",0
31.870823,"/intake/pos",0
31.870828,"/intake/output",0
31.871013,"/shooter/rpm",0
31.871039,"/shooter/output",0.1
31.871076,"/shooter/hasBall",true
31.87112,"/shooter/temperature",40
31.871352,"/climber/rightPos",0
31.88976,"/drivetrain/leftPos",0
31.889777,"/drivetrain/leftVelocity",0
31.889793,"/drivetrain/rightPos",0
31.889805,"/drivetrain/rightVelocity",0
31.889836,"/drivetrain/heading",-2.2300000190734863
31.889845,"/drivetrain/headingVelocity",0
31.889851,"/drivetrain/xAcceleration",0
31.889856,"/drivetrain/yAcceleration",0.004999999888241291
31.889861,"/drivetrain/leftOutputLog",0
31.889865,"/drivetrain/rightOutputLog",0
31.890084,"/intake/pos",0
31.890089,"/intake/output",0
31.890272,"/shooter/rpm",0
31.890294,"/shooter/output",0.1
31.890327,"/shooter/hasBall",true
31.890367,"/shooter/temperature",40
31.890518,"/climber/rightPos",0
31.909519,"/drivetrain/leftPos",0
31.909551,"/drivetrain/leftVelocity",0
31.90957,"/drivetrain/rightPos",0
31.909583,"/drivetrain/rightVelocity",0
31.909631,"/drivetrain/heading",-2.2300000190734863
31.90964,"/drivetrain/headingVelocity",-0.0610351525247097
31.909646,"/drivetrain/xAcceleration",0
31.909652,"/drivetrain/yAcceleration",0
31.909658,"/drivetrain/leftOutputLog",0
31.909661,"/drivetrain/rightOutputLog",0
31.910066,"/intake/pos",0
31.910071,"/intake/output",0
31.910263,"/shooter/rpm",0
31.910284,"/shooter/output",0.1
31.910319,"/shooter/hasBall",true
31.910358,"/shooter/temperature",40
31.910527,"/climber/rightPos",0
31.930729,"/drivetrain/leftPos",0
31.930748,"/drivetrain/leftVelocity",0
31.930765,"/drivetrain/rightPos",0
31.930776,"/drivetrain/rightVelocity",0
31.930809,"/drivetrain/heading",-2.2300000190734863
31.930818,"/drivetrain/headingVelocity",0
31.930823,"/drivetrain/xAcceleration",0
31.930829,"/drivetrain/yAcceleration",0
31.930833,"/drivetrain/leftOutputLog",0
31.930837,"/drivetrain/rightOutputLog",0
31.93105,"/intake/pos",0
31.931055,"/intake/output",0
31.931309,"/shooter/rpm",0
31.93133,"/shooter/output",0.1
31.931367,"/shooter/hasBall",true
31.931405,"/shooter/temperature",40
31.931575,"/climber/rightPos",0
31.949269,"/drivetrain/leftPos",0
31.949287,"/drivetrain/leftVelocity",0
31.949302,"/drivetrain/rightPos",0
31.949314,"/drivetrain/rightVelocity",0
31.949355,"/drivetrain/heading",-2.2300000190734863
31.949364,"/drivetrain/headingVelocity",-0.0610351525247097
31.949369,"/drivetrain/xAcceleration",-0.003000000026077032
31.949374,"/drivetrain/yAcceleration",-0.004000000189989805
31.949379,"/drivetrain/leftOutputLog",0
31.949383,"/drivetrain/rightOutputLog",0
31.94958,"/intake/pos",0
31.949585,"/intake/output",0
31.94981,"/shooter/rpm",0
31.949835,"/shooter/output",0.1
31.950017,"/shooter/hasBall",true
31.950055,"/shooter/temperature",40
31.950302,"/climber/rightPos",0
31.969853,"/drivetrain/leftPos",0
31.969875,"/drivetrain/leftVelocity",0
31.969892,"/drivetrain/rightPos",0
31.969903,"/drivetrain/rightVelocity",0
31.969949,"/drivetrain/heading",-2.2300000190734863
31.96996,"/drivetrain/headingVelocity",0
31.969966,"/drivetrain/xAcceleration",-0.003000000026077032
31.969971,"/drivetrain/yAcceleration",0
31.969976,"/drivetrain/leftOutputLog",0
31.96998,"/drivetrain/rightOutputLog",0
31.970584,"/intake/pos",0
31.970591,"/intake/output",0
31.970865,"/shooter/rpm",0
31.97089,"/shooter/output",0.1
31.970929,"/shooter/hasBall",true
31.970963,"/shooter/temperature",40
31.971191,"/climber/rightPos",0
31.989998,"/drivetrain/leftPos",0
31.990016,"/drivetrain/leftVelocity",0
31.990033,"/drivetrain/rightPos",0
31.990045,"/drivetrain/rightVelocity",0
31.99009,"/drivetrain/heading",-2.2300000190734863
31.990099,"/drivetrain/headingVelocity",0.1831054538488388
31.990105,"/drivetrain/xAcceleration",0
31.99011,"/drivetrain/yAcceleration",0
31.990115,"/drivetrain/leftOutputLog",0
31.990119,"/drivetrain/rightOutputLog",0
31.990333,"/intake/pos",0
31.990338,"/intake/output",0
31.99054,"/shooter/rpm",0
31.990565,"/shooter/output",0.1
31.990602,"/shooter/hasBall",true
31.990627,"/shooter/temperature",40
31.990823,"/climber/rightPos",0
32.01005,"/drivetrain/leftPos",0
32.010067,"/drivetrain/leftVelocity",0
32.010081,"/drivetrain/rightPos",0
32.010093,"/drivetrain/rightVelocity",0
32.010124,"/drivetrain/heading",-2.240000009536743
32.010132,"/drivetrain/headingVelocity",0.1831054538488388
32.010138,"/drivetrain/xAcceleration",0
32.010143,"/drivetrain/yAcceleration",-0.003000000026077032
32.010147,"/drivetrain/leftOutputLog",0
32.010151,"/drivetrain/rightOutputLog",0
32.010356,"/intake/pos",0
32.010361,"/intake/output",0
32.010581,"/shooter/rpm",0
32.010604,"/shooter/output",0.1
32.010638,"/shooter/hasBall",true
32.010662,"/shooter/temperature",40
32.01086,"/climber/rightPos",0
32.030307,"/drivetrain/leftPos",0
32.030336,"/drivetrain/leftVelocity",0
32.030353,"/drivetrain/rightPos",0
32.030554,"/drivetrain/rightVelocity",0
32.030595,"/drivetrain/heading",-2.240000009536743
32.030604,"/drivetrain/headingVelocity",0.0610351525247097
32.030609,"/drivetrain/xAcceleration",0
32.030614,"/drivetrain/yAcceleration",0
32.030619,"/drivetrain/leftOutputLog",0
32.030623,"/drivetrain/rightOutputLog",0
32.030934,"/intake/pos",0
32.030939,"/intake/output",0
32.031282,"/shooter/rpm",0
32.031306,"/shooter/output",0.1
32.031345,"/shooter/hasBall",true
32.031388,"/shooter/temperature",40
32.031596,"/climber/rightPos",0
32.049293,"/drivetrain/leftPos",0
32.04931,"/drivetrain/leftVelocity",0
32.049325,"/drivetrain/rightPos",0
32.049336,"/drivetrain/rightVelocity",0
32.049374,"/drivetrain/heading",-2.240000009536743
32.049383,"/drivetrain/headingVelocity",-0.0610351525247097
32.049389,"/drivetrain/xAcceleration",0
32.049394,"/drivetrain/yAcceleration",0.003000000026077032
32.0494,"/drivetrain/leftOutputLog",0
32.049404,"/drivetrain/rightOutputLog",0
32.049939,"/intake/pos",0
32.049945,"/intake/output",0
32.050296,"/shooter/rpm",0
32.050326,"/shooter/output",0.1
32.050768,"/shooter/hasBall",true
32.050839,"/shooter/temperature",40
32.051029,"/climber/rightPos",0
32.069463,"/drivetrain/leftPos",0
32.06948,"/drivetrain/leftVelocity",0
32.069496,"/drivetrain/rightPos",0
32.069508,"/drivetrain/rightVelocity",0
32.069553,"/drivetrain/heading",-2.240000009536743
32.069562,"/drivetrain/headingVelocity",0
32.069568,"/drivetrain/xAcceleration",0
32.069573,"/drivetrain/yAcceleration",0
32.069578,"/drivetrain/leftOutputLog",0
32.069582,"/drivetrain/rightOutputLog",0
32.069952,"/intake/pos",0
32.069957,"/intake/output",0
32.070568,"/shooter/rpm",0
32.070587,"/shooter/output",0.1
32.070626,"/shooter/hasBall",true
32.070692,"/shooter/temperature",40
32.070853,"/climber/rightPos",0
32.089272,"/drivetrain/leftPos",0
32.089288,"/drivetrain/leftVelocity",0
32.089304,"/drivetrain/rightPos",0
32.089315,"/drivetrain/rightVelocity",0
32.089355,"/drivetrain/heading",-2.240000009536743
32.089364,"/drivetrain/headingVelocity",0
32.089369,"/drivetrain/xAcceleration",0
32.089374,"/drivetrain/yAcceleration",0
32.089379,"/drivetrain/leftOutputLog",0
32.089383,"/drivetrain/rightOutputLog",0
32.089674,"/intake/pos",0
32.089683,"/intake/output",0
32.089876,"/shooter/rpm",0
32.089899,"/shooter/output",0.1
32.089931,"/shooter/hasBall",true
32.089974,"/shooter/temperature",40
32.090116,"/climber/rightPos",0
32.111383,"/drivetrain/leftPos",0
32.111414,"/drivetrain/leftVelocity",0
32.111432,"/drivetrain/rightPos",0
32.111445,"/drivetrain/rightVelocity",0
32.111478,"/drivetrain/heading",-2.2300000190734863
32.111487,"/drivetrain/headingVelocity",-0.30517578125
32.111492,"/drivetrain/xAcceleration",-0.004000000189989805
32.111498,"/drivetrain/yAcceleration",-0.003000000026077032
32.111502,"/drivetrain/leftOutputLog",0
32.111506,"/drivetrain/rightOutputLog",0
32.111785,"/intake/pos",0
32.11179,"/intake/output",0
32.111971,"/shooter/rpm",0
32.111995,"/shooter/output",0.1
32.112031,"/shooter/hasBall",true
32.112074,"/shooter/temperature",40
32.112229,"/climber/rightPos",0
32.129716,"/drivetrain/leftPos",0
32.129734,"/drivetrain/leftVelocity",0
32.12975,"/drivetrain/rightPos",0
32.129761,"/drivetrain/rightVelocity",0
32.129794,"/drivetrain/heading",-2.2200000286102295
32.129803,"/drivetrain/headingVelocity",-0.30517578125
32.129809,"/drivetrain/xAcceleration",0
32.129814,"/drivetrain/yAcceleration",0
32.129819,"/drivetrain/leftOutputLog",0
32.129823,"/drivetrain/rightOutputLog",0
32.130044,"/intake/pos",0
32.130049,"/intake/output",0
32.130263,"/shooter/rpm",0
32.130285,"/shooter/output",0.1
32.130319,"/shooter/hasBall",true
32.130358,"/shooter/temperature",40
32.130508,"/climber/rightPos",0
32.149396,"/drivetrain/leftPos",0
32.149412,"/drivetrain/leftVelocity",0
32.149427,"/drivetrain/rightPos",0
32.149439,"/drivetrain/rightVelocity",0
32.149481,"/drivetrain/heading",-2.2200000286102295
32.14949,"/drivetrain/headingVelocity",0.0610351525247097
32.149495,"/drivetrain/xAcceleration",0.007000000216066837
32.149501,"/drivetrain/yAcceleration",0
32.149505,"/drivetrain/leftOutputLog",0
32.149509,"/drivetrain/rightOutputLog",0
32.14969,"/intake/pos",0
32.149695,"/intake/output",0
32.149899,"/shooter/rpm",0
32.149966,"/shooter/output",0.1
32.150006,"/shooter/hasBall",true
32.150044,"/shooter/temperature",40
32.150515,"/climber/rightPos",0
32.170056,"/drivetrain/leftPos",0
32.170073,"/drivetrain/leftVelocity",0
32.170089,"/drivetrain/rightPos",0
32.1701,"/drivetrain/rightVelocity",0
32.170133,"/drivetrain/heading",-2.240000009536743
32.170141,"/drivetrain/headingVelocity",0.3662109076976776
32.170147,"/drivetrain/xAcceleration",-0.006000000052154064
32.170152,"/drivetrain/yAcceleration",-0.004000000189989805
32.170157,"/drivetrain/leftOutputLog",0
32.170161,"/drivetrain/rightOutputLog",0
32.170358,"/intake/pos",0
32.170363,"/intake/output",0
32.17059,"/shooter/rpm",0
32.170615,"/shooter/output",0.1
32.170651,"/shooter/hasBall",true
32.170689,"/shooter/temperature",40
32.170855,"/climber/rightPos",0
32.189756,"/drivetrain/leftPos",0
32.189777,"/drivetrain/leftVelocity",0
32.189793,"/drivetrain/rightPos",0
32.189806,"/drivetrain/rightVelocity",0
32.189843,"/drivetrain/heading",-2.240000009536743
32.189852,"/drivetrain/headingVelocity",0.0610351525247097
32.189858,"/drivetrain/xAcceleration",0
32.189863,"/drivetrain/yAcceleration",-0.004999999888241291
32.189868,"/drivetrain/leftOutputLog",0
32.189872,"/drivetrain/rightOutputLog",0
32.190061,"/intake/pos",0
32.190066,"/intake/output",0
32.190294,"/shooter/rpm",0
32.190318,"/shooter/output",0.1
32.190354,"/shooter/hasBall",true
32.190384,"/shooter/temperature",40
32.190544,"/climber/rightPos",0
32.209764,"/drivetrain/leftPos",0
32.209782,"/drivetrain/leftVelocity",0
32.209798,"/drivetrain/rightPos",0
32.209809,"/drivetrain/rightVelocity",0
32.209845,"/drivetrain/heading",-2.240000009536743
32.209853,"/drivetrain/headingVelocity",0.0610351525247097
32.209859,"/drivetrain/xAcceleration",0
32.209864,"/drivetrain/yAcceleration",-0.004999999888241291
32.209869,"/drivetrain/leftOutputLog",0
32.209873,"/drivetrain/rightOutputLog",0
32.210061,"/intake/pos",0
32.210066,"/intake/output",0
32.210717,"/shooter/rpm",0
32.210736,"/shooter/output",0.1
32.210778,"/shooter/hasBall",true
32.210805,"/shooter/temperature",40
32.21099,"/climber/rightPos",0
32.229859,"/drivetrain/leftPos",0
32.229875,"/drivetrain/leftVelocity",0
32.22989,"/drivetrain/rightPos",0
32.229901,"/drivetrain/rightVelocity",0
32.229933,"/drivetrain/heading",-2.240000009536743
32.229942,"/drivetrain/headingVelocity",0.0610351525247097
32.229948,"/drivetrain/xAcceleration",0
32.229952,"/drivetrain/yAcceleration",-0.004999999888241291
32.229957,"/drivetrain/leftOutputLog",0
32.229961,"/drivetrain/rightOutputLog",0
32.230211,"/intake/pos",0
32.230217,"/intake/output",0
32.23039,"/shooter/rpm",0
32.230412,"/shooter/output",0.1
32.230446,"/shooter/hasBall",true
32.230469,"/shooter/temperature",40
32.23063,"/climber/rightPos",0
32.251123,"/drivetrain/leftPos",0
32.25114,"/drivetrain/leftVelocity",0
32.251155,"/drivetrain/rightPos",0
32.251166,"/drivetrain/rightVelocity",0
32.251204,"/drivetrain/heading",-2.240000009536743
32.251213,"/drivetrain/headingVelocity",0.0610351525247097
32.251218,"/drivetrain/xAcceleration",0
32.251223,"/drivetrain/yAcceleration",-0.004999999888241291
32.251228,"/drivetrain/leftOutputLog",0
32.251231,"/drivetrain/rightOutputLog",0
32.251489,"/intake/pos",0
32.251494,"/intake/output",0
32.251697,"/shooter/rpm",0
32.251758,"/shooter/output",0.1
32.251797,"/shooter/hasBall",true
32.251839,"/shooter/temperature",40
32.252026,"/climber/rightPos",0
32.269488,"/drivetrain/leftPos",0
32.269505,"/drivetrain/leftVelocity",0
32.26952,"/drivetrain/rightPos",0
32.269533,"/drivetrain/rightVelocity",0
32.2706,"/drivetrain/heading",-2.2300000190734863
32.270614,"/drivetrain/headingVelocity",0
32.270621,"/drivetrain/xAcceleration",0
32.270626,"/drivetrain/yAcceleration",0
32.270632,"/drivetrain/leftOutputLog",0
32.270636,"/drivetrain/rightOutputLog",0
32.270916,"/intake/pos",0
32.270922,"/intake/output",0
32.271204,"/shooter/rpm",0
32.271226,"/shooter/output",0.1
32.271263,"/shooter/hasBall",true
32.271312,"/shooter/temperature",40
32.27148,"/climber/rightPos",0
32.290602,"/drivetrain/leftPos",0
32.290619,"/drivetrain/leftVelocity",0
32.290635,"/drivetrain/rightPos",0
32.290646,"/drivetrain/rightVelocity",0
32.290679,"/drivetrain/heading",-2.2300000190734863
32.290687,"/drivetrain/headingVelocity",-0.0610351525247097
32.290694,"/drivetrain/xAcceleration",-0.003000000026077032
32.290699,"/drivetrain/yAcceleration",0
32.290703,"/drivetrain/leftOutputLog",0
32.290707,"/drivetrain/rightOutputLog",0
32.290921,"/intake/pos",0
32.290926,"/intake/output",0
32.291196,"/shooter/rpm",0
32.291222,"/shooter/output",0.1
32.29126,"/shooter/hasBall",true
32.291306,"/shooter/temperature",40
32.2915,"/climber/rightPos",0
32.31036,"/drivetrain/leftPos",0
32.310377,"/drivetrain/leftVelocity",0
32.310393,"/drivetrain/rightPos",0
32.310405,"/drivetrain/rightVelocity",0
32.310437,"/drivetrain/heading",-2.2300000190734863
32.310446,"/drivetrain/headingVelocity",0
32.310452,"/drivetrain/xAcceleration",-0.003000000026077032
32.310457,"/drivetrain/yAcceleration",-0.003000000026077032
32.310461,"/drivetrain/leftOutputLog",0
32.310465,"/drivetrain/rightOutputLog",0
32.310741,"/intake/pos",0
32.310746,"/intake/output",0
32.31095,"/shooter/rpm",0
32.311012,"/shooter/output",0.1
32.31105,"/shooter/hasBall",true
32.311092,"/shooter/temperature",40
32.31139,"/climber/rightPos",0
32.32948,"/drivetrain/leftPos",0
32.329498,"/drivetrain/leftVelocity",0
32.329514,"/drivetrain/rightPos",0
32.329526,"/drivetrain/rightVelocity",0
32.329575,"/drivetrain/heading",-2.2300000190734863
32.329585,"/drivetrain/headingVelocity",0.1220703050494194
32.329591,"/drivetrain/xAcceleration",0
32.329596,"/drivetrain/yAcceleration",-0.004999999888241291
32.329601,"/drivetrain/leftOutputLog",0
32.329604,"/drivetrain/rightOutputLog",0
32.330076,"/intake/pos",0
32.330081,"/intake/output",0
32.330487,"/shooter/rpm",0
32.330507,"/shooter/output",0.1
32.330544,"/shooter/hasBall",true
32.330591,"/shooter/temperature",40
32.330756,"/climber/rightPos",0
32.349266,"/drivetrain/leftPos",0
32.349283,"/drivetrain/leftVelocity",0
32.349299,"/drivetrain/rightPos",0
32.349311,"/drivetrain/rightVelocity",0
32.349349,"/drivetrain/heading",-2.240000009536743
32.349358,"/drivetrain/headingVelocity",0.1831054538488388
32.349363,"/drivetrain/xAcceleration",0.003000000026077032
32.349368,"/drivetrain/yAcceleration",0
32.349373,"/drivetrain/leftOutputLog",0
32.349377,"/drivetrain/rightOutputLog",0
32.34964,"/intake/pos",0
32.349645,"/intake/output",0
32.349813,"/shooter/rpm",0
32.349836,"/shooter/output",0.1
32.349869,"/shooter/hasBall",true
32.349903,"/shooter/temperature",40
32.35075,"/climber/rightPos",0
32.369439,"/drivetrain/leftPos",0
32.369457,"/drivetrain/leftVelocity",0
32.369475,"/drivetrain/rightPos",0
32.369487,"/drivetrain/rightVelocity",0
32.369537,"/drivetrain/heading",-2.240000009536743
32.369549,"/drivetrain/headingVelocity",0
32.369555,"/drivetrain/xAcceleration",0
32.369561,"/drivetrain/yAcceleration",0.006000000052154064
32.369566,"/drivetrain/leftOutputLog",0
32.36957,"/drivetrain/rightOutputLog",0
32.369999,"/intake/pos",0
32.370005,"/intake/output",0
32.37038,"/shooter/rpm",0
32.370411,"/shooter/output",0.1
32.370449,"/shooter/hasBall",true
32.370487,"/shooter/temperature",40
32.37116,"/climber/rightPos",0
32.389909,"/drivetrain/leftPos",0
32.389928,"/drivetrain/leftVelocity",0
32.389944,"/drivetrain/rightPos",0
32.389956,"/drivetrain/rightVelocity",0
32.390088,"/drivetrain/heading",-2.240000009536743
32.390097,"/drivetrain/headingVelocity",-0.1220703050494194
32.390102,"/drivetrain/xAcceleration",0
32.390107,"/drivetrain/yAcceleration",0.00800000037997961
32.390112,"/drivetrain/leftOutputLog",0
32.390116,"/drivetrain/rightOutputLog",0
32.390326,"/intake/pos",0
32.390331,"/intake/output",0
32.390715,"/shooter/rpm",0
32.39074,"/shooter/output",0.1
32.390779,"/shooter/hasBall",true
32.390816,"/shooter/temperature",40
32.391057,"/climber/rightPos",0
32.409422,"/drivetrain/leftPos",0
32.409439,"/drivetrain/leftVelocity",0
32.409455,"/drivetrain/rightPos",0
32.409467,"/drivetrain/rightVelocity",0
32.409503,"/drivetrain/heading",-2.2300000190734863
32.409512,"/drivetrain/headingVelocity",-0.1220703050494194
32.409518,"/drivetrain/xAcceleration",0
32.409524,"/drivetrain/yAcceleration",0.006000000052154064
32.409529,"/drivetrain/leftOutputLog",0
32.409533,"/drivetrain/rightOutputLog",0
32.409718,"/intake/pos",0
32.409723,"/intake/output",0
32.409926,"/shooter/rpm",0
32.409991,"/shooter/output",0.1
32.410028,"/shooter/hasBall",true
32.410067,"/shooter/temperature",40
32.410291,"/climber/rightPos",0
32.429758,"/drivetrain/leftPos",0
32.429777,"/drivetrain/leftVelocity",0
32.429794,"/drivetrain/rightPos",0
32.429806,"/drivetrain/rightVelocity",0
32.429856,"/drivetrain/heading",-2.240000009536743
32.429867,"/drivetrain/headingVelocity",0.1220703050494194
32.429873,"/drivetrain/xAcceleration",0
32.429878,"/drivetrain/yAcceleration",-0.004999999888241291
32.429883,"/drivetrain/leftOutputLog",0
32.429887,"/drivetrain/rightOutputLog",0
32.430267,"/intake/pos",0
32.430272,"/intake/output",0
32.430571,"/shooter/rpm",0
32.430594,"/shooter/output",0.1
32.430629,"/shooter/hasBall",true
32.430659,"/shooter/temperature",40
32.430824,"/climber/rightPos",0
32.450001,"/drivetrain/leftPos",0
32.450022,"/drivetrain/leftVelocity",0
32.45004,"/drivetrain/rightPos",0
32.450052,"/drivetrain/rightVelocity",0
32.450098,"/drivetrain/heading",-2.240000009536743
32.450108,"/drivetrain/headingVelocity",0.0610351525247097
32.450115,"/drivetrain/xAcceleration",-0.004999999888241291
32.45012,"/drivetrain/yAcceleration",-0.006000000052154064
32.450125,"/drivetrain/leftOutputLog",0
32.450129,"/drivetrain/rightOutputLog",0
32.450352,"/intake/pos",0
32.450357,"/intake/output",0
32.450662,"/shooter/rpm",0
32.450684,"/shooter/output",0.1
32.450723,"/shooter/hasBall",true
32.450748,"/shooter/temperature",40
32.450971,"/climber/rightPos",0
32.469631,"/drivetrain/leftPos",0
32.469649,"/drivetrain/leftVelocity",0
32.469665,"/drivetrain/rightPos",0
32.469677,"/drivetrain/rightVelocity",0
32.469876,"/drivetrain/heading",-2.240000009536743
32.469891,"/drivetrain/headingVelocity",0
32.469898,"/drivetrain/xAcceleration",0.003000000026077032
32.469903,"/drivetrain/yAcceleration",-0.003000000026077032
32.469908,"/drivetrain/leftOutputLog",0
32.469912,"/drivetrain/rightOutputLog",0
32.470327,"/intake/pos",0
32.470332,"/intake/output",0
32.470554,"/shooter/rpm",0
32.47058,"/shooter/output",0.1
32.470619,"/shooter/hasBall",true
32.470644,"/shooter/temperature",40
32.470873,"/climber/rightPos",0
32.489253,"/drivetrain/leftPos",0
32.489271,"/drivetrain/leftVelocity",0
32.489287,"/drivetrain/rightPos",0
32.489298,"/drivetrain/rightVelocity",0
32.489336,"/drivetrain/heading",-2.240000009536743
32.489345,"/drivetrain/headingVelocity",0.1220703050494194
32.489351,"/drivetrain/xAcceleration",0
32.489356,"/drivetrain/yAcceleration",0
32.489361,"/drivetrain/leftOutputLog",0
32.489365,"/drivetrain/rightOutputLog",0
32.48956,"/intake/pos",0
32.489566,"/intake/output",0
32.489734,"/shooter/rpm",0
32.489756,"/shooter/output",0.1
32.489789,"/shooter/hasBall",true
32.489832,"/shooter/temperature",40
32.489988,"/climber/rightPos",0
32.509227,"/drivetrain/leftPos",0
32.509244,"/drivetrain/leftVelocity",0
32.50926,"/drivetrain/rightPos",0
32.509271,"/drivetrain/rightVelocity",0
32.509313,"/drivetrain/heading",-2.240000009536743
32.509322,"/drivetrain/headingVelocity",0.1220703050494194
32.509327,"/drivetrain/xAcceleration",-0.003000000026077032
32.509332,"/drivetrain/yAcceleration",0
32.509337,"/drivetrain/leftOutputLog",0
32.509341,"/drivetrain/rightOutputLog",0
32.509677,"/intake/pos",0
32.509683,"/intake/output",0
32.510118,"/shooter/rpm",0
32.51015,"/shooter/output",0.1
32.510195,"/shooter/hasBall",true
32.510241,"/shooter/temperature",40
32.510606,"/climber/rightPos",0
32.529693,"/drivetrain/leftPos",0
32.52971,"/drivetrain/leftVelocity",0
32.529725,"/drivetrain/rightPos",0
32.529736,"/drivetrain/rightVelocity",0
32.52977,"/drivetrain/heading",-2.25
32.529779,"/drivetrain/headingVelocity",0.1220703050494194
32.529785,"/drivetrain/xAcceleration",0
32.52979,"/drivetrain/yAcceleration",0
32.529794,"/drivetrain/leftOutputLog",0
32.529798,"/drivetrain/rightOutputLog",0
32.530041,"/intake/pos",0
32.530046,"/intake/output",0
32.530244,"/shooter/rpm",0
32.530267,"/shooter/output",0.1
32.530303,"/shooter/hasBall",true
32.530346,"/shooter/temperature",40
32.53056,"/climber/rightPos",0
32.549312,"/drivetrain/leftPos",0
32.549331,"/drivetrain/leftVelocity",0
32.549348,"/drivetrain/rightPos",0
32.54936,"/drivetrain/rightVelocity",0
32.549402,"/drivetrain/heading",-2.240000009536743
32.549411,"/drivetrain/headingVelocity",-0.1220703050494194
32.549417,"/drivetrain/xAcceleration",0
32.549422,"/drivetrain/yAcceleration",0
32.549427,"/drivetrain/leftOutputLog",0
32.549431,"/drivetrain/rightOutputLog",0
32.549637,"/intake/pos",0
32.549642,"/intake/output",0
32.549824,"/shooter/rpm",0
32.549847,"/shooter/output",0.1
32.549891,"/shooter/hasBall",true
32.549933,"/shooter/temperature",40
32.550107,"/climber/rightPos",0
32.569424,"/drivetrain/leftPos",0
32.569442,"/drivetrain/leftVelocity",0
32.569458,"/drivetrain/rightPos",0
32.569469,"/drivetrain/rightVelocity",0
32.569509,"/drivetrain/heading",-2.240000009536743
32.569518,"/drivetrain/headingVelocity",-0.1220703050494194
32.569524,"/drivetrain/xAcceleration",0
32.569529,"/drivetrain/yAcceleration",0
32.569534,"/drivetrain/leftOutputLog",0
32.569538,"/drivetrain/rightOutputLog",0
32.569866,"/intake/pos",0
32.569872,"/intake/output",0
32.570198,"/shooter/rpm",0
32.570228,"/shooter/output",0.1
32.570267,"/shooter/hasBall",true
32.570314,"/shooter/temperature",40
32.570657,"/climber/rightPos",0
32.589254,"/drivetrain/leftPos",0
32.589271,"/drivetrain/leftVelocity",0
32.589286,"/drivetrain/rightPos",0
32.589298,"/drivetrain/rightVelocity",0
32.589336,"/drivetrain/heading",-2.240000009536743
32.589345,"/drivetrain/headingVelocity",-0.0610351525247097
32.589351,"/drivetrain/xAcceleration",0.003000000026077032
32.589356,"/drivetrain/yAcceleration",0
32.58936,"/drivetrain/leftOutputLog",0
32.589364,"/drivetrain/rightOutputLog",0
32.589556,"/intake/pos",0
32.589562,"/intake/output",0
32.58979,"/shooter/rpm",0
32.589813,"/shooter/output",0.1
32.58985,"/shooter/hasBall",true
32.589892,"/shooter/temperature",40
32.590137,"/climber/rightPos",0
32.610157,"/drivetrain/leftPos",0
32.610175,"/drivetrain/leftVelocity",0
32.610192,"/drivetrain/rightPos",0
32.610203,"/drivetrain/rightVelocity",0
32.610238,"/drivetrain/heading",-2.240000009536743
32.610246,"/drivetrain/headingVelocity",0.0610351525247097
32.610251,"/drivetrain/xAcceleration",-0.004000000189989805
32.610256,"/drivetrain/yAcceleration",0
32.610261,"/drivetrain/leftOutputLog",0
32.610265,"/drivetrain/rightOutputLog",0
32.610466,"/intake/pos",0
32.610471,"/intake/output",0
32.610738,"/shooter/rpm",0
32.610761,"/shooter/output",0.1
32.610797,"/shooter/hasBall",true
32.610836,"/shooter/temperature",40
32.611003,"/climber/rightPos",0
32.62996,"/drivetrain/leftPos",0
32.62998,"/drivetrain/leftVelocity",0
32.629997,"/drivetrain/rightPos",0
32.630009,"/drivetrain/rightVelocity",0
32.630045,"/drivetrain/heading",-2.240000009536743
32.630054,"/drivetrain/headingVelocity",0
32.63006,"/drivetrain/xAcceleration",0
32.630065,"/drivetrain/yAcceleration",0
32.630071,"/drivetrain/leftOutputLog",0
32.630074,"/drivetrain/rightOutputLog",0
32.630295,"/intake/pos",0
32.6303,"/intake/output",0
32.630537,"/shooter/rpm",0
32.630562,"/shooter/output",0.1
32.630599,"/shooter/hasBall",true
32.630637,"/shooter/temperature",40
32.630828,"/climber/rightPos",0
32.64932,"/drivetrain/leftPos",0
32.649337,"/drivetrain/leftVelocity",0
32.64941,"/drivetrain/rightPos",0
32.649425,"/drivetrain/rightVelocity",0
32.649466,"/drivetrain/heading",-2.240000009536743
32.649475,"/drivetrain/headingVelocity",0
32.649481,"/drivetrain/xAcceleration",0
32.649486,"/drivetrain/yAcceleration",0
32.649491,"/drivetrain/leftOutputLog",0
32.649495,"/drivetrain/rightOutputLog",0
32.649699,"/intake/pos",0
32.649704,"/intake/output",0
32.649881,"/shooter/rpm",0
32.649904,"/shooter/output",0.1
32.649938,"/shooter/hasBall",true
32.649974,"/shooter/temperature",40
32.650726,"/climber/rightPos",0
32.669936,"/drivetrain/leftPos",0
32.669953,"/drivetrain/leftVelocity",0
32.669969,"/drivetrain/rightPos",0
32.669981,"/drivetrain/rightVelocity",0
32.670027,"/drivetrain/heading",-2.240000009536743
32.670037,"/drivetrain/headingVelocity",0
32.670043,"/drivetrain/xAcceleration",0
32.670049,"/drivetrain/yAcceleration",0
32.670054,"/drivetrain/leftOutputLog",0
32.670058,"/drivetrain/rightOutputLog",0
32.67046,"/intake/pos",0
32.670466,"/intake/output",0
32.670664,"/shooter/rpm",0
32.670688,"/shooter/output",0.1
32.670723,"/shooter/hasBall",true
32.670755,"/shooter/temperature",40
32.670928,"/climber/rightPos",0
32.68936,"/drivetrain/leftPos",0
32.689384,"/drivetrain/leftVelocity",0
32.689402,"/drivetrain/rightPos",0
32.689414,"/drivetrain/rightVelocity",0
32.689467,"/drivetrain/heading",-2.240000009536743
32.689476,"/drivetrain/headingVelocity",0
32.689483,"/drivetrain/xAcceleration",0
32.689489,"/drivetrain/yAcceleration",0
32.689494,"/drivetrain/leftOutputLog",0
32.689744,"/drivetrain/rightOutputLog",0
32.690308,"/intake/pos",0
32.690324,"/intake/output",0
32.690782,"/shooter/rpm",0
32.690803,"/shooter/output",0.1
32.690844,"/shooter/hasBall",true
32.69087,"/shooter/temperature",40
32.691037,"/climber/rightPos",0
32.70966,"/drivetrain/leftPos",0
32.709678,"/drivetrain/leftVelocity",0
32.709695,"/drivetrain/rightPos",0
32.709708,"/drivetrain/rightVelocity",0
32.710016,"/drivetrain/heading",-2.240000009536743
32.710027,"/drivetrain/headingVelocity",0
32.710049,"/drivetrain/xAcceleration",0
32.710055,"/drivetrain/yAcceleration",0
32.710061,"/drivetrain/leftOutputLog",0
32.710065,"/drivetrain/rightOutputLog",0
32.710807,"/intake/pos",0
32.710812,"/intake/output",0
32.712068,"/shooter/rpm",0
32.712098,"/shooter/output",0.1
32.712141,"/shooter/hasBall",true
32.712165,"/shooter/temperature",40
32.712347,"/climber/rightPos",0
32.729988,"/drivetrain/leftPos",0
32.730005,"/drivetrain/leftVelocity",0
32.73002,"/drivetrain/rightPos",0
32.730031,"/drivetrain/rightVelocity",0
32.730062,"/drivetrain/heading",-2.240000009536743
32.730071,"/drivetrain/headingVelocity",0.0610351525247097
32.730077,"/drivetrain/xAcceleration",0
32.730082,"/drivetrain/yAcceleration",0
32.730087,"/drivetrain/leftOutputLog",0
32.730091,"/drivetrain/rightOutputLog",0
32.730306,"/intake/pos",0
32.730311,"/intake/output",0
32.730536,"/shooter/rpm",0
32.73056,"/shooter/output",0.1
32.730599,"/shooter/hasBall",true
32.730652,"/shooter/temperature",40
32.730827,"/climber/rightPos",0
32.749857,"/drivetrain/leftPos",0
32.749878,"/drivetrain/leftVelocity",0
32.749896,"/drivetrain/rightPos",0
32.749909,"/drivetrain/rightVelocity",0
32.750089,"/drivetrain/heading",-2.25
32.750099,"/drivetrain/headingVelocity",0.0610351525247097
32.750105,"/drivetrain/xAcceleration",0
32.75011,"/drivetrain/yAcceleration",-0.003000000026077032
32.750115,"/drivetrain/leftOutputLog",0
32.750119,"/drivetrain/rightOutputLog",0
32.750334,"/intake/pos",0
32.75034,"/intake/output",0
32.750569,"/shooter/rpm",0
32.750638,"/shooter/output",0.1
32.750676,"/shooter/hasBall",true
32.750721,"/shooter/temperature",40
32.751026,"/climber/rightPos",0
32.769471,"/drivetrain/leftPos",0
32.769487,"/drivetrain/leftVelocity",0
32.769503,"/drivetrain/rightPos",0
32.769514,"/drivetrain/rightVelocity",0
32.769555,"/drivetrain/heading",-2.240000009536743
32.769563,"/drivetrain/headingVelocity",0
32.769569,"/drivetrain/xAcceleration",0
32.769574,"/drivetrain/yAcceleration",0
32.769579,"/drivetrain/leftOutputLog",0
32.769583,"/drivetrain/rightOutputLog",0
32.77028,"/intake/pos",0
32.770285,"/intake/output",0
32.770542,"/shooter/rpm",0
32.771198,"/shooter/output",0.1
32.771255,"/shooter/hasBall",true
32.77131,"/shooter/temperature",40
32.771573,"/climber/rightPos",0
32.79015,"/drivetrain/leftPos",0
32.790168,"/drivetrain/leftVelocity",0
32.790184,"/drivetrain/rightPos",0
32.790196,"/drivetrain/rightVelocity",0
32.790819,"/drivetrain/heading",-2.25
32.790828,"/drivetrain/headingVelocity",0
32.790833,"/drivetrain/xAcceleration",0
32.790838,"/drivetrain/yAcceleration",0
32.790843,"/drivetrain/leftOutputLog",0
32.790847,"/drivetrain/rightOutputLog",0
32.791055,"/intake/pos",0
32.79106,"/intake/output",0
32.791323,"/shooter/rpm",0
32.791346,"/shooter/output",0.1
32.791382,"/shooter/hasBall",true
32.791424,"/shooter/temperature",40
32.791587,"/climber/rightPos",0
32.809399,"/drivetrain/leftPos",0
32.809418,"/drivetrain/leftVelocity",0
32.809433,"/drivetrain/rightPos",0
32.809445,"/drivetrain/rightVelocity",0
32.809486,"/drivetrain/heading",-2.25
32.809494,"/drivetrain/headingVelocity",0.0610351525247097
32.8095,"/drivetrain/xAcceleration",0
32.809505,"/drivetrain/yAcceleration",0
32.80951,"/drivetrain/leftOutputLog",0
32.809514,"/drivetrain/rightOutputLog",0
32.809713,"/intake/pos",0
32.809718,"/intake/output",0
32.810082,"/shooter/rpm",0
32.810537,"/shooter/output",0.1
32.81064,"/shooter/hasBall",true
32.810703,"/shooter/temperature",40
32.811217,"/climber/rightPos",0
32.829605,"/drivetrain/leftPos",0
32.829622,"/drivetrain/leftVelocity",0
32.829639,"/drivetrain/rightPos",0
32.829652,"/drivetrain/rightVelocity",0
32.829696,"/drivetrain/heading",-2.25
32.829705,"/drivetrain/headingVelocity",0.1831054538488388
32.829711,"/drivetrain/xAcceleration",0
32.829716,"/drivetrain/yAcceleration",-0.004000000189989805
32.829721,"/drivetrain/leftOutputLog",0
32.829725,"/drivetrain/rightOutputLog",0
32.830264,"/intake/pos",0
32.830269,"/intake/output",0
32.83048,"/shooter/rpm",0
32.830502,"/shooter/output",0.1
32.830538,"/shooter/hasBall",true
32.830575,"/shooter/temperature",40
32.830762,"/climber/rightPos",0
32.850702,"/drivetrain/leftPos",0
32.850719,"/drivetrain/leftVelocity",0
32.850734,"/drivetrain/rightPos",0
32.850746,"/drivetrain/rightVelocity",0
32.850784,"/drivetrain/heading",-2.259999990463257
32.850793,"/drivetrain/headingVelocity",0.2441406100988388
32.850799,"/drivetrain/xAcceleration",0
32.850804,"/drivetrain/yAcceleration",-0.004000000189989805
32.850808,"/drivetrain/leftOutputLog",0
32.850812,"/drivetrain/rightOutputLog",0
32.851,"/intake/pos",0
32.851005,"/intake/output",0
32.851237,"/shooter/rpm",0
32.85126,"/shooter/output",0.1
32.851297,"/shooter/hasBall",true
32.851335,"/shooter/temperature",40
32.851568,"/climber/rightPos",0
32.870986,"/drivetrain/leftPos",0
32.871004,"/drivetrain/leftVelocity",0
32.871019,"/drivetrain/rightPos",0
32.871031,"/drivetrain/rightVelocity",0
32.871062,"/drivetrain/heading",-2.259999990463257
32.871071,"/drivetrain/headingVelocity",0.1831054538488388
32.871077,"/drivetrain/xAcceleration",0
32.871082,"/drivetrain/yAcceleration",0
32.871087,"/drivetrain/leftOutputLog",0
32.87109,"/drivetrain/rightOutputLog",0
32.871381,"/intake/pos",0
32.871389,"/intake/output",0
32.87161,"/shooter/rpm",0
32.871633,"/shooter/output",0.1
32.871668,"/shooter/hasBall",true
32.871704,"/shooter/temperature",40
32.871963,"/climber/rightPos",0
32.890512,"/drivetrain/leftPos",0
32.890529,"/drivetrain/leftVelocity",0
32.890544,"/drivetrain/rightPos",0
32.890556,"/drivetrain/rightVelocity",0
32.89059,"/drivetrain/heading",-2.2699999809265137
32.8906,"/drivetrain/headingVelocity",0.0610351525247097
32.890606,"/drivetrain/xAcceleration",0
32.890611,"/drivetrain/yAcceleration",0
32.890616,"/drivetrain/leftOutputLog",0
32.89062,"/drivetrain/rightOutputLog",0
32.890823,"/intake/pos",0
32.890829,"/intake/output",0
32.891036,"/shooter/rpm",0
32.891104,"/shooter/output",0.1
32.891142,"/shooter/hasBall",true
32.891182,"/shooter/temperature",40
32.891379,"/climber/rightPos",0
32.909639,"/drivetrain/leftPos",0
32.909694,"/drivetrain/leftVelocity",0
32.909713,"/drivetrain/rightPos",0
32.909726,"/drivetrain/rightVelocity",0
32.910184,"/drivetrain/heading",-2.2699999809265137
32.910561,"/drivetrain/headingVelocity",0
32.91057,"/drivetrain/xAcceleration",0
32.910575,"/drivetrain/yAcceleration",0.004000000189989805
32.91058,"/drivetrain/leftOutputLog",0
32.910584,"/drivetrain/rightOutputLog",0
32.911215,"/intake/pos",0
32.91122,"/intake/output",0
32.911469,"/shooter/rpm",0
32.911492,"/shooter/output",0.1
32.911529,"/shooter/hasBall",true
32.91156,"/shooter/temperature",40
32.911718,"/climber/rightPos",0
32.929801,"/drivetrain/leftPos",0
32.929819,"/drivetrain/leftVelocity",0
32.929836,"/drivetrain/rightPos",0
32.929848,"/drivetrain/rightVelocity",0
32.929899,"/drivetrain/heading",-2.259999990463257
32.929909,"/drivetrain/headingVelocity",0
32.929915,"/drivetrain/xAcceleration",0
32.92992,"/drivetrain/yAcceleration",0.003000000026077032
32.929925,"/drivetrain/leftOutputLog",0
32.929929,"/drivetrain/rightOutputLog",0
32.930964,"/intake/pos",0
32.93097,"/intake/output",0
32.931267,"/shooter/rpm",0
32.931285,"/shooter/output",0.1
32.931327,"/shooter/hasBall",true
32.931355,"/shooter/temperature",40
32.931576,"/climber/rightPos",0
32.949251,"/drivetrain/leftPos",0
32.949269,"/drivetrain/leftVelocity",0
32.949285,"/drivetrain/rightPos",0
32.949296,"/drivetrain/rightVelocity",0
32.949333,"/drivetrain/heading",-2.259999990463257
32.949341,"/drivetrain/headingVelocity",-0.1220703050494194
32.949347,"/drivetrain/xAcceleration",-0.004000000189989805
32.949352,"/drivetrain/yAcceleration",0
32.949357,"/drivetrain/leftOutputLog",0
32.94936,"/drivetrain/rightOutputLog",0
32.949774,"/intake/pos",0
32.94978,"/intake/output",0
32.950267,"/shooter/rpm",0
32.9503,"/shooter/output",0.1
32.950561,"/shooter/hasBall",true
32.95059,"/shooter/temperature",40
32.950926,"/climber/rightPos",0
32.969999,"/drivetrain/leftPos",0
32.970018,"/drivetrain/leftVelocity",0
32.970034,"/drivetrain/rightPos",0
32.970046,"/drivetrain/rightVelocity",0
32.97009,"/drivetrain/heading",-2.259999990463257
32.970099,"/drivetrain/headingVelocity",0
32.970106,"/drivetrain/xAcceleration",0
32.970111,"/drivetrain/yAcceleration",0
32.970115,"/drivetrain/leftOutputLog",0
32.970119,"/drivetrain/rightOutputLog",0
32.970488,"/intake/pos",0
32.970494,"/intake/output",0
32.970686,"/shooter/rpm",0
32.970711,"/shooter/output",0.1
32.970747,"/shooter/hasBall",true
32.97079,"/shooter/temperature",40
32.970963,"/climber/rightPos",0
32.989265,"/drivetrain/leftPos",0
32.989282,"/drivetrain/leftVelocity",0
32.98935,"/drivetrain/rightPos",0
32.989365,"/drivetrain/rightVelocity",0
32.989407,"/drivetrain/heading",-2.259999990463257
32.989417,"/drivetrain/headingVelocity",0.0610351525247097
32.989423,"/drivetrain/xAcceleration",0.003000000026077032
32.989428,"/drivetrain/yAcceleration",-0.003000000026077032
32.989433,"/drivetrain/leftOutputLog",0
32.989437,"/drivetrain/rightOutputLog",0
32.989725,"/intake/pos",0
32.98973,"/intake/output",0
32.991155,"/shooter/rpm",0
32.991175,"/shooter/output",0.1
32.991223,"/shooter/hasBall",true
32.991272,"/shooter/temperature",40
32.991484,"/climber/rightPos",0
33.009972,"/drivetrain/leftPos",0
33.010119,"/drivetrain/leftVelocity",0
33.010145,"/drivetrain/rightPos",0
33.010157,"/drivetrain/rightVelocity",0
33.010196,"/drivetrain/heading",-2.259999990463257
33.010205,"/drivetrain/headingVelocity",0
33.010211,"/drivetrain/xAcceleration",0
33.010215,"/drivetrain/yAcceleration",0
33.01022,"/drivetrain/leftOutputLog",0
33.010224,"/drivetrain/rightOutputLog",0
33.01044,"/intake/pos",0
33.010445,"/intake/output",0
33.010652,"/shooter/rpm",0
33.010717,"/shooter/output",0.1
33.010756,"/shooter/hasBall",true
33.010804,"/shooter/temperature",40
33.010968,"/climber/rightPos",0
33.029658,"/drivetrain/leftPos",0
33.029676,"/drivetrain/leftVelocity",0
33.029692,"/drivetrain/rightPos",0
33.029704,"/drivetrain/rightVelocity",0
33.029753,"/drivetrain/heading",-2.259999990463257
33.029762,"/drivetrain/headingVelocity",0
33.029768,"/drivetrain/xAcceleration",0
33.029774,"/drivetrain/yAcceleration",0
33.029779,"/drivetrain/leftOutputLog",0
33.029783,"/drivetrain/rightOutputLog",0
33.030233,"/intake/pos",0
33.030239,"/intake/output",0
33.030467,"/shooter/rpm",0
33.030488,"/shooter/output",0.1
33.030524,"/shooter/hasBall",true
33.03057,"/shooter/temperature",40
33.030734,"/climber/rightPos",0
33.049261,"/drivetrain/leftPos",0
33.049278,"/drivetrain/leftVelocity",0
33.049294,"/drivetrain/rightPos",0
33.049305,"/drivetrain/rightVelocity",0
33.049345,"/drivetrain/heading",-2.259999990463257
33.049354,"/drivetrain/headingVelocity",0.0610351525247097
33.049359,"/drivetrain/xAcceleration",0
33.049364,"/drivetrain/yAcceleration",0
33.049369,"/drivetrain/leftOutputLog",0
33.049373,"/drivetrain/rightOutputLog",0
33.049567,"/intake/pos",0
33.049571,"/intake/output",0
33.049917,"/shooter/rpm",0
33.049938,"/shooter/output",0.1
33.049975,"/shooter/hasBall",true
33.050065,"/shooter/temperature",40
33.050233,"/climber/rightPos",0
33.070175,"/drivetrain/leftPos",0
33.070195,"/drivetrain/leftVelocity",0
33.070212,"/drivetrain/rightPos",0
33.070224,"/drivetrain/rightVelocity",0
33.070275,"/drivetrain/heading",-2.2699999809265137
33.070285,"/drivetrain/headingVelocity",0.0610351525247097
33.070291,"/drivetrain/xAcceleration",0
33.070297,"/drivetrain/yAcceleration",0
33.070302,"/drivetrain/leftOutputLog",0
33.070305,"/drivetrain/rightOutputLog",0
33.070574,"/intake/pos",0
33.070579,"/intake/output",0
33.070933,"/shooter/rpm",0
33.070963,"/shooter/output",0.1
33.071059,"/shooter/hasBall",true
33.071106,"/shooter/temperature",40
33.071416,"/climber/rightPos",0
33.089291,"/drivetrain/leftPos",0
33.089308,"/drivetrain/leftVelocity",0
33.089324,"/drivetrain/rightPos",0
33.089336,"/drivetrain/rightVelocity",0
33.089377,"/drivetrain/heading",-2.2699999809265137
33.089385,"/drivetrain/headingVelocity",0.0610351525247097
33.089391,"/drivetrain/xAcceleration",0
33.089396,"/drivetrain/yAcceleration",0
33.089401,"/drivetrain/leftOutputLog",0
33.089405,"/drivetrain/rightOutputLog",0
33.089663,"/intake/pos",0
33.089668,"/intake/output",0
33.089864,"/shooter/rpm",0
33.089925,"/shooter/output",0.1
33.089961,"/shooter/hasBall",true
33.089986,"/shooter/temperature",40
33.090311,"/climber/rightPos",0
33.110394,"/drivetrain/leftPos",0
33.110412,"/drivetrain/leftVelocity",0
33.110429,"/drivetrain/rightPos",0
33.110546,"/drivetrain/rightVelocity",0
33.110589,"/drivetrain/heading",-2.2699999809265137
33.110598,"/drivetrain/headingVelocity",-0.0610351525247097
33.110604,"/drivetrain/xAcceleration",0
33.11061,"/drivetrain/yAcceleration",0
33.110615,"/drivetrain/leftOutputLog",0
33.110619,"/drivetrain/rightOutputLog",0
33.111072,"/intake/pos",0
33.111077,"/intake/output",0
33.111333,"/shooter/rpm",0
33.111358,"/shooter/output",0.1
33.111396,"/shooter/hasBall",true
33.111436,"/shooter/temperature",40
33.111591,"/climber/rightPos",0
33.129499,"/drivetrain/leftPos",0
33.129518,"/drivetrain/leftVelocity",0
33.129534,"/drivetrain/rightPos",0
33.129545,"/drivetrain/rightVelocity",0
33.129591,"/drivetrain/heading",-2.259999990463257
33.1296,"/drivetrain/headingVelocity",0
33.129606,"/drivetrain/xAcceleration",0
33.129611,"/drivetrain/yAcceleration",0
33.129616,"/drivetrain/leftOutputLog",0
33.12962,"/drivetrain/rightOutputLog",0
33.130282,"/intake/pos",0
33.130288,"/intake/output",0
33.130493,"/shooter/rpm",0
33.130516,"/shooter/output",0.1
33.130551,"/shooter/hasBall",true
33.130574,"/shooter/temperature",40
33.130794,"/climber/rightPos",0
33.150307,"/drivetrain/leftPos",0
33.150324,"/drivetrain/leftVelocity",0
33.150339,"/drivetrain/rightPos",0
33.150351,"/drivetrain/rightVelocity",0
33.150383,"/drivetrain/heading",-2.259999990463257
33.150393,"/drivetrain/headingVelocity",-0.1220703050494194
33.150399,"/drivetrain/xAcceleration",0
33.150404,"/drivetrain/yAcceleration",0.004000000189989805
33.150409,"/drivetrain/leftOutputLog",0
33.150413,"/drivetrain/rightOutputLog",0
33.150644,"/intake/pos",0
33.150649,"/intake/output",0
33.150862,"/shooter/rpm",0
33.150884,"/shooter/output",0.1
33.150917,"/shooter/hasBall",true
33.150995,"/shooter/temperature",40
33.151168,"/climber/rightPos",0
33.169521,"/drivetrain/leftPos",0
33.169539,"/drivetrain/leftVelocity",0
33.169555,"/drivetrain/rightPos",0
33.169567,"/drivetrain/rightVelocity",0
33.1696,"/drivetrain/heading",-2.259999990463257
33.169608,"/drivetrain/headingVelocity",0
33.169614,"/drivetrain/xAcceleration",0
33.169619,"/drivetrain/yAcceleration",-0.003000000026077032
33.169624,"/drivetrain/leftOutputLog",0
33.169628,"/drivetrain/rightOutputLog",0
33.169883,"/intake/pos",0
33.169888,"/intake/output",0
33.170101,"/shooter/rpm",0
33.170166,"/shooter/output",0.1
33.170216,"/shooter/hasBall",true
33.170537,"/shooter/temperature",40
33.171066,"/climber/rightPos",0
33.189547,"/drivetrain/leftPos",0
33.189568,"/drivetrain/leftVelocity",0
33.189584,"/drivetrain/rightPos",0
33.189597,"/drivetrain/rightVelocity",0
33.189646,"/drivetrain/heading",-2.259999990463257
33.189656,"/drivetrain/headingVelocity",0
33.189662,"/drivetrain/xAcceleration",0
33.189667,"/drivetrain/yAcceleration",-0.003000000026077032
33.189673,"/drivetrain/leftOutputLog",0
33.189677,"/drivetrain/rightOutputLog",0
33.189945,"/intake/pos",0
33.18995,"/intake/output",0
33.190537,"/shooter/rpm",0
33.190559,"/shooter/output",0.1
33.190605,"/shooter/hasBall",true
33.190633,"/shooter/temperature",40
33.190862,"/climber/rightPos",0
33.209776,"/drivetrain/leftPos",0
33.209796,"/drivetrain/leftVelocity",0
33.209811,"/drivetrain/rightPos",0
33.209823,"/drivetrain/rightVelocity",0
33.209858,"/drivetrain/heading",-2.259999990463257
33.209867,"/drivetrain/headingVelocity",0
33.209873,"/drivetrain/xAcceleration",0
33.209878,"/drivetrain/yAcceleration",-0.003000000026077032
33.209882,"/drivetrain/leftOutputLog",0
33.209886,"/drivetrain/rightOutputLog",0
33.210077,"/intake/pos",0
33.210083,"/intake/output",0
33.210393,"/shooter/rpm",0
33.210417,"/shooter/output",0.1
33.210454,"/shooter/hasBall",true
33.210499,"/shooter/temperature",40
33.210647,"/climber/rightPos",0
33.230115,"/drivetrain/leftPos",0
33.230134,"/drivetrain/leftVelocity",0
33.23029,"/drivetrain/rightPos",0
33.230311,"/drivetrain/rightVelocity",0
33.23034,"/drivetrain/heading",-2.259999990463257
33.230349,"/drivetrain/headingVelocity",0
33.230356,"/drivetrain/xAcceleration",0
33.230361,"/drivetrain/yAcceleration",-0.003000000026077032
33.230366,"/drivetrain/leftOutputLog",0
33.23037,"/drivetrain/rightOutputLog",0
33.230569,"/intake/pos",0
33.230574,"/intake/output",0
33.230858,"/shooter/rpm",0
33.23088,"/shooter/output",0.1
33.230915,"/shooter/hasBall",true
33.230957,"/shooter/temperature",40
33.231128,"/climber/rightPos",0
33.249244,"/drivetrain/leftPos",0
33.249261,"/drivetrain/leftVelocity",0
33.249276,"/drivetrain/rightPos",0
33.249288,"/drivetrain/rightVelocity",0
33.249326,"/drivetrain/heading",-2.2699999809265137
33.249334,"/drivetrain/headingVelocity",-0.1220703050494194
33.249339,"/drivetrain/xAcceleration",0
33.249344,"/drivetrain/yAcceleration",0.006000000052154064
33.249348,"/drivetrain/leftOutputLog",0
33.249352,"/drivetrain/rightOutputLog",0
33.249543,"/intake/pos",0
33.249548,"/intake/output",0
33.249746,"/shooter/rpm",0
33.249809,"/shooter/output",0.1
33.249846,"/shooter/hasBall",true
33.24989,"/shooter/temperature",40
33.250197,"/climber/rightPos",0
33.269282,"/drivetrain/leftPos",0
33.269299,"/drivetrain/leftVelocity",0
33.269313,"/drivetrain/rightPos",0
33.269325,"/drivetrain/rightVelocity",0
33.269367,"/drivetrain/heading",-2.2699999809265137
33.269375,"/drivetrain/headingVelocity",-0.0610351525247097
33.269381,"/drivetrain/xAcceleration",0.006000000052154064
33.269386,"/drivetrain/yAcceleration",0
33.269391,"/drivetrain/leftOutputLog",0
33.269395,"/drivetrain/rightOutputLog",0
33.269659,"/intake/pos",0
33.269665,"/intake/output",0
33.269866,"/shooter/rpm",0
33.269927,"/shooter/output",0.1
33.269963,"/shooter/hasBall",true
33.270137,"/shooter/temperature",40
33.270715,"/climber/rightPos",0
33.289323,"/drivetrain/leftPos",0
33.28934,"/drivetrain/leftVelocity",0
33.289355,"/drivetrain/rightPos",0
33.289366,"/drivetrain/rightVelocity",0
33.289398,"/drivetrain/heading",-2.2699999809265137
33.289407,"/drivetrain/headingVelocity",-0.0610351525247097
33.289412,"/drivetrain/xAcceleration",0
33.289417,"/drivetrain/yAcceleration",0
33.289422,"/drivetrain/leftOutputLog",0
33.289426,"/drivetrain/rightOutputLog",0
33.28967,"/intake/pos",0
33.289675,"/intake/output",0
33.289883,"/shooter/rpm",0
33.289944,"/shooter/output",0.1
33.28998,"/shooter/hasBall",true
33.290022,"/shooter/temperature",40
33.290192,"/climber/rightPos",0
33.309939,"/drivetrain/leftPos",0
33.309959,"/drivetrain/leftVelocity",0
33.309976,"/drivetrain/rightPos",0
33.309988,"/drivetrain/rightVelocity",0
33.310023,"/drivetrain/heading",-2.259999990463257
33.310032,"/drivetrain/headingVelocity",-0.2441406100988388
33.310038,"/drivetrain/xAcceleration",-0.004000000189989805
33.310043,"/drivetrain/yAcceleration",0
33.310048,"/drivetrain/leftOutputLog",0
33.310051,"/drivetrain/rightOutputLog",0
33.310267,"/intake/pos",0
33.310272,"/intake/output",0
33.310481,"/shooter/rpm",0
33.310549,"/shooter/output",0.1
33.310587,"/shooter/hasBall",true
33.310625,"/shooter/temperature",40
33.31078,"/climber/rightPos",0
33.330175,"/drivetrain/leftPos",0
33.330192,"/drivetrain/leftVelocity",0
33.330208,"/drivetrain/rightPos",0
33.33022,"/drivetrain/rightVelocity",0
33.330253,"/drivetrain/heading",-2.259999990463257
33.330261,"/drivetrain/headingVelocity",-0.0610351525247097
33.330267,"/drivetrain/xAcceleration",0
33.330272,"/drivetrain/yAcceleration",-0.004000000189989805
33.330277,"/drivetrain/leftOutputLog",0
33.330281,"/drivetrain/rightOutputLog",0
33.330544,"/intake/pos",0
33.33055,"/intake/output",0
33.330792,"/shooter/rpm",0
33.330814,"/shooter/output",0.1
33.330848,"/shooter/hasBall",true
33.330886,"/shooter/temperature",40
33.331039,"/climber/rightPos",0
33.349591,"/drivetrain/leftPos",0
33.349609,"/drivetrain/leftVelocity",0
33.349627,"/drivetrain/rightPos",0
33.349638,"/drivetrain/rightVelocity",0
33.349684,"/drivetrain/heading",-2.259999990463257
33.349695,"/drivetrain/headingVelocity",0.1220703050494194
33.349702,"/drivetrain/xAcceleration",0
33.349707,"/drivetrain/yAcceleration",-0.007000000216066837
33.349712,"/drivetrain/leftOutputLog",0
33.349716,"/drivetrain/rightOutputLog",0
33.350121,"/intake/pos",0
33.350166,"/intake/output",0
33.350596,"/shooter/rpm",0
33.350621,"/shooter/output",0.1
33.350662,"/shooter/hasBall",true
33.350687,"/shooter/temperature",40
33.351329,"/climber/rightPos",0
33.369322,"/drivetrain/leftPos",0
33.369339,"/drivetrain/leftVelocity",0
33.369355,"/drivetrain/rightPos",0
33.369367,"/drivetrain/rightVelocity",0
33.369403,"/drivetrain/heading",-2.2699999809265137
33.369412,"/drivetrain/headingVelocity",0.4882812201976776
33.369417,"/drivetrain/xAcceleration",0
33.369422,"/drivetrain/yAcceleration",-0.003000000026077032
33.369427,"/drivetrain/leftOutputLog",0
33.369431,"/drivetrain/rightOutputLog",0
33.369608,"/intake/pos",0
33.369613,"/intake/output",0
33.369881,"/shooter/rpm",0
33.369904,"/shooter/output",0.1
33.369947,"/shooter/hasBall",true
33.369983,"/shooter/temperature",40
33.370131,"/climber/rightPos",0
33.389476,"/drivetrain/leftPos",0
33.389496,"/drivetrain/leftVelocity",0
33.389562,"/drivetrain/rightPos",0
33.38958,"/drivetrain/rightVelocity",0
33.38963,"/drivetrain/heading",-2.2799999713897705
33.38964,"/drivetrain/headingVelocity",0.3662109076976776
33.389646,"/drivetrain/xAcceleration",0.003000000026077032
33.389651,"/drivetrain/yAcceleration",0
33.389656,"/drivetrain/leftOutputLog",0
33.38966,"/drivetrain/rightOutputLog",0
33.389942,"/intake/pos",0
33.389947,"/intake/output",0
33.390392,"/shooter/rpm",0
33.390419,"/shooter/output",0.1
33.39048,"/shooter/hasBall",true
33.390513,"/shooter/temperature",40
33.391079,"/climber/rightPos",0
33.40935,"/drivetrain/leftPos",0
33.409368,"/drivetrain/leftVelocity",0
33.409438,"/drivetrain/rightPos",0
33.409455,"/drivetrain/rightVelocity",0
33.409493,"/drivetrain/heading",-2.2799999713897705
33.409502,"/drivetrain/headingVelocity",0.1220703050494194
33.409508,"/drivetrain/xAcceleration",0
33.409513,"/drivetrain/yAcceleration",0.004999999888241291
33.409518,"/drivetrain/leftOutputLog",0
33.409521,"/drivetrain/rightOutputLog",0
33.409907,"/intake/pos",0
33.409913,"/intake/output",0
33.410376,"/shooter/rpm",0
33.410406,"/shooter/output",0.1
33.41045,"/shooter/hasBall",true
33.410476,"/shooter/temperature",40
33.410798,"/climber/rightPos",0
33.430145,"/drivetrain/leftPos",0
33.430163,"/drivetrain/leftVelocity",0
33.430181,"/drivetrain/rightPos",0
33.430193,"/drivetrain/rightVelocity",0
33.430305,"/drivetrain/heading",-2.2799999713897705
33.430316,"/drivetrain/headingVelocity",-0.1220703050494194
33.430323,"/drivetrain/xAcceleration",0
33.430328,"/drivetrain/yAcceleration",0
33.430334,"/drivetrain/leftOutputLog",0
33.430337,"/drivetrain/rightOutputLog",0
33.430562,"/intake/pos",0
33.430567,"/intake/output",0
33.430786,"/shooter/rpm",0
33.430851,"/shooter/output",0.1
33.430891,"/shooter/hasBall",true
33.430918,"/shooter/temperature",40
33.431088,"/climber/rightPos",0
33.450423,"/drivetrain/leftPos",0
33.450441,"/drivetrain/leftVelocity",0
33.450457,"/drivetrain/rightPos",0
33.45047,"/drivetrain/rightVelocity",0
33.450507,"/drivetrain/heading",-2.2799999713897705
33.450516,"/drivetrain/headingVelocity",-0.1220703050494194
33.450522,"/drivetrain/xAcceleration",0
33.450527,"/drivetrain/yAcceleration",0
33.450532,"/drivetrain/leftOutputLog",0
33.450536,"/drivetrain/rightOutputLog",0
33.450736,"/intake/pos",0
33.450741,"/intake/output",0
33.450968,"/shooter/rpm",0
33.45099,"/shooter/output",0.1
33.451026,"/shooter/hasBall",true
33.451069,"/shooter/temperature",40
33.451301,"/climber/rightPos",0
33.469266,"/drivetrain/leftPos",0
33.469283,"/drivetrain/leftVelocity",0
33.469298,"/drivetrain/rightPos",0
33.46931,"/drivetrain/rightVelocity",0
33.469346,"/drivetrain/heading",-2.2699999809265137
33.469354,"/drivetrain/headingVelocity",-0.1831054538488388
33.46936,"/drivetrain/xAcceleration",0
33.469365,"/drivetrain/yAcceleration",0
33.469369,"/drivetrain/leftOutputLog",0
33.469373,"/drivetrain/rightOutputLog",0
33.469802,"/intake/pos",0
33.470566,"/intake/output",0
33.471237,"/shooter/rpm",0
33.471257,"/shooter/output",0.1
33.471359,"/shooter/hasBall",true
33.471411,"/shooter/temperature",40
33.471604,"/climber/rightPos",0
33.489727,"/drivetrain/leftPos",0
33.489745,"/drivetrain/leftVelocity",0
33.48976,"/drivetrain/rightPos",0
33.489771,"/drivetrain/rightVelocity",0
33.489819,"/drivetrain/heading",-2.2699999809265137
33.489828,"/drivetrain/headingVelocity",0
33.489834,"/drivetrain/xAcceleration",-0.004000000189989805
33.489839,"/drivetrain/yAcceleration",-0.004000000189989805
33.489844,"/drivetrain/leftOutputLog",0
33.489848,"/drivetrain/rightOutputLog",0
33.490915,"/intake/pos",0
33.49092,"/intake/output",0
33.491111,"/shooter/rpm",0
33.491134,"/shooter/output",0.1
33.491168,"/shooter/hasBall",true
33.491209,"/shooter/temperature",40
33.491415,"/climber/rightPos",0
33.51047,"/drivetrain/leftPos",0
33.510486,"/drivetrain/leftVelocity",0
33.510501,"/drivetrain/rightPos",0
33.510514,"/drivetrain/rightVelocity",0
33.510546,"/drivetrain/heading",-2.2699999809265137
33.510554,"/drivetrain/headingVelocity",0.1220703050494194
33.51056,"/drivetrain/xAcceleration",0
33.510565,"/drivetrain/yAcceleration",-0.003000000026077032
33.51057,"/drivetrain/leftOutputLog",0
33.510574,"/drivetrain/rightOutputLog",0
33.510793,"/intake/pos",0
33.510798,"/intake/output",0
33.51105,"/shooter/rpm",0
33.511073,"/shooter/output",0.1
33.511112,"/shooter/hasBall",true
33.511157,"/shooter/temperature",40
33.511333,"/climber/rightPos",0
33.530451,"/drivetrain/leftPos",0
33.530469,"/drivetrain/leftVelocity",0
33.530485,"/drivetrain/rightPos",0
33.530497,"/drivetrain/rightVelocity",0
33.530533,"/drivetrain/heading",-2.2799999713897705
33.530543,"/drivetrain/headingVelocity",0.1831054538488388
33.530548,"/drivetrain/xAcceleration",0
33.530553,"/drivetrain/yAcceleration",-0.004000000189989805
33.530558,"/drivetrain/leftOutputLog",0
33.530562,"/drivetrain/rightOutputLog",0
33.530813,"/intake/pos",0
33.530818,"/intake/output",0
33.531258,"/shooter/rpm",0
33.531282,"/shooter/output",0.1
33.531319,"/shooter/hasBall",true
33.531364,"/shooter/temperature",40
33.531587,"/climber/rightPos",0
33.549651,"/drivetrain/leftPos",0
33.54967,"/drivetrain/leftVelocity",0
33.549687,"/drivetrain/rightPos",0
33.549699,"/drivetrain/rightVelocity",0
33.549744,"/drivetrain/heading",-2.2799999713897705
33.549753,"/drivetrain/headingVelocity",0.1220703050494194
33.549759,"/drivetrain/xAcceleration",0
33.549764,"/drivetrain/yAcceleration",0
33.549769,"/drivetrain/leftOutputLog",0
33.549772,"/drivetrain/rightOutputLog",0
33.550137,"/intake/pos",0
33.550143,"/intake/output",0
33.550665,"/shooter/rpm",0
33.550684,"/shooter/output",0.1
33.550723,"/shooter/hasBall",true
33.550765,"/shooter/temperature",40
33.550935,"/climber/rightPos",0
33.569974,"/drivetrain/leftPos",0
33.570013,"/drivetrain/leftVelocity",0
33.570036,"/drivetrain/rightPos",0
33.570048,"/drivetrain/rightVelocity",0
33.570101,"/drivetrain/heading",-2.2799999713897705
33.570111,"/drivetrain/headingVelocity",0
33.570117,"/drivetrain/xAcceleration",0
33.570122,"/drivetrain/yAcceleration",0
33.570127,"/drivetrain/leftOutputLog",0
33.570131,"/drivetrain/rightOutputLog",0
33.570502,"/intake/pos",0
33.570508,"/intake/output",0
33.570706,"/shooter/rpm",0
33.570729,"/shooter/output",0.1
33.570767,"/shooter/hasBall",true
33.570808,"/shooter/temperature",40
33.570966,"/climber/rightPos",0
33.591053,"/drivetrain/leftPos",0
33.591072,"/drivetrain/leftVelocity",0
33.591089,"/drivetrain/rightPos",0
33.591109,"/drivetrain/rightVelocity",0
33.591143,"/drivetrain/heading",-2.2799999713897705
33.591151,"/drivetrain/headingVelocity",-0.1831054538488388
33.591157,"/drivetrain/xAcceleration",0
33.591162,"/drivetrain/yAcceleration",0
33.591166,"/drivetrain/leftOutputLog",0
33.59117,"/drivetrain/rightOutputLog",0
33.591399,"/intake/pos",0
33.591404,"/intake/output",0
33.591679,"/shooter/rpm",0
33.591703,"/shooter/output",0.1
33.591739,"/shooter/hasBall",true
33.591778,"/shooter/temperature",40
33.591946,"/climber/rightPos",0
33.609452,"/drivetrain/leftPos",0
33.60947,"/drivetrain/leftVelocity",0
33.609486,"/drivetrain/rightPos",0
33.609498,"/drivetrain/rightVelocity",0
33.609546,"/drivetrain/heading",-2.2699999809265137
33.609556,"/drivetrain/headingVelocity",-0.1220703050494194
33.609562,"/drivetrain/xAcceleration",-0.004000000189989805
33.609567,"/drivetrain/yAcceleration",0
33.609572,"/drivetrain/leftOutputLog",0
33.609576,"/drivetrain/rightOutputLog",0
33.609946,"/intake/pos",0
33.609951,"/intake/output",0
33.610806,"/shooter/rpm",0
33.610914,"/shooter/output",0.1
33.610974,"/shooter/hasBall",true
33.611092,"/shooter/temperature",40
33.611352,"/climber/rightPos",0
33.629885,"/drivetrain/leftPos",0
33.629905,"/drivetrain/leftVelocity",0
33.629922,"/drivetrain/rightPos",0
33.629935,"/drivetrain/rightVelocity",0
33.629975,"/drivetrain/heading",-2.2699999809265137
33.629985,"/drivetrain/headingVelocity",0
33.62999,"/drivetrain/xAcceleration",0
33.629996,"/drivetrain/yAcceleration",0
33.63,"/drivetrain/leftOutputLog",0
33.630004,"/drivetrain/rightOutputLog",0
33.630205,"/intake/pos",0
33.630211,"/intake/output",0
33.630383,"/shooter/rpm",0
33.630405,"/shooter/output",0.1
33.63044,"/shooter/hasBall",true
33.630464,"/shooter/temperature",40
33.630641,"/climber/rightPos",0
33.650663,"/drivetrain/leftPos",0
33.650682,"/drivetrain/leftVelocity",0
33.650697,"/drivetrain/rightPos",0
33.650708,"/drivetrain/rightVelocity",0
33.650743,"/drivetrain/heading",-2.2699999809265137
33.650752,"/drivetrain/headingVelocity",0.1220703050494194
33.650757,"/drivetrain/xAcceleration",0
33.650762,"/drivetrain/yAcceleration",-0.004000000189989805
33.650767,"/drivetrain/leftOutputLog",0
33.650771,"/drivetrain/rightOutputLog",0
33.651059,"/intake/pos",0
33.651064,"/intake/output",0
33.651318,"/shooter/rpm",0
33.651341,"/shooter/output",0.1
33.65138,"/shooter/hasBall",true
33.651413,"/shooter/temperature",40
33.651633,"/climber/rightPos",0
33.669415,"/drivetrain/leftPos",0
33.669438,"/drivetrain/leftVelocity",0
33.669456,"/drivetrain/rightPos",0
33.669469,"/drivetrain/rightVelocity",0
33.66984,"/drivetrain/heading",-2.2799999713897705
33.669855,"/drivetrain/headingVelocity",0.0610351525247097
33.669862,"/drivetrain/xAcceleration",0
33.670149,"/drivetrain/yAcceleration",-0.004000000189989805
33.670155,"/drivetrain/leftOutputLog",0
33.670159,"/drivetrain/rightOutputLog",0
33.670883,"/intake/pos",0
33.670889,"/intake/output",0
33.671078,"/shooter/rpm",0
33.671102,"/shooter/output",0.1
33.671137,"/shooter/hasBall",true
33.671162,"/shooter/temperature",40
33.671334,"/climber/rightPos",0
33.690106,"/drivetrain/leftPos",0
33.690124,"/drivetrain/leftVelocity",0
33.690141,"/drivetrain/rightPos",0
33.690181,"/drivetrain/rightVelocity",0
33.69022,"/drivetrain/heading",-2.2799999713897705
33.690229,"/drivetrain/headingVelocity",0.0610351525247097
33.690235,"/drivetrain/xAcceleration",0
33.69024,"/drivetrain/yAcceleration",0
33.690244,"/drivetrain/leftOutputLog",0
33.690248,"/drivetrain/rightOutputLog",0
33.690451,"/intake/pos",0
33.690456,"/intake/output",0
33.690695,"/shooter/rpm",0
33.69072,"/shooter/output",0.1
33.690759,"/shooter/hasBall",true
33.690784,"/shooter/temperature",40
33.691008,"/climber/rightPos",0
33.710042,"/drivetrain/leftPos",0
33.710061,"/drivetrain/leftVelocity",0
33.710076,"/drivetrain/rightPos",0
33.710089,"/drivetrain/rightVelocity",0
33.710123,"/drivetrain/heading",-2.2799999713897705
33.710131,"/drivetrain/headingVelocity",0.1220703050494194
33.710138,"/drivetrain/xAcceleration",0
33.710143,"/drivetrain/yAcceleration",0
33.710147,"/drivetrain/leftOutputLog",0
33.710151,"/drivetrain/rightOutputLog",0
33.710546,"/intake/pos",0
33.710552,"/intake/output",0
33.710772,"/shooter/rpm",0
33.710841,"/shooter/output",0.1
33.710879,"/shooter/hasBall",true
33.710924,"/shooter/temperature",40
33.711098,"/climber/rightPos",0
33.729883,"/drivetrain/leftPos",0
33.729901,"/drivetrain/leftVelocity",0
33.729918,"/drivetrain/rightPos",0
33.72993,"/drivetrain/rightVelocity",0
33.729979,"/drivetrain/heading",-2.2799999713897705
33.72999,"/drivetrain/headingVelocity",0
33.729996,"/drivetrain/xAcceleration",0
33.730001,"/drivetrain/yAcceleration",0.003000000026077032
33.730006,"/drivetrain/leftOutputLog",0
33.73001,"/drivetrain/rightOutputLog",0
33.730245,"/intake/pos",0
33.73025,"/intake/output",0
33.730491,"/shooter/rpm",0
33.730561,"/shooter/output",0.1
33.730601,"/shooter/hasBall",true
33.730646,"/shooter/temperature",40
33.73081,"/climber/rightPos",0
33.74959,"/drivetrain/leftPos",0
33.749606,"/drivetrain/leftVelocity",0
33.749622,"/drivetrain/rightPos",0
33.750249,"/drivetrain/rightVelocity",0
33.750283,"/drivetrain/heading",-2.2799999713897705
33.750291,"/drivetrain/headingVelocity",0
33.750297,"/drivetrain/xAcceleration",0
33.750302,"/drivetrain/yAcceleration",0
33.750307,"/drivetrain/leftOutputLog",0
33.750311,"/drivetrain/rightOutputLog",0
33.750589,"/intake/pos",0
33.750595,"/intake/output",0
33.750804,"/shooter/rpm",0
33.750867,"/shooter/output",0.1
33.750903,"/shooter/hasBall",true
33.750945,"/shooter/temperature",40
33.751106,"/climber/rightPos",0
33.769962,"/drivetrain/leftPos",0
33.76998,"/drivetrain/leftVelocity",0
33.769996,"/drivetrain/rightPos",0
33.770007,"/drivetrain/rightVelocity",0
33.770043,"/drivetrain/heading",-2.2799999713897705
33.770052,"/drivetrain/headingVelocity",0
33.770058,"/drivetrain/xAcceleration",0
33.770063,"/drivetrain/yAcceleration",-0.003000000026077032
33.770068,"/drivetrain/leftOutputLog",0
33.770072,"/drivetrain/rightOutputLog",0
33.77033,"/intake/pos",0
33.770334,"/intake/output",0
33.770776,"/shooter/rpm",0
33.770802,"/shooter/output",0.1
33.770838,"/shooter/hasBall",true
33.770881,"/shooter/temperature",40
33.771105,"/climber/rightPos",0
33.79032,"/drivetrain/leftPos",0
33.790337,"/drivetrain/leftVelocity",0
33.790354,"/drivetrain/rightPos",0
33.790366,"/drivetrain/rightVelocity",0
33.790403,"/drivetrain/heading",-2.2799999713897705
33.790412,"/drivetrain/headingVelocity",0
33.790418,"/drivetrain/xAcceleration",0
33.790423,"/drivetrain/yAcceleration",0
33.790427,"/drivetrain/leftOutputLog",0
33.790431,"/drivetrain/rightOutputLog",0
33.790627,"/intake/pos",0
33.790632,"/intake/output",0
33.790806,"/shooter/rpm",0
33.790828,"/shooter/output",0.1
33.790864,"/shooter/hasBall",true
33.790908,"/shooter/temperature",40
33.79108,"/climber/rightPos",0
33.809914,"/drivetrain/leftPos",0
33.809933,"/drivetrain/leftVelocity",0
33.809952,"/drivetrain/rightPos",0
33.809966,"/drivetrain/rightVelocity",0
33.81001,"/drivetrain/heading",-2.2799999713897705
33.810021,"/drivetrain/headingVelocity",0
33.810027,"/drivetrain/xAcceleration",0
33.810033,"/drivetrain/yAcceleration",0
33.810038,"/drivetrain/leftOutputLog",0
33.810042,"/drivetrain/rightOutputLog",0
33.810265,"/intake/pos",0
33.81027,"/intake/output",0
33.810464,"/shooter/rpm",0
33.810487,"/shooter/output",0.1
33.810523,"/shooter/hasBall",true
33.810561,"/shooter/temperature",40
33.81072,"/climber/rightPos",0
33.829654,"/drivetrain/leftPos",0
33.829699,"/drivetrain/leftVelocity",0
33.829719,"/drivetrain/rightPos",0
33.829732,"/drivetrain/rightVelocity",0
33.829789,"/drivetrain/heading",-2.2799999713897705
33.829799,"/drivetrain/headingVelocity",0
33.829804,"/drivetrain/xAcceleration",0
33.82981,"/drivetrain/yAcceleration",0
33.829815,"/drivetrain/leftOutputLog",0
33.829818,"/drivetrain/rightOutputLog",0
33.831808,"/intake/pos",0
33.831814,"/intake/output",0
33.832075,"/shooter/rpm",0
33.832105,"/shooter/output",0.1
33.832149,"/shooter/hasBall",true
33.832312,"/shooter/temperature",40
33.832558,"/climber/rightPos",0
33.849707,"/drivetrain/leftPos",0
33.849725,"/drivetrain/leftVelocity",0
33.84974,"/drivetrain/rightPos",0
33.849752,"/drivetrain/rightVelocity",0
33.849806,"/drivetrain/heading",-2.2799999713897705
33.849817,"/drivetrain/headingVelocity",0
33.849823,"/drivetrain/xAcceleration",0
33.849829,"/drivetrain/yAcceleration",-0.003000000026077032
33.849834,"/drivetrain/leftOutputLog",0
33.849838,"/drivetrain/rightOutputLog",0
33.850304,"/intake/pos",0
33.85031,"/intake/output",0
33.851163,"/shooter/rpm",0
33.851198,"/shooter/output",0.1
33.851245,"/shooter/hasBall",true
33.851273,"/shooter/temperature",40
33.851699,"/climber/rightPos",0
33.871979,"/drivetrain/leftPos",0
33.872001,"/drivetrain/leftVelocity",0
33.87202,"/drivetrain/rightPos",0
33.872123,"/drivetrain/rightVelocity",0
33.872179,"/drivetrain/heading",-2.2799999713897705
33.872189,"/drivetrain/headingVelocity",0.0610351525247097
33.872283,"/drivetrain/xAcceleration",0
33.87229,"/drivetrain/yAcceleration",0
33.872296,"/drivetrain/leftOutputLog",0
33.8723,"/drivetrain/rightOutputLog",0
33.874595,"/intake/pos",0
33.874602,"/intake/output",0
33.875609,"/shooter/rpm",0
33.875647,"/shooter/output",0.1
33.87577,"/shooter/hasBall",true
33.87581,"/shooter/temperature",40
33.879919,"/climber/rightPos",0
33.892201,"/drivetrain/leftPos",0
33.89224,"/drivetrain/leftVelocity",0
33.892336,"/drivetrain/rightPos",0
33.892368,"/drivetrain/rightVelocity",0
33.892476,"/drivetrain/heading",-2.2899999618530273
33.89249,"/drivetrain/headingVelocity",0.1220703050494194
33.892496,"/drivetrain/xAcceleration",0
33.892501,"/drivetrain/yAcceleration",0
33.892506,"/drivetrain/leftOutputLog",0
33.89251,"/drivetrain/rightOutputLog",0
33.892919,"/intake/pos",0
33.89293,"/intake/output",0
33.893797,"/shooter/rpm",0
33.893836,"/shooter/output",0.1
33.893978,"/shooter/hasBall",true
33.894012,"/shooter/temperature",40
33.894472,"/climber/rightPos",0
33.90958,"/drivetrain/leftPos",0
33.909597,"/drivetrain/leftVelocity",0
33.909614,"/drivetrain/rightPos",0
33.909627,"/drivetrain/rightVelocity",0
33.909789,"/drivetrain/heading",-2.2899999618530273
33.909807,"/drivetrain/headingVelocity",0
33.909814,"/drivetrain/xAcceleration",0
33.90982,"/drivetrain/yAcceleration",0
33.909826,"/drivetrain/leftOutputLog",0
33.90983,"/drivetrain/rightOutputLog",0
33.910285,"/intake/pos",0
33.91029,"/intake/output",0
33.9106,"/shooter/rpm",0
33.910629,"/shooter/output",0.1
33.910669,"/shooter/hasBall",true
33.910692,"/shooter/temperature",40
33.911017,"/climber/rightPos",0
33.929919,"/drivetrain/leftPos",0
33.929937,"/drivetrain/leftVelocity",0
33.929953,"/drivetrain/rightPos",0
33.929966,"/drivetrain/rightVelocity",0
33.930004,"/drivetrain/heading",-2.2899999618530273
33.930014,"/drivetrain/headingVelocity",0
33.93002,"/drivetrain/xAcceleration",0
33.930025,"/drivetrain/yAcceleration",0
33.93003,"/drivetrain/leftOutputLog",0
33.930034,"/drivetrain/rightOutputLog",0
33.930336,"/intake/pos",0
33.930341,"/intake/output",0
33.930674,"/shooter/rpm",0
33.930764,"/shooter/output",0.1
33.930814,"/shooter/hasBall",true
33.930927,"/shooter/temperature",40
33.931182,"/climber/rightPos",0
33.949599,"/drivetrain/leftPos",0
33.949617,"/drivetrain/leftVelocity",0
33.949633,"/drivetrain/rightPos",0
33.949646,"/drivetrain/rightVelocity",0
33.949693,"/drivetrain/heading",-2.2899999618530273
33.949702,"/drivetrain/headingVelocity",0
33.949709,"/drivetrain/xAcceleration",0
33.949714,"/drivetrain/yAcceleration",0
33.949719,"/drivetrain/leftOutputLog",0
33.949723,"/drivetrain/rightOutputLog",0
33.950079,"/intake/pos",0
33.950084,"/intake/output",0
33.950439,"/shooter/rpm",0
33.950596,"/shooter/output",0.1
33.950739,"/shooter/hasBall",true
33.950794,"/shooter/temperature",40
33.951057,"/climber/rightPos",0
33.969472,"/drivetrain/leftPos",0
33.96949,"/drivetrain/leftVelocity",0
33.969506,"/drivetrain/rightPos",0
33.969518,"/drivetrain/rightVelocity",0
33.969551,"/drivetrain/heading",-2.2899999618530273
33.96956,"/drivetrain/headingVelocity",0
33.969566,"/drivetrain/xAcceleration",0
33.96957,"/drivetrain/yAcceleration",0
33.969575,"/drivetrain/leftOutputLog",0
33.969579,"/drivetrain/rightOutputLog",0
33.969777,"/intake/pos",0
33.969782,"/intake/output",0
33.970171,"/shooter/rpm",0
33.970194,"/shooter/output",0.1
33.970232,"/shooter/hasBall",true
33.970279,"/shooter/temperature",40
33.970428,"/climber/rightPos",0
33.990116,"/drivetrain/leftPos",0
33.990134,"/drivetrain/leftVelocity",0
33.990149,"/drivetrain/rightPos",0
33.990161,"/drivetrain/rightVelocity",0
33.990198,"/drivetrain/heading",-2.2899999618530273
33.990207,"/drivetrain/headingVelocity",0
33.990213,"/drivetrain/xAcceleration",0
33.990218,"/drivetrain/yAcceleration",0
33.990223,"/drivetrain/leftOutputLog",0
33.990226,"/drivetrain/rightOutputLog",0
33.990548,"/intake/pos",0
33.990552,"/intake/output",0
33.990914,"/shooter/rpm",0
33.990942,"/shooter/output",0.1
33.990984,"/shooter/hasBall",true
33.991033,"/shooter/temperature",40
33.99129,"/climber/rightPos",0
34.009936,"/drivetrain/leftPos",0
34.009964,"/drivetrain/leftVelocity",0
34.009982,"/drivetrain/rightPos",0
34.009994,"/drivetrain/rightVelocity",0
34.010032,"/drivetrain/heading",-2.2899999618530273
34.010042,"/drivetrain/headingVelocity",0.0610351525247097
34.010048,"/drivetrain/xAcceleration",0
34.010054,"/drivetrain/yAcceleration",0
34.010058,"/drivetrain/leftOutputLog",0
34.010062,"/drivetrain/rightOutputLog",0
34.010411,"/intake/pos",0
34.010417,"/intake/output",0
34.010692,"/shooter/rpm",0
34.010714,"/shooter/output",0.1
34.010751,"/shooter/hasBall",true
34.0108,"/shooter/temperature",40
34.01097,"/climber/rightPos",0
34.029396,"/drivetrain/leftPos",0
34.029414,"/drivetrain/leftVelocity",0
34.029431,"/drivetrain/rightPos",0
34.029444,"/drivetrain/rightVelocity",0
34.029492,"/drivetrain/heading",-2.2899999618530273
34.029503,"/drivetrain/headingVelocity",0.1220703050494194
34.029509,"/drivetrain/xAcceleration",0
34.029514,"/drivetrain/yAcceleration",0
34.02952,"/drivetrain/leftOutputLog",0
34.029524,"/drivetrain/rightOutputLog",0
34.029965,"/intake/pos",0
34.02997,"/intake/output",0
34.03045,"/shooter/rpm",0
34.030478,"/shooter/output",0.1
34.030515,"/shooter/hasBall",true
34.030552,"/shooter/temperature",40
34.030726,"/climber/rightPos",0
34.049357,"/drivetrain/leftPos",0
34.049376,"/drivetrain/leftVelocity",0
34.049392,"/drivetrain/rightPos",0
34.049404,"/drivetrain/rightVelocity",0
34.049457,"/drivetrain/heading",-2.299999952316284
34.049467,"/drivetrain/headingVelocity",0.1831054538488388
34.049474,"/drivetrain/xAcceleration",0
34.049479,"/drivetrain/yAcceleration",0
34.049484,"/drivetrain/leftOutputLog",0
34.049488,"/drivetrain/rightOutputLog",0
34.050044,"/intake/pos",0
34.05005,"/intake/output",0
34.050369,"/shooter/rpm",0
34.050402,"/shooter/output",0.1
34.05044,"/shooter/hasBall",true
34.050483,"/shooter/temperature",40
34.051042,"/climber/rightPos",0
34.070356,"/drivetrain/leftPos",0
34.070433,"/drivetrain/leftVelocity",0
34.070456,"/drivetrain/rightPos",0
34.070469,"/drivetrain/rightVelocity",0
34.070505,"/drivetrain/heading",-2.299999952316284
34.070514,"/drivetrain/headingVelocity",0.0610351525247097
34.070519,"/drivetrain/xAcceleration",0
34.070525,"/drivetrain/yAcceleration",0
34.07053,"/drivetrain/leftOutputLog",0
34.070534,"/drivetrain/rightOutputLog",0
34.071095,"/intake/pos",0
34.0711,"/intake/output",0
34.071444,"/shooter/rpm",0
34.07147,"/shooter/output",0.1
34.071509,"/shooter/hasBall",true
34.071548,"/shooter/temperature",40
34.071819,"/climber/rightPos",0
34.089244,"/drivetrain/leftPos",0
34.089261,"/drivetrain/leftVelocity",0
34.089277,"/drivetrain/rightPos",0
34.089288,"/drivetrain/rightVelocity",0
34.089325,"/drivetrain/heading",-2.299999952316284
34.08946,"/drivetrain/headingVelocity",0
34.089467,"/drivetrain/xAcceleration",0
34.089473,"/drivetrain/yAcceleration",0
34.089478,"/drivetrain/leftOutputLog",0
34.089482,"/drivetrain/rightOutputLog",0
34.090206,"/intake/pos",0
34.090326,"/intake/output",0
34.090652,"/shooter/rpm",0
34.09088,"/shooter/output",0.1
34.090937,"/shooter/hasBall",true
34.090978,"/shooter/temperature",40
34.091366,"/climber/rightPos",0
34.110108,"/drivetrain/leftPos",0
34.110125,"/drivetrain/leftVelocity",0
34.110221,"/drivetrain/rightPos",0
34.110239,"/drivetrain/rightVelocity",0
34.110273,"/drivetrain/heading",-2.299999952316284
34.110282,"/drivetrain/headingVelocity",0
34.110287,"/drivetrain/xAcceleration",0
34.110293,"/drivetrain/yAcceleration",0
34.110297,"/drivetrain/leftOutputLog",0
34.110301,"/drivetrain/rightOutputLog",0
34.110513,"/intake/pos",0
34.110565,"/intake/output",0
34.110772,"/shooter/rpm",0
34.110794,"/shooter/output",0.1
34.110871,"/shooter/hasBall",true
34.110908,"/shooter/temperature",40
34.111144,"/climber/rightPos",0
34.12993,"/drivetrain/leftPos",0
34.129947,"/drivetrain/leftVelocity",0
34.129962,"/drivetrain/rightPos",0
34.129974,"/drivetrain/rightVelocity",0
34.130005,"/drivetrain/heading",-2.299999952316284
34.130015,"/drivetrain/headingVelocity",-0.0610351525247097
34.130021,"/drivetrain/xAcceleration",0
34.130027,"/drivetrain/yAcceleration",-0.004000000189989805
34.130032,"/drivetrain/leftOutputLog",0
34.130036,"/drivetrain/rightOutputLog",0
34.130307,"/intake/pos",0
34.130311,"/intake/output",0
34.130531,"/shooter/rpm",0
34.130554,"/shooter/output",0.1
34.130589,"/shooter/hasBall",true
34.130615,"/shooter/temperature",40
34.130805,"/climber/rightPos",0
34.149892,"/drivetrain/leftPos",0
34.149908,"/drivetrain/leftVelocity",0
34.149924,"/drivetrain/rightPos",0
34.149935,"/drivetrain/rightVelocity",0
34.149971,"/drivetrain/heading",-2.2899999618530273
34.149979,"/drivetrain/headingVelocity",-0.1220703050494194
34.149985,"/drivetrain/xAcceleration",0
34.14999,"/drivetrain/yAcceleration",0
34.149995,"/drivetrain/leftOutputLog",0
34.149999,"/drivetrain/rightOutputLog",0
34.150222,"/intake/pos",0
34.150227,"/intake/output",0
34.150515,"/shooter/rpm",0
34.150538,"/shooter/output",0.1
34.150574,"/shooter/hasBall",true
34.150598,"/shooter/temperature",40
34.150747,"/climber/rightPos",0
34.169251,"/drivetrain/leftPos",0
34.169269,"/drivetrain/leftVelocity",0
34.169284,"/drivetrain/rightPos",0
34.169296,"/drivetrain/rightVelocity",0
34.169339,"/drivetrain/heading",-2.2899999618530273
34.169347,"/drivetrain/headingVelocity",0
34.169353,"/drivetrain/xAcceleration",0
34.169358,"/drivetrain/yAcceleration",0
34.169363,"/drivetrain/leftOutputLog",0
34.169366,"/drivetrain/rightOutputLog",0
34.169676,"/intake/pos",0
34.169681,"/intake/output",0
34.170611,"/shooter/rpm",0
34.17064,"/shooter/output",0.1
34.170685,"/shooter/hasBall",true
34.170736,"/shooter/temperature",40
34.170935,"/climber/rightPos",0
34.189262,"/drivetrain/leftPos",0
34.189282,"/drivetrain/leftVelocity",0
34.189298,"/drivetrain/rightPos",0
34.189311,"/drivetrain/rightVelocity",0
34.189352,"/drivetrain/heading",-2.2899999618530273
34.18941,"/drivetrain/headingVelocity",0
34.189417,"/drivetrain/xAcceleration",0
34.189422,"/drivetrain/yAcceleration",0
34.189427,"/drivetrain/leftOutputLog",0
34.189431,"/drivetrain/rightOutputLog",0
34.189622,"/intake/pos",0
34.189627,"/intake/output",0
34.190665,"/shooter/rpm",0
34.190818,"/shooter/output",0.1
34.190867,"/shooter/hasBall",true
34.191057,"/shooter/temperature",40
34.191248,"/climber/rightPos",0
34.209852,"/drivetrain/leftPos",0
34.210017,"/drivetrain/leftVelocity",0
34.210041,"/drivetrain/rightPos",0
34.210054,"/drivetrain/rightVelocity",0
34.210088,"/drivetrain/heading",-2.2899999618530273
34.210096,"/drivetrain/headingVelocity",0
34.210102,"/drivetrain/xAcceleration",0
34.210107,"/drivetrain/yAcceleration",0
34.210111,"/drivetrain/leftOutputLog",0
34.210115,"/drivetrain/rightOutputLog",0
34.210324,"/intake/pos",0
34.210329,"/intake/output",0
34.210608,"/shooter/rpm",0
34.210632,"/shooter/output",0.1
34.210668,"/shooter/hasBall",true
34.210711,"/shooter/temperature",40
34.210863,"/climber/rightPos",0
34.229482,"/drivetrain/leftPos",0
34.2295,"/drivetrain/leftVelocity",0
34.229516,"/drivetrain/rightPos",0
34.229527,"/drivetrain/rightVelocity",0
34.229573,"/drivetrain/heading",-2.2899999618530273
34.229582,"/drivetrain/headingVelocity",0
34.229588,"/drivetrain/xAcceleration",0
34.229593,"/drivetrain/yAcceleration",0
34.229598,"/drivetrain/leftOutputLog",0
34.229602,"/drivetrain/rightOutputLog",0
34.229993,"/intake/pos",0
34.23,"/intake/output",0
34.230737,"/shooter/rpm",0
34.230761,"/shooter/output",0.1
34.230803,"/shooter/hasBall",true
34.230852,"/shooter/temperature",40
34.231049,"/climber/rightPos",0
34.25024,"/drivetrain/leftPos",0
34.250257,"/drivetrain/leftVelocity",0
34.250273,"/drivetrain/rightPos",0
34.250285,"/drivetrain/rightVelocity",0
34.250319,"/drivetrain/heading",-2.2899999618530273
34.250329,"/drivetrain/headingVelocity",0
34.250335,"/drivetrain/xAcceleration",0
34.25034,"/drivetrain/yAcceleration",0
34.250344,"/drivetrain/leftOutputLog",0
34.250348,"/drivetrain/rightOutputLog",0
34.250617,"/intake/pos",0
34.250623,"/intake/output",0
34.250827,"/shooter/rpm",0
34.250892,"/shooter/output",0.1
34.25093,"/shooter/hasBall",true
34.250976,"/shooter/temperature",40
34.251295,"/climber/rightPos",0
34.269811,"/drivetrain/leftPos",0
34.269828,"/drivetrain/leftVelocity",0
34.269844,"/drivetrain/rightPos",0
34.269856,"/drivetrain/rightVelocity",0
34.269887,"/drivetrain/heading",-2.2899999618530273
34.269895,"/drivetrain/headingVelocity",0
34.269901,"/drivetrain/xAcceleration",0
34.269906,"/drivetrain/yAcceleration",0
34.26991,"/drivetrain/leftOutputLog",0
34.269914,"/drivetrain/rightOutputLog",0
34.270117,"/intake/pos",0
34.270122,"/intake/output",0
34.270334,"/shooter/rpm",0
34.2704,"/shooter/output",0.1
34.270437,"/shooter/hasBall",true
34.270473,"/shooter/temperature",40
34.270637,"/climber/rightPos",0
34.290114,"/drivetrain/leftPos",0
34.290134,"/drivetrain/leftVelocity",0
34.29015,"/drivetrain/rightPos",0
34.290163,"/drivetrain/rightVelocity",0
34.290262,"/drivetrain/heading",-2.2899999618530273
34.290272,"/drivetrain/headingVelocity",0
34.290278,"/drivetrain/xAcceleration",0
34.290283,"/drivetrain/yAcceleration",0
34.290288,"/drivetrain/leftOutputLog",0
34.290292,"/drivetrain/rightOutputLog",0
34.29053,"/intake/pos",0
34.290535,"/intake/output",0
34.290742,"/shooter/rpm",0
34.290816,"/shooter/output",0.1
34.290855,"/shooter/hasBall",true
34.290894,"/shooter/temperature",40
34.291115,"/climber/rightPos",0
34.309881,"/drivetrain/leftPos",0
34.310481,"/drivetrain/leftVelocity",0
34.310503,"/drivetrain/rightPos",0
34.310516,"/drivetrain/rightVelocity",0
34.310545,"/drivetrain/heading",-2.2899999618530273
34.310554,"/drivetrain/headingVelocity",0
34.310559,"/drivetrain/xAcceleration",0
34.310564,"/drivetrain/yAcceleration",0
34.310569,"/drivetrain/leftOutputLog",0
34.310573,"/drivetrain/rightOutputLog",0
34.310749,"/intake/pos",0
34.310753,"/intake/output",0
34.310974,"/shooter/rpm",0
34.310996,"/shooter/output",0.1
34.31103,"/shooter/hasBall",true
34.311066,"/shooter/temperature",40
34.311345,"/climber/rightPos",0
34.329241,"/drivetrain/leftPos",0
34.329257,"/drivetrain/leftVelocity",0
34.329273,"/drivetrain/rightPos",0
34.329284,"/drivetrain/rightVelocity",0
34.329322,"/drivetrain/heading",-2.2899999618530273
34.32933,"/drivetrain/headingVelocity",0
34.329336,"/drivetrain/xAcceleration",0
34.329341,"/drivetrain/yAcceleration",0
34.329346,"/drivetrain/leftOutputLog",0
34.329349,"/drivetrain/rightOutputLog",0
34.329602,"/intake/pos",0
34.329607,"/intake/output",0
34.329893,"/shooter/rpm",0
34.329914,"/shooter/output",0.1
34.329947,"/shooter/hasBall",true
34.329972,"/shooter/temperature",40
34.330119,"/climber/rightPos",0
34.349831,"/drivetrain/leftPos",0
34.349852,"/drivetrain/leftVelocity",0
34.349868,"/drivetrain/rightPos",0
34.34988,"/drivetrain/rightVelocity",0
34.34991,"/drivetrain/heading",-2.2899999618530273
34.349919,"/drivetrain/headingVelocity",0
34.349925,"/drivetrain/xAcceleration",0
34.34993,"/drivetrain/yAcceleration",0
34.349934,"/drivetrain/leftOutputLog",0
34.349938,"/drivetrain/rightOutputLog",0
34.350128,"/intake/pos",0
34.350133,"/intake/output",0
34.350361,"/shooter/rpm",0
34.350384,"/shooter/output",0.1
34.350418,"/shooter/hasBall",true
34.350449,"/shooter/temperature",40
34.350661,"/climber/rightPos",0
34.369301,"/drivetrain/leftPos",0
34.36932,"/drivetrain/leftVelocity",0
34.369385,"/drivetrain/rightPos",0
34.369403,"/drivetrain/rightVelocity",0
34.369447,"/drivetrain/heading",-2.2899999618530273
34.369456,"/drivetrain/headingVelocity",0
34.369462,"/drivetrain/xAcceleration",0
34.369468,"/drivetrain/yAcceleration",0
34.369473,"/drivetrain/leftOutputLog",0
34.369477,"/drivetrain/rightOutputLog",0
34.369701,"/intake/pos",0
34.369707,"/intake/output",0
34.369896,"/shooter/rpm",0
34.369916,"/shooter/output",0.1
34.36995,"/shooter/hasBall",true
34.369973,"/shooter/temperature",40
34.370285,"/climber/rightPos",0
34.390451,"/drivetrain/leftPos",0
34.390473,"/drivetrain/leftVelocity",0
34.390491,"/drivetrain/rightPos",0
34.390503,"/drivetrain/rightVelocity",0
34.390541,"/drivetrain/heading",-2.2899999618530273
34.390551,"/drivetrain/headingVelocity",0
34.390557,"/drivetrain/xAcceleration",0
34.390562,"/drivetrain/yAcceleration",0
34.390568,"/drivetrain/leftOutputLog",0
34.390571,"/drivetrain/rightOutputLog",0
34.390783,"/intake/pos",0
34.390787,"/intake/output",0
34.391002,"/shooter/rpm",0
34.391072,"/shooter/output",0.1
34.39111,"/shooter/hasBall",true
34.391134,"/shooter/temperature",40
34.391306,"/climber/rightPos",0
34.409891,"/drivetrain/leftPos",0
34.40991,"/drivetrain/leftVelocity",0
34.409927,"/drivetrain/rightPos",0
34.409939,"/drivetrain/rightVelocity",0
34.409987,"/drivetrain/heading",-2.2899999618530273
34.409998,"/drivetrain/headingVelocity",0
34.410004,"/drivetrain/xAcceleration",0
34.41001,"/drivetrain/yAcceleration",0
34.410015,"/drivetrain/leftOutputLog",0
34.410019,"/drivetrain/rightOutputLog",0
34.410381,"/intake/pos",0
34.410386,"/intake/output",0
34.410644,"/shooter/rpm",0
34.410669,"/shooter/output",0.1
34.41075,"/shooter/hasBall",true
34.410898,"/shooter/temperature",40
34.411098,"/climber/rightPos",0
34.433485,"/drivetrain/leftPos",0
34.433503,"/drivetrain/leftVelocity",0
34.43352,"/drivetrain/rightPos",0
34.433531,"/drivetrain/rightVelocity",0
34.433567,"/drivetrain/heading",-2.2899999618530273
34.433577,"/drivetrain/headingVelocity",0
34.433582,"/drivetrain/xAcceleration",0
34.433587,"/drivetrain/yAcceleration",0
34.433592,"/drivetrain/leftOutputLog",0
34.433596,"/drivetrain/rightOutputLog",0
34.434106,"/intake/pos",0
34.434111,"/intake/output",0
34.435025,"/shooter/rpm",0
34.43506,"/shooter/output",0.1
34.435106,"/shooter/hasBall",true
34.435156,"/shooter/temperature",40
34.435366,"/climber/rightPos",0
34.449583,"/drivetrain/leftPos",0
34.449603,"/drivetrain/leftVelocity",0
34.449619,"/drivetrain/rightPos",0
34.449632,"/drivetrain/rightVelocity",0
34.449682,"/drivetrain/heading",-2.2899999618530273
34.449692,"/drivetrain/headingVelocity",0
34.449698,"/drivetrain/xAcceleration",0
34.449703,"/drivetrain/yAcceleration",0
34.449708,"/drivetrain/leftOutputLog",0
34.449712,"/drivetrain/rightOutputLog",0
34.449976,"/intake/pos",0
34.449981,"/intake/output",0
34.450355,"/shooter/rpm",0
34.450385,"/shooter/output",0.1
34.450425,"/shooter/hasBall",true
34.450607,"/shooter/temperature",40
34.451236,"/climber/rightPos",0
34.469827,"/drivetrain/leftPos",0
34.47007,"/drivetrain/leftVelocity",0
34.470091,"/drivetrain/rightPos",0
34.470104,"/drivetrain/rightVelocity",0
34.470281,"/drivetrain/heading",-2.2899999618530273
34.470292,"/drivetrain/headingVelocity",0
34.470299,"/drivetrain/xAcceleration",0
34.470305,"/drivetrain/yAcceleration",0
34.47031,"/drivetrain/leftOutputLog",0
34.470314,"/drivetrain/rightOutputLog",0
34.471566,"/intake/pos",0
34.471574,"/intake/output",0
34.471969,"/shooter/rpm",0
34.472261,"/shooter/output",0.1
34.472318,"/shooter/hasBall",true
34.472451,"/shooter/temperature",40
34.472829,"/climber/rightPos",0
34.491988,"/drivetrain/leftPos",0
34.492005,"/drivetrain/leftVelocity",0
34.49202,"/drivetrain/rightPos",0
34.492031,"/drivetrain/rightVelocity",0
34.492076,"/drivetrain/heading",-2.2899999618530273
34.492085,"/drivetrain/headingVelocity",0
34.492091,"/drivetrain/xAcceleration",0
34.492096,"/drivetrain/yAcceleration",0
34.492101,"/drivetrain/leftOutputLog",0
34.492105,"/drivetrain/rightOutputLog",0
34.492426,"/intake/pos",0
34.492436,"/intake/output",0
34.492756,"/shooter/rpm",0
34.492783,"/shooter/output",0.1
34.492869,"/shooter/hasBall",true
34.492917,"/shooter/temperature",40
34.493111,"/climber/rightPos",0
34.509922,"/drivetrain/leftPos",0
34.509985,"/drivetrain/leftVelocity",0
34.510006,"/drivetrain/rightPos",0
34.51002,"/drivetrain/rightVelocity",0
34.510054,"/drivetrain/heading",-2.2899999618530273
34.510062,"/drivetrain/headingVelocity",0
34.510068,"/drivetrain/xAcceleration",0
34.510073,"/drivetrain/yAcceleration",0
34.510078,"/drivetrain/leftOutputLog",0
34.510082,"/drivetrain/rightOutputLog",0
34.510304,"/intake/pos",0
34.51031,"/intake/output",0
34.510534,"/shooter/rpm",0
34.510557,"/shooter/output",0.1
34.510592,"/shooter/hasBall",true
34.510632,"/shooter/temperature",40
34.510817,"/climber/rightPos",0
34.529586,"/drivetrain/leftPos",0
34.529604,"/drivetrain/leftVelocity",0
34.52962,"/drivetrain/rightPos",0
34.529631,"/drivetrain/rightVelocity",0
34.529664,"/drivetrain/heading",-2.2899999618530273
34.529673,"/drivetrain/headingVelocity",0
34.529679,"/drivetrain/xAcceleration",0
34.529684,"/drivetrain/yAcceleration",0
34.529688,"/drivetrain/leftOutputLog",0
34.529692,"/drivetrain/rightOutputLog",0
34.529996,"/intake/pos",0
34.530001,"/intake/output",0
34.530237,"/shooter/rpm",0
34.530263,"/shooter/output",0.1
34.5303,"/shooter/hasBall",true
34.530337,"/shooter/temperature",40
34.53051,"/climber/rightPos",0
34.550014,"/drivetrain/leftPos",0
34.550033,"/drivetrain/leftVelocity",0
34.55005,"/drivetrain/rightPos",0
34.550314,"/drivetrain/rightVelocity",0
34.550349,"/drivetrain/heading",-2.2899999618530273
34.550359,"/drivetrain/headingVelocity",0
34.550365,"/drivetrain/xAcceleration",0
34.55037,"/drivetrain/yAcceleration",0
34.550375,"/drivetrain/leftOutputLog",0
34.550379,"/drivetrain/rightOutputLog",0
34.550702,"/intake/pos",0
34.550708,"/intake/output",0
34.551001,"/shooter/rpm",0
34.551023,"/shooter/output",0.1
34.551059,"/shooter/hasBall",true
34.551096,"/shooter/temperature",40
34.55125,"/climber/rightPos",0
34.569332,"/drivetrain/leftPos",0
34.56935,"/drivetrain/leftVelocity",0
34.569366,"/drivetrain/rightPos",0
34.569378,"/drivetrain/rightVelocity",0
34.56942,"/drivetrain/heading",-2.2899999618530273
34.569428,"/drivetrain/headingVelocity",0
34.569434,"/drivetrain/xAcceleration",0
34.569439,"/drivetrain/yAcceleration",0
34.569443,"/drivetrain/leftOutputLog",0
34.569447,"/drivetrain/rightOutputLog",0
34.569641,"/intake/pos",0
34.569647,"/intake/output",0
34.569851,"/shooter/rpm",0
34.569873,"/shooter/output",0.1
34.569948,"/shooter/hasBall",true
34.569973,"/shooter/temperature",40
34.570224,"/climber/rightPos",0
34.590083,"/drivetrain/leftPos",0
34.590102,"/drivetrain/leftVelocity",0
34.590118,"/drivetrain/rightPos",0
34.59013,"/drivetrain/rightVelocity",0
34.590295,"/drivetrain/heading",-2.2899999618530273
34.590305,"/drivetrain/headingVelocity",0
34.59031,"/drivetrain/xAcceleration",0
34.590316,"/drivetrain/yAcceleration",0
34.590321,"/drivetrain/leftOutputLog",0
34.590325,"/drivetrain/rightOutputLog",0
34.590538,"/intake/pos",0
34.590544,"/intake/output",0
34.590947,"/shooter/rpm",0
34.590974,"/shooter/output",0.1
34.591009,"/shooter/hasBall",true
34.59104,"/shooter/temperature",40
34.591205,"/climber/rightPos",0
34.609539,"/drivetrain/leftPos",0
34.609558,"/drivetrain/leftVelocity",0
34.609574,"/drivetrain/rightPos",0
34.609586,"/drivetrain/rightVelocity",0
34.609744,"/drivetrain/heading",-2.299999952316284
34.609754,"/drivetrain/headingVelocity",0
34.609759,"/drivetrain/xAcceleration",0
34.609764,"/drivetrain/yAcceleration",0
34.609769,"/drivetrain/leftOutputLog",0
34.609773,"/drivetrain/rightOutputLog",0
34.609981,"/intake/pos",0
34.609986,"/intake/output",0
34.610224,"/shooter/rpm",0
34.610249,"/shooter/output",0.1
34.610285,"/shooter/hasBall",true
34.61031,"/shooter/temperature",40
34.61046,"/climber/rightPos",0
34.630567,"/drivetrain/leftPos",0
34.630608,"/drivetrain/leftVelocity",0
34.630627,"/drivetrain/rightPos",0
34.630639,"/drivetrain/rightVelocity",0
34.630669,"/drivetrain/heading",-2.299999952316284
34.630678,"/drivetrain/headingVelocity",0
34.630683,"/drivetrain/xAcceleration",0
34.630688,"/drivetrain/yAcceleration",0
34.630693,"/drivetrain/leftOutputLog",0
34.630697,"/drivetrain/rightOutputLog",0
34.63091,"/intake/pos",0
34.630915,"/intake/output",0
34.631099,"/shooter/rpm",0
34.631122,"/shooter/output",0.1
34.631157,"/shooter/hasBall",true
34.63118,"/shooter/temperature",40
34.631406,"/climber/rightPos",0
34.649656,"/drivetrain/leftPos",0
34.649674,"/drivetrain/leftVelocity",0
34.649691,"/drivetrain/rightPos",0
34.649703,"/drivetrain/rightVelocity",0
34.649808,"/drivetrain/heading",-2.299999952316284
34.649819,"/drivetrain/headingVelocity",0
34.650219,"/drivetrain/xAcceleration",0
34.650598,"/drivetrain/yAcceleration",0
34.650708,"/drivetrain/leftOutputLog",0
34.650714,"/drivetrain/rightOutputLog",0
34.651138,"/intake/pos",0
34.651143,"/intake/output",0
34.651415,"/shooter/rpm",0
34.651441,"/shooter/output",0.1
34.651477,"/shooter/hasBall",true
34.651521,"/shooter/temperature",40
34.651698,"/climber/rightPos",0
34.669661,"/drivetrain/leftPos",0
34.669726,"/drivetrain/leftVelocity",0
34.669752,"/drivetrain/rightPos",0
34.669766,"/drivetrain/rightVelocity",0
34.67048,"/drivetrain/heading",-2.299999952316284
34.670492,"/drivetrain/headingVelocity",0
34.670498,"/drivetrain/xAcceleration",0
34.670503,"/drivetrain/yAcceleration",0
34.670509,"/drivetrain/leftOutputLog",0
34.670513,"/drivetrain/rightOutputLog",0
34.670898,"/intake/pos",0
34.670903,"/intake/output",0
34.67116,"/shooter/rpm",0
34.671183,"/shooter/output",0.1
34.671219,"/shooter/hasBall",true
34.671262,"/shooter/temperature",40
34.671465,"/climber/rightPos",0
34.689644,"/drivetrain/leftPos",0
34.689664,"/drivetrain/leftVelocity",0
34.689682,"/drivetrain/rightPos",0
34.689694,"/drivetrain/rightVelocity",0
34.689852,"/drivetrain/heading",-2.299999952316284
34.689861,"/drivetrain/headingVelocity",0
34.689867,"/drivetrain/xAcceleration",0
34.689996,"/drivetrain/yAcceleration",0
34.690003,"/drivetrain/leftOutputLog",0
34.690007,"/drivetrain/rightOutputLog",0
34.690347,"/intake/pos",0
34.690353,"/intake/output",0
34.690602,"/shooter/rpm",0
34.690632,"/shooter/output",0.1
34.690669,"/shooter/hasBall",true
34.690775,"/shooter/temperature",40
34.690978,"/climber/rightPos",0
34.709996,"/drivetrain/leftPos",0
34.710015,"/drivetrain/leftVelocity",0
34.710032,"/drivetrain/rightPos",0
34.710044,"/drivetrain/rightVelocity",0
34.710091,"/drivetrain/heading",-2.299999952316284
34.710102,"/drivetrain/headingVelocity",0
34.710108,"/drivetrain/xAcceleration",0
34.710114,"/drivetrain/yAcceleration",0
34.710119,"/drivetrain/leftOutputLog",0
34.710122,"/drivetrain/rightOutputLog",0
34.710567,"/intake/pos",0
34.710573,"/intake/output",0
34.710764,"/shooter/rpm",0
34.710792,"/shooter/output",0.1
34.71083,"/shooter/hasBall",true
34.710873,"/shooter/temperature",40
34.711083,"/climber/rightPos",0
34.729309,"/drivetrain/leftPos",0
34.729327,"/drivetrain/leftVelocity",0
34.729343,"/drivetrain/rightPos",0
34.729354,"/drivetrain/rightVelocity",0
34.72944,"/drivetrain/heading",-2.299999952316284
34.72945,"/drivetrain/headingVelocity",0
34.729456,"/drivetrain/xAcceleration",0
34.729462,"/drivetrain/yAcceleration",0
34.729467,"/drivetrain/leftOutputLog",0
34.729471,"/drivetrain/rightOutputLog",0
34.730076,"/intake/pos",0
34.730082,"/intake/output",0
34.730743,"/shooter/rpm",0
34.731049,"/shooter/output",0.1
34.731099,"/shooter/hasBall",true
34.731151,"/shooter/temperature",40
34.731633,"/climber/rightPos",0
34.749259,"/drivetrain/leftPos",0
34.749276,"/drivetrain/leftVelocity",0
34.749293,"/drivetrain/rightPos",0
34.749304,"/drivetrain/rightVelocity",0
34.749345,"/drivetrain/heading",-2.299999952316284
34.749354,"/drivetrain/headingVelocity",0
34.749359,"/drivetrain/xAcceleration",0
34.749364,"/drivetrain/yAcceleration",0.003000000026077032
34.749369,"/drivetrain/leftOutputLog",0
34.749373,"/drivetrain/rightOutputLog",0
34.749608,"/intake/pos",0
34.749613,"/intake/output",0
34.749819,"/shooter/rpm",0
34.74988,"/shooter/output",0.1
34.749924,"/shooter/hasBall",true
34.749959,"/shooter/temperature",40
34.750116,"/climber/rightPos",0
34.769282,"/drivetrain/leftPos",0
34.7693,"/drivetrain/leftVelocity",0
34.769316,"/drivetrain/rightPos",0
34.769328,"/drivetrain/rightVelocity",0
34.769369,"/drivetrain/heading",-2.299999952316284
34.769378,"/drivetrain/headingVelocity",-0.0610351525247097
34.769384,"/drivetrain/xAcceleration",0
34.769389,"/drivetrain/yAcceleration",0
34.769394,"/drivetrain/leftOutputLog",0
34.769398,"/drivetrain/rightOutputLog",0
34.76959,"/intake/pos",0
34.769595,"/intake/output",0
34.770295,"/shooter/rpm",0
34.770595,"/shooter/output",0.1
34.770645,"/shooter/hasBall",true
34.77069,"/shooter/temperature",40
34.771214,"/climber/rightPos",0
34.789301,"/drivetrain/leftPos",0
34.789319,"/drivetrain/leftVelocity",0
34.789335,"/drivetrain/rightPos",0
34.789347,"/drivetrain/rightVelocity",0
34.789395,"/drivetrain/heading",-2.299999952316284
34.789405,"/drivetrain/headingVelocity",-0.0610351525247097
34.789412,"/drivetrain/xAcceleration",0
34.789417,"/drivetrain/yAcceleration",0
34.789422,"/drivetrain/leftOutputLog",0
34.789426,"/drivetrain/rightOutputLog",0
34.789723,"/intake/pos",0
34.789728,"/intake/output",0
34.789919,"/shooter/rpm",0
34.789944,"/shooter/output",0.1
34.789979,"/shooter/hasBall",true
34.790017,"/shooter/temperature",40
34.790226,"/climber/rightPos",0
34.810999,"/drivetrain/leftPos",0
34.81102,"/drivetrain/leftVelocity",0
34.811038,"/drivetrain/rightPos",0
34.811053,"/drivetrain/rightVelocity",0
34.811098,"/drivetrain/heading",-2.2899999618530273
34.811108,"/drivetrain/headingVelocity",0
34.811115,"/drivetrain/xAcceleration",0
34.811247,"/drivetrain/yAcceleration",0
34.811252,"/drivetrain/leftOutputLog",0
34.811256,"/drivetrain/rightOutputLog",0
34.811514,"/intake/pos",0
34.81152,"/intake/output",0
34.811763,"/shooter/rpm",0
34.811791,"/shooter/output",0.1
34.811831,"/shooter/hasBall",true
34.811873,"/shooter/temperature",40
34.812097,"/climber/rightPos",0
34.830221,"/drivetrain/leftPos",0
34.830238,"/drivetrain/leftVelocity",0
34.830253,"/drivetrain/rightPos",0
34.830265,"/drivetrain/rightVelocity",0
34.8303,"/drivetrain/heading",-2.2899999618530273
34.830309,"/drivetrain/headingVelocity",-0.0610351525247097
34.830316,"/drivetrain/xAcceleration",0
34.830321,"/drivetrain/yAcceleration",-0.004000000189989805
34.830326,"/drivetrain/leftOutputLog",0
34.830329,"/drivetrain/rightOutputLog",0
34.830627,"/intake/pos",0
34.830632,"/intake/output",0
34.830815,"/shooter/rpm",0
34.830839,"/shooter/output",0.1
34.830884,"/shooter/hasBall",true
34.830909,"/shooter/temperature",40
34.831201,"/climber/rightPos",0
34.849342,"/drivetrain/leftPos",0
34.84936,"/drivetrain/leftVelocity",0
34.849376,"/drivetrain/rightPos",0
34.849388,"/drivetrain/rightVelocity",0
34.849434,"/drivetrain/heading",-2.2899999618530273
34.849444,"/drivetrain/headingVelocity",0
34.84945,"/drivetrain/xAcceleration",0
34.849455,"/drivetrain/yAcceleration",0
34.84946,"/drivetrain/leftOutputLog",0
34.849464,"/drivetrain/rightOutputLog",0
34.849734,"/intake/pos",0
34.849739,"/intake/output",0
34.849943,"/shooter/rpm",0
34.85054,"/shooter/output",0.1
34.850602,"/shooter/hasBall",true
34.850646,"/shooter/temperature",40
34.851207,"/climber/rightPos",0
34.86969,"/drivetrain/leftPos",0
34.869707,"/drivetrain/leftVelocity",0
34.869722,"/drivetrain/rightPos",0
34.869734,"/drivetrain/rightVelocity",0
34.869777,"/drivetrain/heading",-2.2899999618530273
34.869786,"/drivetrain/headingVelocity",0
34.869791,"/drivetrain/xAcceleration",0
34.869796,"/drivetrain/yAcceleration",0
34.869801,"/drivetrain/leftOutputLog",0
34.869805,"/drivetrain/rightOutputLog",0
34.869996,"/intake/pos",0
34.870001,"/intake/output",0
34.870342,"/shooter/rpm",0
34.870369,"/shooter/output",0.1
34.870406,"/shooter/hasBall",true
34.870431,"/shooter/temperature",40
34.870618,"/climber/rightPos",0
34.889279,"/drivetrain/leftPos",0
34.889296,"/drivetrain/leftVelocity",0
34.889311,"/drivetrain/rightPos",0
34.889322,"/drivetrain/rightVelocity",0
34.889364,"/drivetrain/heading",-2.2899999618530273
34.889373,"/drivetrain/headingVelocity",0
34.889378,"/drivetrain/xAcceleration",0
34.889383,"/drivetrain/yAcceleration",0
34.889388,"/drivetrain/leftOutputLog",0
34.889392,"/drivetrain/rightOutputLog",0
34.890103,"/intake/pos",0
34.890429,"/intake/output",0
34.890943,"/shooter/rpm",0
34.890967,"/shooter/output",0.1
34.891015,"/shooter/hasBall",true
34.891041,"/shooter/temperature",40
34.891575,"/climber/rightPos",0
34.909308,"/drivetrain/leftPos",0
34.909325,"/drivetrain/leftVelocity",0
34.909339,"/drivetrain/rightPos",0
34.909351,"/drivetrain/rightVelocity",0
34.909537,"/drivetrain/heading",-2.2899999618530273
34.909549,"/drivetrain/headingVelocity",0
34.909555,"/drivetrain/xAcceleration",0
34.90956,"/drivetrain/yAcceleration",0
34.909566,"/drivetrain/leftOutputLog",0
34.90957,"/drivetrain/rightOutputLog",0
34.910205,"/intake/pos",0
34.91021,"/intake/output",0
34.910949,"/shooter/rpm",0
34.910969,"/shooter/output",0.1
34.911011,"/shooter/hasBall",true
34.911058,"/shooter/temperature",40
34.911252,"/climber/rightPos",0
34.930318,"/drivetrain/leftPos",0
34.930338,"/drivetrain/leftVelocity",0
34.930354,"/drivetrain/rightPos",0
34.930365,"/drivetrain/rightVelocity",0
34.930397,"/drivetrain/heading",-2.2899999618530273
34.930407,"/drivetrain/headingVelocity",0
34.930413,"/drivetrain/xAcceleration",0
34.930418,"/drivetrain/yAcceleration",0
34.930423,"/drivetrain/leftOutputLog",0
34.930427,"/drivetrain/rightOutputLog",0
34.9307,"/intake/pos",0
34.930705,"/intake/output",0
34.930915,"/shooter/rpm",0
34.930978,"/shooter/output",0.1
34.931015,"/shooter/hasBall",true
34.931057,"/shooter/temperature",40
34.931218,"/climber/rightPos",0
34.949241,"/drivetrain/leftPos",0
34.949259,"/drivetrain/leftVelocity",0
34.949275,"/drivetrain/rightPos",0
34.949286,"/drivetrain/rightVelocity",0
34.949327,"/drivetrain/heading",-2.2899999618530273
34.949335,"/drivetrain/headingVelocity",0
34.949341,"/drivetrain/xAcceleration",0
34.949346,"/drivetrain/yAcceleration",-0.003000000026077032
34.949351,"/drivetrain/leftOutputLog",0
34.949355,"/drivetrain/rightOutputLog",0
34.949657,"/intake/pos",0
34.949663,"/intake/output",0
34.949994,"/shooter/rpm",0
34.950426,"/shooter/output",0.1
34.950673,"/shooter/hasBall",true
34.950737,"/shooter/temperature",40
34.950916,"/climber/rightPos",0
34.969252,"/drivetrain/leftPos",0
34.969269,"/drivetrain/leftVelocity",0
34.969286,"/drivetrain/rightPos",0
34.969298,"/drivetrain/rightVelocity",0
34.96934,"/drivetrain/heading",-2.2899999618530273
34.969348,"/drivetrain/headingVelocity",0
34.969354,"/drivetrain/xAcceleration",0
34.969359,"/drivetrain/yAcceleration",0
34.969364,"/drivetrain/leftOutputLog",0
34.969368,"/drivetrain/rightOutputLog",0
34.969749,"/intake/pos",0
34.969756,"/intake/output",0
34.970028,"/shooter/rpm",0
34.971989,"/shooter/output",0.1
34.972125,"/shooter/hasBall",true
34.972175,"/shooter/temperature",40
34.972404,"/climber/rightPos",0
34.989663,"/drivetrain/leftPos",0
34.989682,"/drivetrain/leftVelocity",0
34.989699,"/drivetrain/rightPos",0
34.989711,"/drivetrain/rightVelocity",0
34.989762,"/drivetrain/heading",-2.2899999618530273
34.989772,"/drivetrain/headingVelocity",0
34.989778,"/drivetrain/xAcceleration",0
34.989784,"/drivetrain/yAcceleration",0
34.989789,"/drivetrain/leftOutputLog",0
34.989792,"/drivetrain/rightOutputLog",0
34.990104,"/intake/pos",0
34.990113,"/intake/output",0
34.990496,"/shooter/rpm",0
34.990523,"/shooter/output",0.1
34.990568,"/shooter/hasBall",true
34.991012,"/shooter/temperature",40
34.9912,"/climber/rightPos",0
35.009288,"/drivetrain/leftPos",0
35.009305,"/drivetrain/leftVelocity",0
35.009321,"/drivetrain/rightPos",0
35.009334,"/drivetrain/rightVelocity",0
35.009377,"/drivetrain/heading",-2.2899999618530273
35.009386,"/drivetrain/headingVelocity",0.0610351525247097
35.009392,"/drivetrain/xAcceleration",0
35.009397,"/drivetrain/yAcceleration",0
35.009402,"/drivetrain/leftOutputLog",0
35.009405,"/drivetrain/rightOutputLog",0
35.009597,"/intake/pos",0
35.009602,"/intake/output",0
35.009816,"/shooter/rpm",0
35.009844,"/shooter/output",0.1
35.009896,"/shooter/hasBall",true
35.010198,"/shooter/temperature",40
35.010421,"/climber/rightPos",0
35.04417,"/drivetrain/leftPos",0
35.044186,"/drivetrain/leftVelocity",0
35.0442,"/drivetrain/rightPos",0
35.044211,"/drivetrain/rightVelocity",0
35.044252,"/drivetrain/heading",-2.2899999618530273
35.044261,"/drivetrain/headingVelocity",0
35.044268,"/drivetrain/xAcceleration",0
35.044274,"/drivetrain/yAcceleration",0
35.044279,"/drivetrain/leftOutputLog",0
35.044282,"/drivetrain/rightOutputLog",0
35.044526,"/intake/pos",0
35.044532,"/intake/output",0
35.04476,"/shooter/rpm",0
35.044786,"/shooter/output",0.1
35.044829,"/shooter/hasBall",true
35.044871,"/shooter/temperature",40
35.045071,"/climber/rightPos",0
35.122006,"/drivetrain/leftPos",0
35.122025,"/drivetrain/leftVelocity",0
35.12204,"/drivetrain/rightPos",0
35.122052,"/drivetrain/rightVelocity",0
35.122094,"/drivetrain/heading",-2.2899999618530273
35.122103,"/drivetrain/headingVelocity",0
35.122109,"/drivetrain/xAcceleration",0
35.122114,"/drivetrain/yAcceleration",0
35.122119,"/drivetrain/leftOutputLog",0
35.122123,"/drivetrain/rightOutputLog",-0
35.122348,"/intake/pos",0
35.122354,"/intake/output",0
35.122563,"/shooter/rpm",0
35.122589,"/shooter/output",0.1
35.122629,"/shooter/hasBall",true
35.122661,"/shooter/temperature",40
35.122896,"/climber/rightPos",0
35.127279,"/drivetrain/leftPos",0
35.1273,"/drivetrain/leftVelocity",0
35.127318,"/drivetrain/rightPos",0
35.127332,"/drivetrain/rightVelocity",0
35.127419,"/drivetrain/heading",-2.2899999618530273
35.127429,"/drivetrain/headingVelocity",0
35.127435,"/drivetrain/xAcceleration",0
35.12744,"/drivetrain/yAcceleration",0
35.127445,"/drivetrain/leftOutputLog",0
35.127448,"/drivetrain/rightOutputLog",-0
35.127768,"/intake/pos",0
35.127773,"/intake/output",0
35.128045,"/shooter/rpm",0
35.128068,"/shooter/output",0.1
35.128178,"/shooter/hasBall",true
35.128205,"/shooter/temperature",40
35.128431,"/climber/rightPos",0
35.134313,"/drivetrain/leftPos",0
35.134339,"/drivetrain/leftVelocity",0
35.134356,"/drivetrain/rightPos",0
35.13437,"/drivetrain/rightVelocity",0
35.134458,"/drivetrain/heading",-2.2899999618530273
35.134468,"/drivetrain/headingVelocity",0
35.134474,"/drivetrain/xAcceleration",0
35.134479,"/drivetrain/yAcceleration",0
35.134483,"/drivetrain/leftOutputLog",0
35.134487,"/drivetrain/rightOutputLog",-0
35.134867,"/intake/pos",0
35.135025,"/intake/output",0
35.13548,"/shooter/rpm",0
35.135514,"/shooter/output",0.1
35.135558,"/shooter/hasBall",true
35.135664,"/shooter/temperature",40
35.136219,"/climber/rightPos",0
35.14227,"/drivetrain/leftPos",0
35.142291,"/drivetrain/leftVelocity",0
35.142415,"/drivetrain/rightPos",0
35.142431,"/drivetrain/rightVelocity",0
35.142523,"/drivetrain/heading",-2.2899999618530273
35.142533,"/drivetrain/headingVelocity",0
35.142539,"/drivetrain/xAcceleration",0
35.142544,"/drivetrain/yAcceleration",0
35.142548,"/drivetrain/leftOutputLog",0
35.142552,"/drivetrain/rightOutputLog",-0
35.14284,"/intake/pos",0
35.142845,"/intake/output",0
35.143158,"/shooter/rpm",0
35.14318,"/shooter/output",0.1
35.143274,"/shooter/hasBall",true
35.143299,"/shooter/temperature",40
35.143572,"/climber/rightPos",0
35.149538,"/drivetrain/leftPos",0
35.149558,"/drivetrain/leftVelocity",0
35.14958,"/drivetrain/rightPos",0
35.149594,"/drivetrain/rightVelocity",0
35.149682,"/drivetrain/heading",-2.2899999618530273
35.149692,"/drivetrain/headingVelocity",0
35.149698,"/drivetrain/xAcceleration",0
35.149703,"/drivetrain/yAcceleration",0
35.149708,"/drivetrain/leftOutputLog",0
35.149712,"/drivetrain/rightOutputLog",-0
35.149998,"/intake/pos",0
35.150003,"/intake/output",0
35.150312,"/shooter/rpm",0
35.150335,"/shooter/output",0.1
35.150427,"/shooter/hasBall",true
35.150453,"/shooter/temperature",40
35.150594,"/climber/rightPos",0
35.157645,"/drivetrain/leftPos",0
35.157745,"/drivetrain/leftVelocity",0
35.157765,"/drivetrain/rightPos",0
35.157779,"/drivetrain/rightVelocity",0
35.157886,"/drivetrain/heading",-2.2899999618530273
35.1579,"/drivetrain/headingVelocity",0
35.157906,"/drivetrain/xAcceleration",0
35.157911,"/drivetrain/yAcceleration",0
35.157916,"/drivetrain/leftOutputLog",0
35.15792,"/drivetrain/rightOutputLog",-0
35.158124,"/intake/pos",0
35.158129,"/intake/output",0
35.158436,"/shooter/rpm",0
35.15846,"/shooter/output",0.1
35.158568,"/shooter/hasBall",true
35.158593,"/shooter/temperature",40
35.158754,"/climber/rightPos",0
35.169336,"/drivetrain/leftPos",0
35.169354,"/drivetrain/leftVelocity",0
35.169423,"/drivetrain/rightPos",0
35.169447,"/drivetrain/rightVelocity",0
35.169489,"/drivetrain/heading",-2.2899999618530273
35.169499,"/drivetrain/headingVelocity",0
35.169504,"/drivetrain/xAcceleration",0
35.169509,"/drivetrain/yAcceleration",0
35.169568,"/drivetrain/leftOutputLog",0
35.169572,"/drivetrain/rightOutputLog",-0
35.169779,"/intake/pos",0
35.169783,"/intake/output",0
35.170189,"/shooter/rpm",0
35.170442,"/shooter/output",0.1
35.170489,"/shooter/hasBall",true
35.170716,"/shooter/temperature",40
35.17114,"/climber/rightPos",0
35.189482,"/drivetrain/leftPos",0
35.189617,"/drivetrain/leftVelocity",0
35.189637,"/drivetrain/rightPos",0
35.189711,"/drivetrain/rightVelocity",0
35.189764,"/drivetrain/heading",-2.2899999618530273
35.189774,"/drivetrain/headingVelocity",0
35.18978,"/drivetrain/xAcceleration",0
35.189785,"/drivetrain/yAcceleration",0
35.189847,"/drivetrain/leftOutputLog",0
35.189852,"/drivetrain/rightOutputLog",-0
35.19031,"/intake/pos",0
35.190319,"/intake/output",0
35.190653,"/shooter/rpm",0
35.190685,"/shooter/output",0.1
35.190806,"/shooter/hasBall",true
35.190862,"/shooter/temperature",40
35.191161,"/climber/rightPos",0
35.209185,"/drivetrain/leftPos",0
35.209212,"/drivetrain/leftVelocity",0
35.209228,"/drivetrain/rightPos",0
35.209239,"/drivetrain/rightVelocity",0
35.209284,"/drivetrain/heading",-2.2899999618530273
35.209294,"/drivetrain/headingVelocity",0
35.2093,"/drivetrain/xAcceleration",0
35.209305,"/drivetrain/yAcceleration",0
35.20931,"/drivetrain/leftOutputLog",0
35.209313,"/drivetrain/rightOutputLog",-0
35.209565,"/intake/pos",0
35.209571,"/intake/output",0
35.209982,"/shooter/rpm",0
35.210012,"/shooter/output",0.1
35.210055,"/shooter/hasBall",true
35.210102,"/shooter/temperature",40
35.21054,"/climber/rightPos",0
35.229186,"/drivetrain/leftPos",0
35.229202,"/drivetrain/leftVelocity",0
35.229217,"/drivetrain/rightPos",0
35.229228,"/drivetrain/rightVelocity",0
35.22927,"/drivetrain/heading",-2.2899999618530273
35.229279,"/drivetrain/headingVelocity",0
35.229285,"/drivetrain/xAcceleration",0
35.22929,"/drivetrain/yAcceleration",0
35.229295,"/drivetrain/leftOutputLog",0
35.229348,"/drivetrain/rightOutputLog",-0
35.229643,"/intake/pos",0
35.229648,"/intake/output",0
35.230321,"/shooter/rpm",0
35.230355,"/shooter/output",0.1
35.230399,"/shooter/hasBall",true
35.230512,"/shooter/temperature",40
35.230803,"/climber/rightPos",0
35.249144,"/drivetrain/leftPos",0
35.249162,"/drivetrain/leftVelocity",0
35.249178,"/drivetrain/rightPos",0
35.24919,"/drivetrain/rightVelocity",0
35.249234,"/drivetrain/heading",-2.2899999618530273
35.249242,"/drivetrain/headingVelocity",0
35.249248,"/drivetrain/xAcceleration",0
35.249253,"/drivetrain/yAcceleration",0
35.249257,"/drivetrain/leftOutputLog",0
35.249261,"/drivetrain/rightOutputLog",-0
35.249454,"/intake/pos",0
35.249458,"/intake/output",0
35.24981,"/shooter/rpm",0
35.249841,"/shooter/output",0.1
35.249893,"/shooter/hasBall",true
35.249991,"/shooter/temperature",40
35.25016,"/climber/rightPos",0
35.269116,"/drivetrain/leftPos",0
35.269135,"/drivetrain/leftVelocity",0
35.269151,"/drivetrain/rightPos",0
35.269163,"/drivetrain/rightVelocity",0
35.269205,"/drivetrain/heading",-2.2899999618530273
35.269215,"/drivetrain/headingVelocity",0
35.269222,"/drivetrain/xAcceleration",0
35.269227,"/drivetrain/yAcceleration",0
35.269232,"/drivetrain/leftOutputLog",0
35.269236,"/drivetrain/rightOutputLog",-0
35.269499,"/intake/pos",0
35.269503,"/intake/output",0
35.269785,"/shooter/rpm",0
35.269807,"/shooter/output",0.1
35.269842,"/shooter/hasBall",true
35.269887,"/shooter/temperature",40
35.270033,"/climber/rightPos",0
35.289157,"/drivetrain/leftPos",0
35.289174,"/drivetrain/leftVelocity",0
35.28919,"/drivetrain/rightPos",0
35.289202,"/drivetrain/rightVelocity",0
35.289242,"/drivetrain/heading",-2.2899999618530273
35.28925,"/drivetrain/headingVelocity",0
35.289256,"/drivetrain/xAcceleration",0
35.289261,"/drivetrain/yAcceleration",0
35.289266,"/drivetrain/leftOutputLog",0
35.289269,"/drivetrain/rightOutputLog",-0
35.289458,"/intake/pos",0
35.289463,"/intake/output",0
35.290305,"/shooter/rpm",0
35.290338,"/shooter/output",0.1
35.290384,"/shooter/hasBall",true
35.290429,"/shooter/temperature",40
35.291664,"/climber/rightPos",0
35.309093,"/drivetrain/leftPos",0
35.309112,"/drivetrain/leftVelocity",0
35.309127,"/drivetrain/rightPos",0
35.309138,"/drivetrain/rightVelocity",0
35.30918,"/drivetrain/heading",-2.2899999618530273
35.309189,"/drivetrain/headingVelocity",0
35.309195,"/drivetrain/xAcceleration",0
35.3092,"/drivetrain/yAcceleration",0
35.309205,"/drivetrain/leftOutputLog",0
35.309209,"/drivetrain/rightOutputLog",-0
35.309506,"/intake/pos",0
35.309511,"/intake/output",0
35.310234,"/shooter/rpm",0
35.310267,"/shooter/output",0.1
35.310313,"/shooter/hasBall",true
35.310345,"/shooter/temperature",40
35.310761,"/climber/rightPos",0
35.329099,"/drivetrain/leftPos",0
35.329117,"/drivetrain/leftVelocity",0
35.329132,"/drivetrain/rightPos",0
35.329144,"/drivetrain/rightVelocity",0
35.329186,"/drivetrain/heading",-2.2899999618530273
35.329195,"/drivetrain/headingVelocity",0
35.3292,"/drivetrain/xAcceleration",0
35.329205,"/drivetrain/yAcceleration",0
35.32921,"/drivetrain/leftOutputLog",0
35.329214,"/drivetrain/rightOutputLog",-0
35.329402,"/intake/pos",0
35.329407,"/intake/output",0
35.329645,"/shooter/rpm",0
35.329667,"/shooter/output",0.1
35.329703,"/shooter/hasBall",true
35.329729,"/shooter/temperature",40
35.329976,"/climber/rightPos",0
35.349182,"/drivetrain/leftPos",0
35.3492,"/drivetrain/leftVelocity",0
35.349216,"/drivetrain/rightPos",0
35.349228,"/drivetrain/rightVelocity",0
35.349269,"/drivetrain/heading",-2.2899999618530273
35.349278,"/drivetrain/headingVelocity",0.0610351525247097
35.349322,"/drivetrain/xAcceleration",0
35.349328,"/drivetrain/yAcceleration",0
35.349333,"/drivetrain/leftOutputLog",0
35.349337,"/drivetrain/rightOutputLog",-0
35.349678,"/intake/pos",0
35.349687,"/intake/output",0
35.350102,"/shooter/rpm",0
35.350131,"/shooter/output",0.1
35.350172,"/shooter/hasBall",true
35.350197,"/shooter/temperature",40
35.350386,"/climber/rightPos",0
35.369115,"/drivetrain/leftPos",0
35.369134,"/drivetrain/leftVelocity",0
35.3692,"/drivetrain/rightPos",0
35.369215,"/drivetrain/rightVelocity",0
35.369257,"/drivetrain/heading",-2.299999952316284
35.369267,"/drivetrain/headingVelocity",0.0610351525247097
35.369272,"/drivetrain/xAcceleration",0
35.369278,"/drivetrain/yAcceleration",0
35.369283,"/drivetrain/leftOutputLog",0
35.369286,"/drivetrain/rightOutputLog",-0
35.369468,"/intake/pos",0
35.369472,"/intake/output",0
35.36967,"/shooter/rpm",0
35.369691,"/shooter/output",0.1
35.369767,"/shooter/hasBall",true
35.369814,"/shooter/temperature",40
35.369991,"/climber/rightPos",0
35.389127,"/drivetrain/leftPos",0
35.389144,"/drivetrain/leftVelocity",0
35.389159,"/drivetrain/rightPos",0
35.389171,"/drivetrain/rightVelocity",0
35.389215,"/drivetrain/heading",-2.299999952316284
35.389224,"/drivetrain/headingVelocity",0
35.38923,"/drivetrain/xAcceleration",0
35.389235,"/drivetrain/yAcceleration",0
35.38924,"/drivetrain/leftOutputLog",0
35.389244,"/drivetrain/rightOutputLog",-0
35.389435,"/intake/pos",0
35.38944,"/intake/output",0
35.389925,"/shooter/rpm",0
35.389956,"/shooter/output",0.1
35.39001,"/shooter/hasBall",true
35.390718,"/shooter/temperature",40
35.390924,"/climber/rightPos",0
35.409139,"/drivetrain/leftPos",0
35.409157,"/drivetrain/leftVelocity",0
35.409173,"/drivetrain/rightPos",0
35.409185,"/drivetrain/rightVelocity",0
35.409225,"/drivetrain/heading",-2.299999952316284
35.409234,"/drivetrain/headingVelocity",0
35.409239,"/drivetrain/xAcceleration",0
35.409244,"/drivetrain/yAcceleration",0
35.409249,"/drivetrain/leftOutputLog",0
35.409253,"/drivetrain/rightOutputLog",-0
35.409662,"/intake/pos",0
35.409668,"/intake/output",0
35.41033,"/shooter/rpm",0
35.410359,"/shooter/output",0.1
35.41041,"/shooter/hasBall",true
35.410462,"/shooter/temperature",40
35.410793,"/climber/rightPos",0
35.429149,"/drivetrain/leftPos",0
35.429167,"/drivetrain/leftVelocity",0
35.429183,"/drivetrain/rightPos",0
35.429194,"/drivetrain/rightVelocity",0
35.429237,"/drivetrain/heading",-2.299999952316284
35.429247,"/drivetrain/headingVelocity",0
35.429253,"/drivetrain/xAcceleration",0
35.429258,"/drivetrain/yAcceleration",0
35.429262,"/drivetrain/leftOutputLog",0
35.429266,"/drivetrain/rightOutputLog",-0
35.429457,"/intake/pos",0
35.429463,"/intake/output",0
35.429997,"/shooter/rpm",0
35.43029,"/shooter/output",0.1
35.430337,"/shooter/hasBall",true
35.430388,"/shooter/temperature",40
35.430786,"/climber/rightPos",0
35.449112,"/drivetrain/leftPos",0
35.449129,"/drivetrain/leftVelocity",0
35.449145,"/drivetrain/rightPos",0
35.449156,"/drivetrain/rightVelocity",0
35.449199,"/drivetrain/heading",-2.299999952316284
35.449208,"/drivetrain/headingVelocity",0
35.449213,"/drivetrain/xAcceleration",0
35.449218,"/drivetrain/yAcceleration",0
35.449223,"/drivetrain/leftOutputLog",0
35.449227,"/drivetrain/rightOutputLog",-0
35.449487,"/intake/pos",0
35.449492,"/intake/output",0
35.449991,"/shooter/rpm",0
35.450022,"/shooter/output",0.1
35.45007,"/shooter/hasBall",true
35.45058,"/shooter/temperature",40
35.450929,"/climber/rightPos",0
35.469318,"/drivetrain/leftPos",0
35.469335,"/drivetrain/leftVelocity",0
35.469349,"/drivetrain/rightPos",0
35.46936,"/drivetrain/rightVelocity",0
35.469398,"/drivetrain/heading",-2.299999952316284
35.469408,"/drivetrain/headingVelocity",0.0610351525247097
35.469413,"/drivetrain/xAcceleration",0
35.469418,"/drivetrain/yAcceleration",0
35.469423,"/drivetrain/leftOutputLog",0
35.469426,"/drivetrain/rightOutputLog",-0
35.469611,"/intake/pos",0
35.469616,"/intake/output",0
35.469825,"/shooter/rpm",0
35.469889,"/shooter/output",0.1
35.469933,"/shooter/hasBall",true
35.469968,"/shooter/temperature",40
35.470123,"/climber/rightPos",0
35.489842,"/drivetrain/leftPos",0
35.48986,"/drivetrain/leftVelocity",0
35.489875,"/drivetrain/rightPos",0
35.489886,"/drivetrain/rightVelocity",0
35.489918,"/drivetrain/heading",-2.309999942779541
35.489927,"/drivetrain/headingVelocity",0.1220703050494194
35.489933,"/drivetrain/xAcceleration",0
35.489938,"/drivetrain/yAcceleration",0
35.489943,"/drivetrain/leftOutputLog",0
35.489947,"/drivetrain/rightOutputLog",-0
35.490153,"/intake/pos",0
35.490159,"/intake/output",0
35.490345,"/shooter/rpm",0
35.490367,"/shooter/output",0.1
35.490401,"/shooter/hasBall",true
35.490437,"/shooter/temperature",40
35.490623,"/climber/rightPos",0
35.509207,"/drivetrain/leftPos",0
35.509271,"/drivetrain/leftVelocity",0
35.509298,"/drivetrain/rightPos",0
35.509312,"/drivetrain/rightVelocity",0
35.50936,"/drivetrain/heading",-2.309999942779541
35.50937,"/drivetrain/headingVelocity",0.2441406100988388
35.509376,"/drivetrain/xAcceleration",0
35.509381,"/drivetrain/yAcceleration",-0.003000000026077032
35.509386,"/drivetrain/leftOutputLog",0
35.50939,"/drivetrain/rightOutputLog",-0
35.510314,"/intake/pos",0
35.510327,"/intake/output",0
35.510609,"/shooter/rpm",0
35.510642,"/shooter/output",0.1
35.510685,"/shooter/hasBall",true
35.510731,"/shooter/temperature",40
35.510936,"/climber/rightPos",0
35.529332,"/drivetrain/leftPos",0
35.529599,"/drivetrain/leftVelocity",0
35.52963,"/drivetrain/rightPos",0
35.529645,"/drivetrain/rightVelocity",0
35.529696,"/drivetrain/heading",-2.319999933242798
35.529706,"/drivetrain/headingVelocity",0.4272460639476776
35.529712,"/drivetrain/xAcceleration",0
35.529718,"/drivetrain/yAcceleration",-0.004000000189989805
35.529724,"/drivetrain/leftOutputLog",0
35.529727,"/drivetrain/rightOutputLog",-0
35.530084,"/intake/pos",0
35.530133,"/intake/output",0
35.530371,"/shooter/rpm",0
35.530394,"/shooter/output",0.1
35.53043,"/shooter/hasBall",true
35.530468,"/shooter/temperature",40
35.530656,"/climber/rightPos",0
35.54918,"/drivetrain/leftPos",0
35.549196,"/drivetrain/leftVelocity",0
35.549212,"/drivetrain/rightPos",0
35.549223,"/drivetrain/rightVelocity",0
35.549265,"/drivetrain/heading",-2.3299999237060547
35.549274,"/drivetrain/headingVelocity",0.4882812201976776
35.54928,"/drivetrain/xAcceleration",0
35.549285,"/drivetrain/yAcceleration",-0.004000000189989805
35.549462,"/drivetrain/leftOutputLog",0
35.549466,"/drivetrain/rightOutputLog",-0
35.549901,"/intake/pos",0
35.549906,"/intake/output",0
35.550685,"/shooter/rpm",0
35.550715,"/shooter/output",0.1
35.550764,"/shooter/hasBall",true
35.550801,"/shooter/temperature",40
35.551107,"/climber/rightPos",0
35.569174,"/drivetrain/leftPos",0
35.569193,"/drivetrain/leftVelocity",0
35.569209,"/drivetrain/rightPos",0
35.56922,"/drivetrain/rightVelocity",0
35.569264,"/drivetrain/heading",-2.3399999141693115
35.569273,"/drivetrain/headingVelocity",0.4272460639476776
35.569279,"/drivetrain/xAcceleration",0
35.569284,"/drivetrain/yAcceleration",0
35.569288,"/drivetrain/leftOutputLog",0
35.569292,"/drivetrain/rightOutputLog",-0
35.569483,"/intake/pos",0
35.569488,"/intake/output",0
35.569693,"/shooter/rpm",0
35.569715,"/shooter/output",0.1
35.569749,"/shooter/hasBall",true
35.569773,"/shooter/temperature",40
35.569929,"/climber/rightPos",0
35.589229,"/drivetrain/leftPos",0
35.589246,"/drivetrain/leftVelocity",0
35.589261,"/drivetrain/rightPos",0
35.589274,"/drivetrain/rightVelocity",0
35.589317,"/drivetrain/heading",-2.3499999046325684
35.589326,"/drivetrain/headingVelocity",0.30517578125
35.589332,"/drivetrain/xAcceleration",0
35.589337,"/drivetrain/yAcceleration",0.007000000216066837
35.589342,"/drivetrain/leftOutputLog",0
35.589346,"/drivetrain/rightOutputLog",-0
35.589526,"/intake/pos",0
35.589531,"/intake/output",0
35.589743,"/shooter/rpm",0
35.589812,"/shooter/output",0.1
35.589852,"/shooter/hasBall",true
35.589877,"/shooter/temperature",40
35.590078,"/climber/rightPos",0
35.609141,"/drivetrain/leftPos",0
35.60916,"/drivetrain/leftVelocity",0
35.609176,"/drivetrain/rightPos",0
35.609188,"/drivetrain/rightVelocity",0
35.60923,"/drivetrain/heading",-2.359999895095825
35.609239,"/drivetrain/headingVelocity",0.30517578125
35.609245,"/drivetrain/xAcceleration",0
35.60925,"/drivetrain/yAcceleration",0.008999999612569809
35.609255,"/drivetrain/leftOutputLog",0
35.609259,"/drivetrain/rightOutputLog",-0
35.609663,"/intake/pos",0
35.609668,"/intake/output",0
35.610295,"/shooter/rpm",0
35.610627,"/shooter/output",0.1
35.610684,"/shooter/hasBall",true
35.610875,"/shooter/temperature",40
35.61107,"/climber/rightPos",0
35.629212,"/drivetrain/leftPos",0
35.62923,"/drivetrain/leftVelocity",0
35.629244,"/drivetrain/rightPos",0
35.629256,"/drivetrain/rightVelocity",0
35.6293,"/drivetrain/heading",-2.359999895095825
35.62931,"/drivetrain/headingVelocity",0.1831054538488388
35.629316,"/drivetrain/xAcceleration",0
35.629321,"/drivetrain/yAcceleration",0.00800000037997961
35.629326,"/drivetrain/leftOutputLog",0
35.629376,"/drivetrain/rightOutputLog",-0
35.63004,"/intake/pos",0
35.630046,"/intake/output",0
35.630879,"/shooter/rpm",0
35.630898,"/shooter/output",0.1
35.63094,"/shooter/hasBall",true
35.630983,"/shooter/temperature",40
35.631187,"/climber/rightPos",0
35.649151,"/drivetrain/leftPos",0
35.649168,"/drivetrain/leftVelocity",0
35.649183,"/drivetrain/rightPos",0
35.649195,"/drivetrain/rightVelocity",0
35.649235,"/drivetrain/heading",-2.359999895095825
35.649244,"/drivetrain/headingVelocity",0
35.649249,"/drivetrain/xAcceleration",0
35.649254,"/drivetrain/yAcceleration",0
35.649259,"/drivetrain/leftOutputLog",0
35.649263,"/drivetrain/rightOutputLog",-0
35.649574,"/intake/pos",0
35.649579,"/intake/output",0
35.649778,"/shooter/rpm",0
35.649801,"/shooter/output",0.1
35.649836,"/shooter/hasBall",true
35.64988,"/shooter/temperature",40
35.650028,"/climber/rightPos",0
35.669164,"/drivetrain/leftPos",0
35.669182,"/drivetrain/leftVelocity",0
35.669198,"/drivetrain/rightPos",0
35.66921,"/drivetrain/rightVelocity",0
35.669258,"/drivetrain/heading",-2.359999895095825
35.669269,"/drivetrain/headingVelocity",-0.1220703050494194
35.669275,"/drivetrain/xAcceleration",0
35.669281,"/drivetrain/yAcceleration",0
35.669285,"/drivetrain/leftOutputLog",0
35.669289,"/drivetrain/rightOutputLog",-0
35.66949,"/intake/pos",0
35.669495,"/intake/output",0
35.66968,"/shooter/rpm",0
35.669702,"/shooter/output",0.1
35.669738,"/shooter/hasBall",true
35.66978,"/shooter/temperature",40
35.669943,"/climber/rightPos",0
35.689285,"/drivetrain/leftPos",0
35.689304,"/drivetrain/leftVelocity",0
35.689367,"/drivetrain/rightPos",0
35.68939,"/drivetrain/rightVelocity",0
35.689443,"/drivetrain/heading",-2.3499999046325684
35.689453,"/drivetrain/headingVelocity",-0.1220703050494194
35.689459,"/drivetrain/xAcceleration",0
35.689465,"/drivetrain/yAcceleration",-0.004999999888241291
35.68947,"/drivetrain/leftOutputLog",0
35.689474,"/drivetrain/rightOutputLog",-0
35.690759,"/intake/pos",0
35.690765,"/intake/output",0
35.69106,"/shooter/rpm",0
35.691085,"/shooter/output",0.1
35.691123,"/shooter/hasBall",true
35.69117,"/shooter/temperature",40
35.691353,"/climber/rightPos",0
35.709115,"/drivetrain/leftPos",0
35.709133,"/drivetrain/leftVelocity",0
35.70915,"/drivetrain/rightPos",0
35.709162,"/drivetrain/rightVelocity",0
35.709204,"/drivetrain/heading",-2.3499999046325684
35.709213,"/drivetrain/headingVelocity",-0.1220703050494194
35.709267,"/drivetrain/xAcceleration",0
35.709273,"/drivetrain/yAcceleration",-0.003000000026077032
35.709278,"/drivetrain/leftOutputLog",0
35.709282,"/drivetrain/rightOutputLog",-0
35.709591,"/intake/pos",0
35.709596,"/intake/output",0
35.709948,"/shooter/rpm",0
35.709977,"/shooter/output",0.1
35.710019,"/shooter/hasBall",true
35.710064,"/shooter/temperature",40
35.710568,"/climber/rightPos",0
35.729106,"/drivetrain/leftPos",0
35.729123,"/drivetrain/leftVelocity",0
35.729139,"/drivetrain/rightPos",0
35.729152,"/drivetrain/rightVelocity",0
35.729192,"/drivetrain/heading",-2.3399999141693115
35.729201,"/drivetrain/headingVelocity",-0.1831054538488388
35.729206,"/drivetrain/xAcceleration",0
35.729211,"/drivetrain/yAcceleration",0
35.729216,"/drivetrain/leftOutputLog",0
35.72922,"/drivetrain/rightOutputLog",-0
35.729408,"/intake/pos",0
35.729413,"/intake/output",0
35.729899,"/shooter/rpm",0
35.729934,"/shooter/output",0.1
35.730405,"/shooter/hasBall",true
35.730484,"/shooter/temperature",40
35.730814,"/climber/rightPos",0
35.749693,"/drivetrain/leftPos",0
35.749796,"/drivetrain/leftVelocity",0
35.74989,"/drivetrain/rightPos",0
35.749908,"/drivetrain/rightVelocity",0
35.749957,"/drivetrain/heading",-2.3399999141693115
35.749967,"/drivetrain/headingVelocity",-0.0610351525247097
35.749973,"/drivetrain/xAcceleration",0
35.749978,"/drivetrain/yAcceleration",0.003000000026077032
35.749984,"/drivetrain/leftOutputLog",0
35.749988,"/drivetrain/rightOutputLog",-0
35.750213,"/intake/pos",0
35.750218,"/intake/output",0
35.750788,"/shooter/rpm",0
35.750817,"/shooter/output",0.1
35.750857,"/shooter/hasBall",true
35.7509,"/shooter/temperature",40
35.751177,"/climber/rightPos",0
35.769118,"/drivetrain/leftPos",0
35.769135,"/drivetrain/leftVelocity",0
35.769262,"/drivetrain/rightPos",0
35.76929,"/drivetrain/rightVelocity",0
35.769346,"/drivetrain/heading",-2.3399999141693115
35.769357,"/drivetrain/headingVelocity",-0.0610351525247097
35.769364,"/drivetrain/xAcceleration",0
35.769369,"/drivetrain/yAcceleration",0
35.769374,"/drivetrain/leftOutputLog",0
35.769378,"/drivetrain/rightOutputLog",-0
35.769908,"/intake/pos",0
35.769919,"/intake/output",0
35.770456,"/shooter/rpm",0
35.770477,"/shooter/output",0.1
35.770516,"/shooter/hasBall",true
35.770539,"/shooter/temperature",40
35.770773,"/climber/rightPos",0
35.789148,"/drivetrain/leftPos",0
35.789166,"/drivetrain/leftVelocity",0
35.789181,"/drivetrain/rightPos",0
35.789193,"/drivetrain/rightVelocity",0
35.789236,"/drivetrain/heading",-2.3399999141693115
35.789245,"/drivetrain/headingVelocity",0
35.789251,"/drivetrain/xAcceleration",0
35.789256,"/drivetrain/yAcceleration",0
35.789261,"/drivetrain/leftOutputLog",0
35.789264,"/drivetrain/rightOutputLog",-0
35.78945,"/intake/pos",0
35.789455,"/intake/output",0
35.789661,"/shooter/rpm",0
35.789724,"/shooter/output",0.1
35.789761,"/shooter/hasBall",true
35.789794,"/shooter/temperature",40
35.790008,"/climber/rightPos",0
35.809198,"/drivetrain/leftPos",0
35.809214,"/drivetrain/leftVelocity",0
35.809229,"/drivetrain/rightPos",0
35.809354,"/drivetrain/rightVelocity",0
35.809406,"/drivetrain/heading",-2.3399999141693115
35.809417,"/drivetrain/headingVelocity",0
35.809422,"/drivetrain/xAcceleration",0
35.809428,"/drivetrain/yAcceleration",-0.003000000026077032
35.809434,"/drivetrain/leftOutputLog",0
35.809438,"/drivetrain/rightOutputLog",-0
35.810026,"/intake/pos",0
35.810032,"/intake/output",0
35.810773,"/shooter/rpm",0
35.810793,"/shooter/output",0.1
35.810832,"/shooter/hasBall",true
35.810857,"/shooter/temperature",40
35.811107,"/climber/rightPos",0
35.8292,"/drivetrain/leftPos",0
35.829217,"/drivetrain/leftVelocity",0
35.829232,"/drivetrain/rightPos",0
35.829243,"/drivetrain/rightVelocity",0
35.829287,"/drivetrain/heading",-2.3399999141693115
35.829297,"/drivetrain/headingVelocity",0
35.829303,"/drivetrain/xAcceleration",0
35.829309,"/drivetrain/yAcceleration",0
35.829314,"/drivetrain/leftOutputLog",0
35.829318,"/drivetrain/rightOutputLog",-0
35.830029,"/intake/pos",0
35.830035,"/intake/output",0
35.830494,"/shooter/rpm",0
35.830516,"/shooter/output",0.1
35.830557,"/shooter/hasBall",true
35.830581,"/shooter/temperature",40
35.830777,"/climber/rightPos",0
35.849268,"/drivetrain/leftPos",0
35.849284,"/drivetrain/leftVelocity",0
35.849299,"/drivetrain/rightPos",0
35.84931,"/drivetrain/rightVelocity",0
35.849352,"/drivetrain/heading",-2.3399999141693115
35.849361,"/drivetrain/headingVelocity",0
35.849367,"/drivetrain/xAcceleration",0
35.849424,"/drivetrain/yAcceleration",0
35.849429,"/drivetrain/leftOutputLog",0
35.849433,"/drivetrain/rightOutputLog",-0
35.851159,"/intake/pos",0
35.851166,"/intake/output",0
35.851517,"/shooter/rpm",0
35.851537,"/shooter/output",0.1
35.851577,"/shooter/hasBall",true
35.851644,"/shooter/temperature",40
35.851942,"/climber/rightPos",0
35.869129,"/drivetrain/leftPos",0
35.869301,"/drivetrain/leftVelocity",0
35.869324,"/drivetrain/rightPos",0
35.86937,"/drivetrain/rightVelocity",0
35.869418,"/drivetrain/heading",-2.3399999141693115
35.869551,"/drivetrain/headingVelocity",0
35.869564,"/drivetrain/xAcceleration",0
35.869569,"/drivetrain/yAcceleration",0
35.869575,"/drivetrain/leftOutputLog",0
35.869578,"/drivetrain/rightOutputLog",-0
35.869738,"/intake/pos",0
35.869743,"/intake/output",0
35.869986,"/shooter/rpm",0
35.870009,"/shooter/output",0.1
35.870046,"/shooter/hasBall",true
35.870091,"/shooter/temperature",40
35.87025,"/climber/rightPos",0
35.889296,"/drivetrain/leftPos",0
35.889323,"/drivetrain/leftVelocity",0
35.889341,"/drivetrain/rightPos",0
35.889354,"/drivetrain/rightVelocity",0
35.889408,"/drivetrain/heading",-2.3399999141693115
35.889418,"/drivetrain/headingVelocity",0
35.889425,"/drivetrain/xAcceleration",0
35.88943,"/drivetrain/yAcceleration",0
35.889436,"/drivetrain/leftOutputLog",0
35.88944,"/drivetrain/rightOutputLog",-0
35.889818,"/intake/pos",0
35.889824,"/intake/output",0
35.890521,"/shooter/rpm",0
35.890652,"/shooter/output",0.1
35.8907,"/shooter/hasBall",true
35.890748,"/shooter/temperature",40
35.891287,"/climber/rightPos",0
35.909288,"/drivetrain/leftPos",0
35.909317,"/drivetrain/leftVelocity",0
35.909333,"/drivetrain/rightPos",0
35.909345,"/drivetrain/rightVelocity",0
35.9094,"/drivetrain/heading",-2.3399999141693115
35.909411,"/drivetrain/headingVelocity",0
35.909417,"/drivetrain/xAcceleration",0
35.909422,"/drivetrain/yAcceleration",0
35.909428,"/drivetrain/leftOutputLog",0
35.909432,"/drivetrain/rightOutputLog",-0
35.909822,"/intake/pos",0
35.909828,"/intake/output",0
35.910796,"/shooter/rpm",0
35.910827,"/shooter/output",0.1
35.910883,"/shooter/hasBall",true
35.911096,"/shooter/temperature",40
35.911292,"/climber/rightPos",0
35.929171,"/drivetrain/leftPos",0
35.92919,"/drivetrain/leftVelocity",0
35.929205,"/drivetrain/rightPos",0
35.929218,"/drivetrain/rightVelocity",0
35.92926,"/drivetrain/heading",-2.3399999141693115
35.929269,"/drivetrain/headingVelocity",0
35.929274,"/drivetrain/xAcceleration",0
35.929279,"/drivetrain/yAcceleration",0
35.929284,"/drivetrain/leftOutputLog",0
35.929288,"/drivetrain/rightOutputLog",-0
35.929486,"/intake/pos",0
35.929491,"/intake/output",0
35.929671,"/shooter/rpm",0
35.929693,"/shooter/output",0.1
35.929727,"/shooter/hasBall",true
35.92977,"/shooter/temperature",40
35.929941,"/climber/rightPos",0
35.950021,"/drivetrain/leftPos",0
35.950058,"/drivetrain/leftVelocity",0
35.950077,"/drivetrain/rightPos",0
35.95009,"/drivetrain/rightVelocity",0
35.950141,"/drivetrain/heading",-2.3399999141693115
35.950152,"/drivetrain/headingVelocity",0.0610351525247097
35.950158,"/drivetrain/xAcceleration",0
35.950164,"/drivetrain/yAcceleration",0
35.950169,"/drivetrain/leftOutputLog",0
35.950174,"/drivetrain/rightOutputLog",-0
35.950647,"/intake/pos",0
35.950652,"/intake/output",0
35.950891,"/shooter/rpm",0
35.950915,"/shooter/output",0.1
35.950951,"/shooter/hasBall",true
35.950988,"/shooter/temperature",40
35.951333,"/climber/rightPos",0
35.969124,"/drivetrain/leftPos",0
35.969142,"/drivetrain/leftVelocity",0
35.969158,"/drivetrain/rightPos",0
35.96917,"/drivetrain/rightVelocity",0
35.969214,"/drivetrain/heading",-2.3399999141693115
35.969223,"/drivetrain/headingVelocity",0
35.969229,"/drivetrain/xAcceleration",0
35.969234,"/drivetrain/yAcceleration",0
35.969239,"/drivetrain/leftOutputLog",0
35.969243,"/drivetrain/rightOutputLog",-0
35.969437,"/intake/pos",0
35.969442,"/intake/output",0
35.969677,"/shooter/rpm",0
35.969701,"/shooter/output",0.1
35.969737,"/shooter/hasBall",true
35.96976,"/shooter/temperature",40
35.969925,"/climber/rightPos",0
35.99052,"/drivetrain/leftPos",0
35.990553,"/drivetrain/leftVelocity",0
35.990571,"/drivetrain/rightPos",0
35.990583,"/drivetrain/rightVelocity",0
35.990615,"/drivetrain/heading",-2.3399999141693115
35.990624,"/drivetrain/headingVelocity",0
35.99063,"/drivetrain/xAcceleration",0
35.990635,"/drivetrain/yAcceleration",0
35.99064,"/drivetrain/leftOutputLog",0
35.990644,"/drivetrain/rightOutputLog",-0
35.990874,"/intake/pos",0
35.990932,"/intake/output",0
35.991153,"/shooter/rpm",0
35.991175,"/shooter/output",0.1
35.991251,"/shooter/hasBall",true
35.991289,"/shooter/temperature",40
35.991509,"/climber/rightPos",0
36.009497,"/drivetrain/leftPos",0
36.009516,"/drivetrain/leftVelocity",0
36.009531,"/drivetrain/rightPos",0
36.009543,"/drivetrain/rightVelocity",0
36.009597,"/drivetrain/heading",-2.3399999141693115
36.009608,"/drivetrain/headingVelocity",-0.0610351525247097
36.009614,"/drivetrain/xAcceleration",0
36.009619,"/drivetrain/yAcceleration",0
36.009624,"/drivetrain/leftOutputLog",0
36.009628,"/drivetrain/rightOutputLog",-0
36.009953,"/intake/pos",0
36.010109,"/intake/output",0
36.010602,"/shooter/rpm",0
36.010625,"/shooter/output",0.1
36.010667,"/shooter/hasBall",true
36.010692,"/shooter/temperature",40
36.010934,"/climber/rightPos",0
36.029142,"/drivetrain/leftPos",0
36.029161,"/drivetrain/leftVelocity",0
36.029176,"/drivetrain/rightPos",0
36.029188,"/drivetrain/rightVelocity",0
36.029339,"/drivetrain/heading",-2.3399999141693115
36.029351,"/drivetrain/headingVelocity",0
36.029358,"/drivetrain/xAcceleration",0
36.029363,"/drivetrain/yAcceleration",0
36.029369,"/drivetrain/leftOutputLog",0
36.029373,"/drivetrain/rightOutputLog",-0
36.029646,"/intake/pos",0
36.029651,"/intake/output",0
36.031129,"/shooter/rpm",0
36.031162,"/shooter/output",0.1
36.031215,"/shooter/hasBall",true
36.031254,"/shooter/temperature",40
36.031535,"/climber/rightPos",0
36.049212,"/drivetrain/leftPos",0
36.04923,"/drivetrain/leftVelocity",0
36.049245,"/drivetrain/rightPos",0
36.049257,"/drivetrain/rightVelocity",0
36.049298,"/drivetrain/heading",-2.3399999141693115
36.049307,"/drivetrain/headingVelocity",0
36.049313,"/drivetrain/xAcceleration",0
36.049318,"/drivetrain/yAcceleration",0
36.049323,"/drivetrain/leftOutputLog",0
36.049327,"/drivetrain/rightOutputLog",-0
36.050281,"/intake/pos",0
36.050287,"/intake/output",0
36.050553,"/shooter/rpm",0
36.051066,"/shooter/output",0.1
36.051132,"/shooter/hasBall",true
36.051159,"/shooter/temperature",40
36.051426,"/climber/rightPos",0
36.069323,"/drivetrain/leftPos",0
36.069342,"/drivetrain/leftVelocity",0
36.069358,"/drivetrain/rightPos",0
36.069369,"/drivetrain/rightVelocity",0
36.069413,"/drivetrain/heading",-2.3399999141693115
36.069423,"/drivetrain/headingVelocity",0
36.069428,"/drivetrain/xAcceleration",0
36.069433,"/drivetrain/yAcceleration",0
36.069438,"/drivetrain/leftOutputLog",0
36.069442,"/drivetrain/rightOutputLog",-0
36.069637,"/intake/pos",0
36.069641,"/intake/output",0
36.069855,"/shooter/rpm",0
36.069922,"/shooter/output",0.1
36.069961,"/shooter/hasBall",true
36.069984,"/shooter/temperature",40
36.070227,"/climber/rightPos",0
36.089186,"/drivetrain/leftPos",0
36.089204,"/drivetrain/leftVelocity",0
36.08922,"/drivetrain/rightPos",0
36.089233,"/drivetrain/rightVelocity",0
36.089286,"/drivetrain/heading",-2.3399999141693115
36.089296,"/drivetrain/headingVelocity",0
36.089303,"/drivetrain/xAcceleration",0
36.089309,"/drivetrain/yAcceleration",0
36.089314,"/drivetrain/leftOutputLog",0
36.089318,"/drivetrain/rightOutputLog",-0
36.089939,"/intake/pos",0
36.089944,"/intake/output",0
36.090183,"/shooter/rpm",0
36.090214,"/shooter/output",0.1
36.090948,"/shooter/hasBall",true
36.091002,"/shooter/temperature",40
36.091207,"/climber/rightPos",0
36.109144,"/drivetrain/leftPos",0
36.109162,"/drivetrain/leftVelocity",0
36.109186,"/drivetrain/rightPos",0
36.109199,"/drivetrain/rightVelocity",0
36.109241,"/drivetrain/heading",-2.3399999141693115
36.10925,"/drivetrain/headingVelocity",0
36.109255,"/drivetrain/xAcceleration",0
36.10926,"/drivetrain/yAcceleration",0
36.109265,"/drivetrain/leftOutputLog",0
36.109269,"/drivetrain/rightOutputLog",-0
36.109735,"/intake/pos",0
36.109743,"/intake/output",0
36.110113,"/shooter/rpm",0
36.110147,"/shooter/output",0.1
36.110192,"/shooter/hasBall",true
36.110241,"/shooter/temperature",40
36.110642,"/climber/rightPos",0
36.129091,"/drivetrain/leftPos",0
36.12911,"/drivetrain/leftVelocity",0
36.129125,"/drivetrain/rightPos",0
36.129137,"/drivetrain/rightVelocity",0
36.129178,"/drivetrain/heading",-2.3399999141693115
36.129187,"/drivetrain/headingVelocity",0
36.129193,"/drivetrain/xAcceleration",0
36.129197,"/drivetrain/yAcceleration",0
36.129202,"/drivetrain/leftOutputLog",0
36.129206,"/drivetrain/rightOutputLog",-0
36.129396,"/intake/pos",0
36.129401,"/intake/output",0
36.13008,"/shooter/rpm",0
36.130112,"/shooter/output",0.1
36.130157,"/shooter/hasBall",true
36.130205,"/shooter/temperature",40
36.130705,"/climber/rightPos",0
36.149155,"/drivetrain/leftPos",0
36.149286,"/drivetrain/leftVelocity",0
36.149311,"/drivetrain/rightPos",0
36.149325,"/drivetrain/rightVelocity",0
36.149376,"/drivetrain/heading",-2.3399999141693115
36.149386,"/drivetrain/headingVelocity",0
36.149392,"/drivetrain/xAcceleration",0
36.149397,"/drivetrain/yAcceleration",0
36.149403,"/drivetrain/leftOutputLog",0
36.149407,"/drivetrain/rightOutputLog",-0
36.150438,"/intake/pos",0
36.150445,"/intake/output",0
36.150668,"/shooter/rpm",0
36.150689,"/shooter/output",0.1
36.150726,"/shooter/hasBall",true
36.150774,"/shooter/temperature",40
36.150925,"/climber/rightPos",0
36.169129,"/drivetrain/leftPos",0
36.169147,"/drivetrain/leftVelocity",0
36.169163,"/drivetrain/rightPos",0
36.169175,"/drivetrain/rightVelocity",0
36.169218,"/drivetrain/heading",-2.3399999141693115
36.169227,"/drivetrain/headingVelocity",0
36.169232,"/drivetrain/xAcceleration",0
36.169238,"/drivetrain/yAcceleration",0
36.169242,"/drivetrain/leftOutputLog",0
36.169246,"/drivetrain/rightOutputLog",-0
36.169436,"/intake/pos",0
36.16944,"/intake/output",0
36.169607,"/shooter/rpm",0
36.169629,"/shooter/output",0.1
36.169661,"/shooter/hasBall",true
36.169705,"/shooter/temperature",40
36.169851,"/climber/rightPos",0
36.189184,"/drivetrain/leftPos",0
36.189203,"/drivetrain/leftVelocity",0
36.189219,"/drivetrain/rightPos",0
36.189231,"/drivetrain/rightVelocity",0
36.189276,"/drivetrain/heading",-2.3399999141693115
36.189285,"/drivetrain/headingVelocity",0.0610351525247097
36.189291,"/drivetrain/xAcceleration",0
36.189296,"/drivetrain/yAcceleration",-0.003000000026077032
36.189301,"/drivetrain/leftOutputLog",0
36.189305,"/drivetrain/rightOutputLog",-0
36.189696,"/intake/pos",0
36.189703,"/intake/output",0
36.189916,"/shooter/rpm",0
36.189946,"/shooter/output",0.1
36.189986,"/shooter/hasBall",true
36.190027,"/shooter/temperature",40
36.190604,"/climber/rightPos",0
36.209415,"/drivetrain/leftPos",0
36.209432,"/drivetrain/leftVelocity",0
36.209449,"/drivetrain/rightPos",0
36.209462,"/drivetrain/rightVelocity",0
36.209513,"/drivetrain/heading",-2.3399999141693115
36.209523,"/drivetrain/headingVelocity",0
36.209529,"/drivetrain/xAcceleration",0
36.209535,"/drivetrain/yAcceleration",-0.003000000026077032
36.20954,"/drivetrain/leftOutputLog",0
36.209544,"/drivetrain/rightOutputLog",-0
36.209819,"/intake/pos",0
36.209825,"/intake/output",0
36.2104,"/shooter/rpm",0
36.210429,"/shooter/output",0.1
36.210472,"/shooter/hasBall",true
36.210517,"/shooter/temperature",40
36.210715,"/climber/rightPos",0
36.229696,"/drivetrain/leftPos",0
36.229714,"/drivetrain/leftVelocity",0
36.229731,"/drivetrain/rightPos",0
36.229742,"/drivetrain/rightVelocity",0
36.229791,"/drivetrain/heading",-2.3399999141693115
36.2298,"/drivetrain/headingVelocity",0
36.229806,"/drivetrain/xAcceleration",0
36.229811,"/drivetrain/yAcceleration",0
36.229816,"/drivetrain/leftOutputLog",0
36.22982,"/drivetrain/rightOutputLog",-0
36.230131,"/intake/pos",0
36.230136,"/intake/output",0
36.230338,"/shooter/rpm",0
36.23036,"/shooter/output",0.1
36.230394,"/shooter/hasBall",true
36.230432,"/shooter/temperature",40
36.230592,"/climber/rightPos",0
36.249482,"/drivetrain/leftPos",0
36.249499,"/drivetrain/leftVelocity",0
36.249514,"/drivetrain/rightPos",0
36.249526,"/drivetrain/rightVelocity",0
36.249574,"/drivetrain/heading",-2.3399999141693115
36.249583,"/drivetrain/headingVelocity",0
36.249589,"/drivetrain/xAcceleration",0
36.249594,"/drivetrain/yAcceleration",0
36.249599,"/drivetrain/leftOutputLog",0
36.249603,"/drivetrain/rightOutputLog",-0
36.250012,"/intake/pos",0
36.250017,"/intake/output",0
36.250346,"/shooter/rpm",0
36.250373,"/shooter/output",0.1
36.250415,"/shooter/hasBall",true
36.250457,"/shooter/temperature",40
36.25065,"/climber/rightPos",0
36.269281,"/drivetrain/leftPos",0
36.269302,"/drivetrain/leftVelocity",0
36.26932,"/drivetrain/rightPos",0
36.269332,"/drivetrain/rightVelocity",0
36.269715,"/drivetrain/heading",-2.3399999141693115
36.269726,"/drivetrain/headingVelocity",0
36.269732,"/drivetrain/xAcceleration",0
36.269738,"/drivetrain/yAcceleration",0.003000000026077032
36.269743,"/drivetrain/leftOutputLog",0
36.269747,"/drivetrain/rightOutputLog",-0
36.270714,"/intake/pos",0
36.270727,"/intake/output",0
36.271002,"/shooter/rpm",0
36.271026,"/shooter/output",0.1
36.271062,"/shooter/hasBall",true
36.271092,"/shooter/temperature",40
36.271379,"/climber/rightPos",0
36.289146,"/drivetrain/leftPos",0
36.289165,"/drivetrain/leftVelocity",0
36.289303,"/drivetrain/rightPos",0
36.289323,"/drivetrain/rightVelocity",0
36.289375,"/drivetrain/heading",-2.3399999141693115
36.289385,"/drivetrain/headingVelocity",0
36.289391,"/drivetrain/xAcceleration",0
36.289397,"/drivetrain/yAcceleration",0
36.289402,"/drivetrain/leftOutputLog",0
36.289405,"/drivetrain/rightOutputLog",-0
36.290098,"/intake/pos",0
36.290294,"/intake/output",0
36.290587,"/shooter/rpm",0
36.29061,"/shooter/output",0.1
36.290647,"/shooter/hasBall",true
36.290673,"/shooter/temperature",40
36.290889,"/climber/rightPos",0
36.309263,"/drivetrain/leftPos",0
36.309527,"/drivetrain/leftVelocity",0
36.309547,"/drivetrain/rightPos",0
36.309559,"/drivetrain/rightVelocity",0
36.309611,"/drivetrain/heading",-2.3399999141693115
36.309621,"/drivetrain/headingVelocity",0
36.309627,"/drivetrain/xAcceleration",0
36.309633,"/drivetrain/yAcceleration",0
36.309637,"/drivetrain/leftOutputLog",0
36.309642,"/drivetrain/rightOutputLog",-0
36.309917,"/intake/pos",0
36.309923,"/intake/output",0
36.310618,"/shooter/rpm",0
36.310638,"/shooter/output",0.1
36.310674,"/shooter/hasBall",true
36.310698,"/shooter/temperature",40
36.310916,"/climber/rightPos",0
36.329122,"/drivetrain/leftPos",0
36.329138,"/drivetrain/leftVelocity",0
36.329154,"/drivetrain/rightPos",0
36.329166,"/drivetrain/rightVelocity",0
36.32976,"/drivetrain/heading",-2.3399999141693115
36.329773,"/drivetrain/headingVelocity",0
36.329779,"/drivetrain/xAcceleration",0
36.329784,"/drivetrain/yAcceleration",0
36.329789,"/drivetrain/leftOutputLog",0
36.329793,"/drivetrain/rightOutputLog",-0
36.330417,"/intake/pos",0
36.330423,"/intake/output",0
36.330644,"/shooter/rpm",0
36.330666,"/shooter/output",0.1
36.330753,"/shooter/hasBall",true
36.330805,"/shooter/temperature",40
36.330985,"/climber/rightPos",0
36.349217,"/drivetrain/leftPos",0
36.349234,"/drivetrain/leftVelocity",0
36.349249,"/drivetrain/rightPos",0
36.349261,"/drivetrain/rightVelocity",0
36.349301,"/drivetrain/heading",-2.3399999141693115
36.34931,"/drivetrain/headingVelocity",0
36.349316,"/drivetrain/xAcceleration",0
36.349321,"/drivetrain/yAcceleration",0
36.349326,"/drivetrain/leftOutputLog",0
36.34933,"/drivetrain/rightOutputLog",-0
36.349514,"/intake/pos",0
36.349519,"/intake/output",0
36.349777,"/shooter/rpm",0
36.349798,"/shooter/output",0.1
36.349832,"/shooter/hasBall",true
36.349877,"/shooter/temperature",40
36.35004,"/climber/rightPos",0
36.371348,"/drivetrain/leftPos",0
36.371366,"/drivetrain/leftVelocity",0
36.371381,"/drivetrain/rightPos",0
36.371393,"/drivetrain/rightVelocity",0
36.371428,"/drivetrain/heading",-2.3399999141693115
36.371436,"/drivetrain/headingVelocity",-0.0610351525247097
36.371442,"/drivetrain/xAcceleration",0
36.371447,"/drivetrain/yAcceleration",0
36.371452,"/drivetrain/leftOutputLog",0
36.371456,"/drivetrain/rightOutputLog",-0
36.371644,"/intake/pos",0
36.371649,"/intake/output",0
36.371846,"/shooter/rpm",0
36.371868,"/shooter/output",0.1
36.371904,"/shooter/hasBall",true
36.371946,"/shooter/temperature",40
36.372126,"/climber/rightPos",0
36.389113,"/drivetrain/leftPos",0
36.389131,"/drivetrain/leftVelocity",0
36.389147,"/drivetrain/rightPos",0
36.389159,"/drivetrain/rightVelocity",0
36.389203,"/drivetrain/heading",-2.3399999141693115
36.389212,"/drivetrain/headingVelocity",-0.0610351525247097
36.389217,"/drivetrain/xAcceleration",0
36.389222,"/drivetrain/yAcceleration",0
36.389227,"/drivetrain/leftOutputLog",0
36.389231,"/drivetrain/rightOutputLog",-0
36.389422,"/intake/pos",0
36.389428,"/intake/output",0
36.390311,"/shooter/rpm",0
36.390341,"/shooter/output",0.1
36.390384,"/shooter/hasBall",true
36.390442,"/shooter/temperature",40
36.390783,"/climber/rightPos",0
36.40917,"/drivetrain/leftPos",0
36.409188,"/drivetrain/leftVelocity",0
36.409204,"/drivetrain/rightPos",0
36.409216,"/drivetrain/rightVelocity",0
36.409258,"/drivetrain/heading",-2.3399999141693115
36.409267,"/drivetrain/headingVelocity",-0.0610351525247097
36.409273,"/drivetrain/xAcceleration",0
36.409278,"/drivetrain/yAcceleration",0
36.409283,"/drivetrain/leftOutputLog",0
36.409286,"/drivetrain/rightOutputLog",-0
36.409486,"/intake/pos",0
36.409491,"/intake/output",0
36.409673,"/shooter/rpm",0
36.409696,"/shooter/output",0.1
36.409732,"/shooter/hasBall",true
36.409774,"/shooter/temperature",40
36.411129,"/climber/rightPos",0
36.429235,"/drivetrain/leftPos",0
36.429252,"/drivetrain/leftVelocity",0
36.429267,"/drivetrain/rightPos",0
36.429278,"/drivetrain/rightVelocity",0
36.429321,"/drivetrain/heading",-2.3299999237060547
36.42933,"/drivetrain/headingVelocity",-0.0610351525247097
36.429335,"/drivetrain/xAcceleration",0
36.429341,"/drivetrain/yAcceleration",0
36.429345,"/drivetrain/leftOutputLog",0
36.429349,"/drivetrain/rightOutputLog",-0
36.429643,"/intake/pos",0
36.429651,"/intake/output",0
36.430149,"/shooter/rpm",0
36.430179,"/shooter/output",0.1
36.430222,"/shooter/hasBall",true
36.430265,"/shooter/temperature",40
36.430712,"/climber/rightPos",0
36.449137,"/drivetrain/leftPos",0
36.449154,"/drivetrain/leftVelocity",0
36.449168,"/drivetrain/rightPos",0
36.44918,"/drivetrain/rightVelocity",0
36.449279,"/drivetrain/heading",-2.3299999237060547
36.449289,"/drivetrain/headingVelocity",-0.0610351525247097
36.449295,"/drivetrain/xAcceleration",0
36.4493,"/drivetrain/yAcceleration",0
36.449305,"/drivetrain/leftOutputLog",0
36.449309,"/drivetrain/rightOutputLog",-0
36.449673,"/intake/pos",0
36.449678,"/intake/output",0
36.450281,"/shooter/rpm",0
36.450314,"/shooter/output",0.1
36.450358,"/shooter/hasBall",true
36.450986,"/shooter/temperature",40
36.451221,"/climber/rightPos",0
36.469105,"/drivetrain/leftPos",0
36.469122,"/drivetrain/leftVelocity",0
36.469138,"/drivetrain/rightPos",0
36.46915,"/drivetrain/rightVelocity",0
36.469191,"/drivetrain/heading",-2.3299999237060547
36.4692,"/drivetrain/headingVelocity",0
36.469205,"/drivetrain/xAcceleration",0
36.46921,"/drivetrain/yAcceleration",-0.003000000026077032
36.469215,"/drivetrain/leftOutputLog",0
36.469219,"/drivetrain/rightOutputLog",-0
36.469469,"/intake/pos",0
36.469474,"/intake/output",0
36.469708,"/shooter/rpm",0
36.46973,"/shooter/output",0.1
36.469766,"/shooter/hasBall",true
36.469789,"/shooter/temperature",40
36.469946,"/climber/rightPos",0
36.489151,"/drivetrain/leftPos",0
36.489169,"/drivetrain/leftVelocity",0
36.489183,"/drivetrain/rightPos",0
36.489195,"/drivetrain/rightVelocity",0
36.489238,"/drivetrain/heading",-2.3299999237060547
36.489248,"/drivetrain/headingVelocity",0
36.489254,"/drivetrain/xAcceleration",0
36.489258,"/drivetrain/yAcceleration",0
36.489264,"/drivetrain/leftOutputLog",0
36.489267,"/drivetrain/rightOutputLog",-0
36.489454,"/intake/pos",0
36.489459,"/intake/output",0
36.490098,"/shooter/rpm",0
36.490128,"/shooter/output",0.1
36.490173,"/shooter/hasBall",true
36.490305,"/shooter/temperature",40
36.490918,"/climber/rightPos",0
36.509152,"/drivetrain/leftPos",0
36.509169,"/drivetrain/leftVelocity",0
36.509184,"/drivetrain/rightPos",0
36.509196,"/drivetrain/rightVelocity",0
36.509236,"/drivetrain/heading",-2.3299999237060547
36.509245,"/drivetrain/headingVelocity",0.0610351525247097
36.509251,"/drivetrain/xAcceleration",0
36.509256,"/drivetrain/yAcceleration",0
36.509261,"/drivetrain/leftOutputLog",0
36.509265,"/drivetrain/rightOutputLog",-0
36.509453,"/intake/pos",0
36.509458,"/intake/output",0
36.510373,"/shooter/rpm",0
36.510408,"/shooter/output",0.1
36.51052,"/shooter/hasBall",true
36.510561,"/shooter/temperature",40
36.510773,"/climber/rightPos",0
36.529169,"/drivetrain/leftPos",0
36.52919,"/drivetrain/leftVelocity",0
36.529276,"/drivetrain/rightPos",0
36.529289,"/drivetrain/rightVelocity",0
36.52933,"/drivetrain/heading",-2.3299999237060547
36.52934,"/drivetrain/headingVelocity",0.1220703050494194
36.529345,"/drivetrain/xAcceleration",0
36.52935,"/drivetrain/yAcceleration",0
36.529355,"/drivetrain/leftOutputLog",0
36.529359,"/drivetrain/rightOutputLog",-0
36.530139,"/intake/pos",0
36.530145,"/intake/output",0
36.530531,"/shooter/rpm",0
36.530561,"/shooter/output",0.1
36.530602,"/shooter/hasBall",true
36.530627,"/shooter/temperature",40
36.530939,"/climber/rightPos",0
36.549154,"/drivetrain/leftPos",0
36.549171,"/drivetrain/leftVelocity",0
36.549187,"/drivetrain/rightPos",0
36.549199,"/drivetrain/rightVelocity",0
36.549242,"/drivetrain/heading",-2.3399999141693115
36.549251,"/drivetrain/headingVelocity",0.1220703050494194
36.549258,"/drivetrain/xAcceleration",0
36.549263,"/drivetrain/yAcceleration",0
36.549268,"/drivetrain/leftOutputLog",0
36.549272,"/drivetrain/rightOutputLog",-0
36.549447,"/intake/pos",0
36.549452,"/intake/output",0
36.550126,"/shooter/rpm",0
36.550158,"/shooter/output",0.1
36.550202,"/shooter/hasBall",true
36.550228,"/shooter/temperature",40
36.551406,"/climber/rightPos",0
36.569233,"/drivetrain/leftPos",0
36.569249,"/drivetrain/leftVelocity",0
36.569264,"/drivetrain/rightPos",0
36.569275,"/drivetrain/rightVelocity",0
36.569319,"/drivetrain/heading",-2.3399999141693115
36.569329,"/drivetrain/headingVelocity",0
36.569335,"/drivetrain/xAcceleration",0
36.569341,"/drivetrain/yAcceleration",0
36.569345,"/drivetrain/leftOutputLog",0
36.569349,"/drivetrain/rightOutputLog",-0
36.569572,"/intake/pos",0
36.569577,"/intake/output",0
36.569786,"/shooter/rpm",0
36.56981,"/shooter/output",0.1
36.569844,"/shooter/hasBall",true
36.569889,"/shooter/temperature",40
36.570097,"/climber/rightPos",0
36.589126,"/drivetrain/leftPos",0
36.589145,"/drivetrain/leftVelocity",0
36.58916,"/drivetrain/rightPos",0
36.589171,"/drivetrain/rightVelocity",0
36.589214,"/drivetrain/heading",-2.3399999141693115
36.589223,"/drivetrain/headingVelocity",0
36.589228,"/drivetrain/xAcceleration",0
36.589233,"/drivetrain/yAcceleration",0
36.589238,"/drivetrain/leftOutputLog",0
36.589242,"/drivetrain/rightOutputLog",-0
36.589688,"/intake/pos",0
36.589694,"/intake/output",0
36.59001,"/shooter/rpm",0
36.590041,"/shooter/output",0.1
36.59008,"/shooter/hasBall",true
36.590127,"/shooter/temperature",40
36.590668,"/climber/rightPos",0
36.609179,"/drivetrain/leftPos",0
36.609196,"/drivetrain/leftVelocity",0
36.609211,"/drivetrain/rightPos",0
36.609223,"/drivetrain/rightVelocity",0
36.609265,"/drivetrain/heading",-2.3399999141693115
36.609274,"/drivetrain/headingVelocity",0
36.60928,"/drivetrain/xAcceleration",0
36.609285,"/drivetrain/yAcceleration",0
36.609289,"/drivetrain/leftOutputLog",0
36.609293,"/drivetrain/rightOutputLog",-0
36.609477,"/intake/pos",0
36.609483,"/intake/output",0
36.610645,"/shooter/rpm",0
36.610678,"/shooter/output",0.1
36.610728,"/shooter/hasBall",true
36.610783,"/shooter/temperature",40
36.610998,"/climber/rightPos",0
36.629174,"/drivetrain/leftPos",0
36.629192,"/drivetrain/leftVelocity",0
36.629207,"/drivetrain/rightPos",0
36.629218,"/drivetrain/rightVelocity",0
36.62926,"/drivetrain/heading",-2.3399999141693115
36.629269,"/drivetrain/headingVelocity",0
36.629275,"/drivetrain/xAcceleration",0
36.62928,"/drivetrain/yAcceleration",0
36.629284,"/drivetrain/leftOutputLog",0
36.629288,"/drivetrain/rightOutputLog",-0
36.629475,"/intake/pos",0
36.62948,"/intake/output",0
36.629926,"/shooter/rpm",0
36.629963,"/shooter/output",0.1
36.630058,"/shooter/hasBall",true
36.630113,"/shooter/temperature",40
36.630308,"/climber/rightPos",0
36.649176,"/drivetrain/leftPos",0
36.649195,"/drivetrain/leftVelocity",0
36.64921,"/drivetrain/rightPos",0
36.649221,"/drivetrain/rightVelocity",0
36.649265,"/drivetrain/heading",-2.3399999141693115
36.649274,"/drivetrain/headingVelocity",0
36.64928,"/drivetrain/xAcceleration",0
36.649285,"/drivetrain/yAcceleration",0
36.64929,"/drivetrain/leftOutputLog",0
36.649294,"/drivetrain/rightOutputLog",-0
36.649606,"/intake/pos",0
36.649611,"/intake/output",0
36.649836,"/shooter/rpm",0
36.649866,"/shooter/output",0.1
36.649973,"/shooter/hasBall",true
36.650029,"/shooter/temperature",40
36.650574,"/climber/rightPos",0
36.655323,"/shooter/setpoint",9000
36.669429,"/drivetrain/leftPos",0
36.669489,"/drivetrain/leftVelocity",0
36.669508,"/drivetrain/rightPos",0
36.66952,"/drivetrain/rightVelocity",0
36.669559,"/drivetrain/heading",-2.3399999141693115
36.669568,"/drivetrain/headingVelocity",0
36.669574,"/drivetrain/xAcceleration",0
36.669579,"/drivetrain/yAcceleration",0
36.669584,"/drivetrain/leftOutputLog",0
36.669587,"/drivetrain/rightOutputLog",-0
36.669797,"/intake/pos",0
36.669803,"/intake/output",0
36.669991,"/shooter/rpm",0
36.670014,"/shooter/output",1
36.670049,"/shooter/hasBall",true
36.670086,"/shooter/temperature",40
36.670303,"/climber/rightPos",0
36.67236,"/shooter/setpoint",9000
36.689127,"/drivetrain/leftPos",0
36.689145,"/drivetrain/leftVelocity",0
36.689161,"/drivetrain/rightPos",0
36.689173,"/drivetrain/rightVelocity",0
36.689223,"/drivetrain/heading",-2.3399999141693115
36.689232,"/drivetrain/headingVelocity",0
36.689239,"/drivetrain/xAcceleration",0.010999999940395355
36.689244,"/drivetrain/yAcceleration",0
36.689249,"/drivetrain/leftOutputLog",0
36.689253,"/drivetrain/rightOutputLog",-0
36.689697,"/intake/pos",0
36.689703,"/intake/output",0
36.690489,"/shooter/rpm",23
36.690523,"/shooter/output",1
36.690586,"/shooter/hasBall",true
36.690631,"/shooter/temperature",40
36.69084,"/climber/rightPos",0
36.69228,"/shooter/setpoint",9000
36.709104,"/drivetrain/leftPos",0
36.709123,"/drivetrain/leftVelocity",0
36.709139,"/drivetrain/rightPos",0
36.70915,"/drivetrain/rightVelocity",0
36.709192,"/drivetrain/heading",-2.3399999141693115
36.709201,"/drivetrain/headingVelocity",-0.0610351525247097
36.709207,"/drivetrain/xAcceleration",0.003000000026077032
36.709212,"/drivetrain/yAcceleration",-0.03700000047683716
36.709217,"/drivetrain/leftOutputLog",0
36.709221,"/drivetrain/rightOutputLog",-0
36.709527,"/intake/pos",0
36.709533,"/intake/output",0
36.709884,"/shooter/rpm",23
36.709918,"/shooter/output",1
36.710042,"/shooter/hasBall",true
36.710091,"/shooter/temperature",40
36.710576,"/climber/rightPos",0
36.712306,"/shooter/setpoint",9000
36.729224,"/drivetrain/leftPos",0
36.729242,"/drivetrain/leftVelocity",0
36.729257,"/drivetrain/rightPos",0
36.729269,"/drivetrain/rightVelocity",0
36.729308,"/drivetrain/heading",-2.3299999237060547
36.729317,"/drivetrain/headingVelocity",0
36.729322,"/drivetrain/xAcceleration",-0.017999999225139618
36.729328,"/drivetrain/yAcceleration",-0.10100000351667404
36.729332,"/drivetrain/leftOutputLog",0
36.729336,"/drivetrain/rightOutputLog",-0
36.729526,"/intake/pos",0
36.729531,"/intake/output",0
36.729739,"/shooter/rpm",105
36.7298,"/shooter/output",1
36.729837,"/shooter/hasBall",true
36.729878,"/shooter/temperature",40
36.730221,"/climber/rightPos",0
36.732883,"/shooter/setpoint",9000
36.749117,"/drivetrain/leftPos",0
36.749135,"/drivetrain/leftVelocity",0
36.749151,"/drivetrain/rightPos",0
36.749162,"/drivetrain/rightVelocity",0
36.749206,"/drivetrain/heading",-2.3299999237060547
36.749215,"/drivetrain/headingVelocity",0
36.749221,"/drivetrain/xAcceleration",-0.03099999949336052
36.749226,"/drivetrain/yAcceleration",0.09700000286102295
36.749231,"/drivetrain/leftOutputLog",0
36.749235,"/drivetrain/rightOutputLog",-0
36.749425,"/intake/pos",0
36.74943,"/intake/output",0
36.749645,"/shooter/rpm",549
36.749667,"/shooter/output",1
36.749758,"/shooter/hasBall",true
36.749784,"/shooter/temperature",40
36.750008,"/climber/rightPos",0
36.751359,"/shooter/setpoint",9000
36.769104,"/drivetrain/leftPos",0
36.769121,"/drivetrain/leftVelocity",0
36.769137,"/drivetrain/rightPos",0
36.769149,"/drivetrain/rightVelocity",0
36.769191,"/drivetrain/heading",-2.3299999237060547
36.769201,"/drivetrain/headingVelocity",0
36.769206,"/drivetrain/xAcceleration",0.06499999761581421
36.769212,"/drivetrain/yAcceleration",-0.1589999943971634
36.769216,"/drivetrain/leftOutputLog",0
36.76922,"/drivetrain/rightOutputLog",-0
36.769425,"/intake/pos",0
36.76943,"/intake/output",0
36.769617,"/shooter/rpm",881
36.769641,"/shooter/output",1
36.769689,"/shooter/hasBall",true
36.769719,"/shooter/temperature",40
36.769953,"/climber/rightPos",0
36.770996,"/shooter/setpoint",9000
36.789281,"/drivetrain/leftPos",0
36.789298,"/drivetrain/leftVelocity",0
36.789312,"/drivetrain/rightPos",0
36.789323,"/drivetrain/rightVelocity",0
36.789363,"/drivetrain/heading",-2.3299999237060547
36.789371,"/drivetrain/headingVelocity",0.0610351525247097
36.789377,"/drivetrain/xAcceleration",0.0729999989271164
36.789382,"/drivetrain/yAcceleration",-0.05400000140070915
36.789387,"/drivetrain/leftOutputLog",0
36.789391,"/drivetrain/rightOutputLog",-0
36.789575,"/intake/pos",0
36.78958,"/intake/output",0
36.789788,"/shooter/rpm",1272
36.789851,"/shooter/output",1
36.789903,"/shooter/hasBall",true
36.789928,"/shooter/temperature",40
36.790101,"/climber/rightPos",0
36.792088,"/shooter/setpoint",9000
36.809096,"/drivetrain/leftPos",0
36.809114,"/drivetrain/leftVelocity",0
36.809131,"/drivetrain/rightPos",0
36.809142,"/drivetrain/rightVelocity",0
36.809185,"/drivetrain/heading",-2.3299999237060547
36.809194,"/drivetrain/headingVelocity",0.1220703050494194
36.809199,"/drivetrain/xAcceleration",-0.06400000303983688
36.809205,"/drivetrain/yAcceleration",0.29600000381469727
36.80921,"/drivetrain/leftOutputLog",0
36.809213,"/drivetrain/rightOutputLog",-0
36.809405,"/intake/pos",0
36.80941,"/intake/output",0
36.809711,"/shooter/rpm",1709
36.809737,"/shooter/output",1
36.809801,"/shooter/hasBall",true
36.80983,"/shooter/temperature",40
36.810136,"/climber/rightPos",0
36.811737,"/shooter/setpoint",9000
36.829274,"/drivetrain/leftPos",0
36.829293,"/drivetrain/leftVelocity",0
36.829308,"/drivetrain/rightPos",0
36.82932,"/drivetrain/rightVelocity",0
36.829366,"/drivetrain/heading",-2.3299999237060547
36.829375,"/drivetrain/headingVelocity",0
36.829381,"/drivetrain/xAcceleration",0.05299999937415123
36.829386,"/drivetrain/yAcceleration",-0.12700000405311584
36.829391,"/drivetrain/leftOutputLog",0
36.829395,"/drivetrain/rightOutputLog",-0
36.829895,"/intake/pos",0
36.829901,"/intake/output",0
36.830211,"/shooter/rpm",2139
36.830239,"/shooter/output",1
36.830295,"/shooter/hasBall",true
36.830343,"/shooter/temperature",40
36.830695,"/climber/rightPos",0
36.832848,"/shooter/setpoint",9000
36.849113,"/drivetrain/leftPos",0
36.849131,"/drivetrain/leftVelocity",0
36.849147,"/drivetrain/rightPos",0
36.849159,"/drivetrain/rightVelocity",0
36.8492,"/drivetrain/heading",-2.3299999237060547
36.849209,"/drivetrain/headingVelocity",0
36.849215,"/drivetrain/xAcceleration",0.00800000037997961
36.84922,"/drivetrain/yAcceleration",-0.14000000059604645
36.849224,"/drivetrain/leftOutputLog",0
36.849228,"/drivetrain/rightOutputLog",-0
36.849472,"/intake/pos",0
36.849477,"/intake/output",0
36.849967,"/shooter/rpm",2605
36.849997,"/shooter/output",1
36.850066,"/shooter/hasBall",true
36.850124,"/shooter/temperature",40
36.850982,"/climber/rightPos",0
36.852107,"/shooter/setpoint",9000
36.869104,"/drivetrain/leftPos",0
36.869122,"/drivetrain/leftVelocity",0
36.869136,"/drivetrain/rightPos",0
36.869148,"/drivetrain/rightVelocity",0
36.869189,"/drivetrain/heading",-2.3299999237060547
36.869198,"/drivetrain/headingVelocity",-0.1831054538488388
36.869204,"/drivetrain/xAcceleration",-0.1599999964237213
36.869209,"/drivetrain/yAcceleration",0.22100000083446503
36.869213,"/drivetrain/leftOutputLog",0
36.869217,"/drivetrain/rightOutputLog",-0
36.869408,"/intake/pos",0
36.869413,"/intake/output",0
36.869646,"/shooter/rpm",2605
36.869673,"/shooter/output",1
36.869707,"/shooter/hasBall",true
36.869754,"/shooter/temperature",40
36.869917,"/climber/rightPos",0
36.870725,"/shooter/setpoint",9000
36.889163,"/drivetrain/leftPos",0
36.889181,"/drivetrain/leftVelocity",0
36.889197,"/drivetrain/rightPos",0
36.889209,"/drivetrain/rightVelocity",0
36.889253,"/drivetrain/heading",-2.3299999237060547
36.889263,"/drivetrain/headingVelocity",-0.30517578125
36.889269,"/drivetrain/xAcceleration",0.0560000017285347
36.889274,"/drivetrain/yAcceleration",-0.1589999943971634
36.889278,"/drivetrain/leftOutputLog",0
36.889282,"/drivetrain/rightOutputLog",-0
36.889475,"/intake/pos",0
36.88948,"/intake/output",0
36.889707,"/shooter/rpm",3089
36.889731,"/shooter/output",1
36.889782,"/shooter/hasBall",true
36.889831,"/shooter/temperature",40
36.89006,"/climber/rightPos",0
36.891043,"/shooter/setpoint",9000
36.909274,"/drivetrain/leftPos",0
36.909292,"/drivetrain/leftVelocity",0
36.909307,"/drivetrain/rightPos",0
36.909318,"/drivetrain/rightVelocity",0
36.909361,"/drivetrain/heading",-2.3299999237060547
36.909371,"/drivetrain/headingVelocity",0.3662109076976776
36.909377,"/drivetrain/xAcceleration",0.014999999664723873
36.909382,"/drivetrain/yAcceleration",-0.03099999949336052
36.909387,"/drivetrain/leftOutputLog",0
36.909391,"/drivetrain/rightOutputLog",-0
36.909576,"/intake/pos",0
36.909581,"/intake/output",0
36.910457,"/shooter/rpm",3593
36.91049,"/shooter/output",1
36.910557,"/shooter/hasBall",true
36.91062,"/shooter/temperature",40
36.91083,"/climber/rightPos",0
36.911956,"/shooter/setpoint",9000
36.929116,"/drivetrain/leftPos",0
36.929133,"/drivetrain/leftVelocity",0
36.929149,"/drivetrain/rightPos",0
36.929161,"/drivetrain/rightVelocity",0
36.929204,"/drivetrain/heading",-2.3299999237060547
36.929212,"/drivetrain/headingVelocity",-0.1831054538488388
36.929218,"/drivetrain/xAcceleration",0.06499999761581421
36.929223,"/drivetrain/yAcceleration",-0.20999999344348907
36.929228,"/drivetrain/leftOutputLog",0
36.929231,"/drivetrain/rightOutputLog",-0
36.929516,"/intake/pos",0
36.929521,"/intake/output",0
36.929748,"/shooter/rpm",4093
36.929815,"/shooter/output",0.9864
36.929866,"/shooter/hasBall",true
36.929906,"/shooter/temperature",40
36.930073,"/climber/rightPos",0
36.930996,"/shooter/setpoint",9000
36.949155,"/drivetrain/leftPos",0
36.949173,"/drivetrain/leftVelocity",0
36.949189,"/drivetrain/rightPos",0
36.9492,"/drivetrain/rightVelocity",0
36.949247,"/drivetrain/heading",-2.3299999237060547
36.949256,"/drivetrain/headingVelocity",0.4272460639476776
36.949262,"/drivetrain/xAcceleration",-0.1120000034570694
36.949267,"/drivetrain/yAcceleration",0.12099999934434891
36.949272,"/drivetrain/leftOutputLog",0
36.949276,"/drivetrain/rightOutputLog",-0
36.949509,"/intake/pos",0
36.949514,"/intake/output",0
36.949725,"/shooter/rpm",4593
36.949746,"/shooter/output",0.8864000000000001
36.94984,"/shooter/hasBall",true
36.949882,"/shooter/temperature",40
36.95006,"/climber/rightPos",0
36.95251,"/shooter/setpoint",9000
36.969109,"/drivetrain/leftPos",0
36.969128,"/drivetrain/leftVelocity",0
36.969142,"/drivetrain/rightPos",0
36.969154,"/drivetrain/rightVelocity",0
36.969194,"/drivetrain/heading",-2.3299999237060547
36.969203,"/drivetrain/headingVelocity",0.1831054538488388
36.969208,"/drivetrain/xAcceleration",0.04800000041723251
36.969213,"/drivetrain/yAcceleration",0.02500000037252903
36.969218,"/drivetrain/leftOutputLog",0
36.969222,"/drivetrain/rightOutputLog",-0
36.969411,"/intake/pos",0
36.969416,"/intake/output",0
36.96963,"/shooter/rpm",5592
36.969653,"/shooter/output",0.6866
36.969745,"/shooter/hasBall",true
36.969773,"/shooter/temperature",40
36.969994,"/climber/rightPos",0
36.971224,"/shooter/setpoint",9000
36.989158,"/drivetrain/leftPos",0
36.989176,"/drivetrain/leftVelocity",0
36.989192,"/drivetrain/rightPos",0
36.989204,"/drivetrain/rightVelocity",0
36.989248,"/drivetrain/heading",-2.3299999237060547
36.989258,"/drivetrain/headingVelocity",-0.3662109076976776
36.989264,"/drivetrain/xAcceleration",0.0729999989271164
36.989269,"/drivetrain/yAcceleration",0.04399999976158142
36.989274,"/drivetrain/leftOutputLog",0
36.989277,"/drivetrain/rightOutputLog",-0
36.989839,"/intake/pos",0
36.989845,"/intake/output",0
36.990474,"/shooter/rpm",6091
36.990502,"/shooter/output",0.6866
36.990567,"/shooter/hasBall",true
36.990737,"/shooter/temperature",40
36.990989,"/climber/rightPos",0
36.992063,"/shooter/setpoint",9000
37.009106,"/drivetrain/leftPos",0
37.009124,"/drivetrain/leftVelocity",0
37.00914,"/drivetrain/rightPos",0
37.009152,"/drivetrain/rightVelocity",0
37.009203,"/drivetrain/heading",-2.3299999237060547
37.009212,"/drivetrain/headingVelocity",0
37.009217,"/drivetrain/xAcceleration",-0.012000000104308128
37.009223,"/drivetrain/yAcceleration",0.0860000029206276
37.009228,"/drivetrain/leftOutputLog",0
37.009232,"/drivetrain/rightOutputLog",-0
37.00956,"/intake/pos",0
37.009566,"/intake/output",0
37.010068,"/shooter/rpm",6565
37.010357,"/shooter/output",0.5868
37.010423,"/shooter/hasBall",true
37.010449,"/shooter/temperature",40
37.010834,"/climber/rightPos",0
37.011805,"/shooter/setpoint",9000
37.029162,"/drivetrain/leftPos",0
37.02918,"/drivetrain/leftVelocity",0
37.029195,"/drivetrain/rightPos",0
37.029206,"/drivetrain/rightVelocity",0
37.029247,"/drivetrain/heading",-2.319999933242798
37.029256,"/drivetrain/headingVelocity",-0.2441406100988388
37.029262,"/drivetrain/xAcceleration",0.11299999803304672
37.029266,"/drivetrain/yAcceleration",0.0860000029206276
37.029271,"/drivetrain/leftOutputLog",0
37.029275,"/drivetrain/rightOutputLog",-0
37.029599,"/intake/pos",0
37.029605,"/intake/output",0
37.030561,"/shooter/rpm",6998
37.030596,"/shooter/output",0.49200000000000005
37.030786,"/shooter/hasBall",true
37.030936,"/shooter/temperature",40
37.031242,"/climber/rightPos",0
37.032266,"/shooter/setpoint",9000
37.049235,"/drivetrain/leftPos",0
37.049251,"/drivetrain/leftVelocity",0
37.049267,"/drivetrain/rightPos",0
37.049278,"/drivetrain/rightVelocity",0
37.049321,"/drivetrain/heading",-2.319999933242798
37.049329,"/drivetrain/headingVelocity",0
37.049335,"/drivetrain/xAcceleration",-0.10999999940395355
37.04934,"/drivetrain/yAcceleration",0.0860000029206276
37.049345,"/drivetrain/leftOutputLog",0
37.049349,"/drivetrain/rightOutputLog",-0
37.049537,"/intake/pos",0
37.049541,"/intake/output",0
37.050136,"/shooter/rpm",7363
37.050167,"/shooter/output",0.40540000000000004
37.050229,"/shooter/hasBall",true
37.05028,"/shooter/temperature",40
37.05059,"/climber/rightPos",0
37.051941,"/shooter/setpoint",9000
37.069155,"/drivetrain/leftPos",0
37.069174,"/drivetrain/leftVelocity",0
37.06919,"/drivetrain/rightPos",0
37.069201,"/drivetrain/rightVelocity",0
37.069242,"/drivetrain/heading",-2.319999933242798
37.069251,"/drivetrain/headingVelocity",-0.0610351525247097
37.069257,"/drivetrain/xAcceleration",0.014000000432133675
37.069262,"/drivetrain/yAcceleration",-0.13699999451637268
37.069266,"/drivetrain/leftOutputLog",0
37.06927,"/drivetrain/rightOutputLog",-0
37.069457,"/intake/pos",0
37.069462,"/intake/output",0
37.069675,"/shooter/rpm",7363
37.069696,"/shooter/output",0.33240000000000003
37.06977,"/shooter/hasBall",true
37.069819,"/shooter/temperature",40
37.070039,"/climber/rightPos",0
37.071328,"/shooter/setpoint",9000
37.089167,"/drivetrain/leftPos",0
37.089187,"/drivetrain/leftVelocity",0
37.089205,"/drivetrain/rightPos",0
37.089217,"/drivetrain/rightVelocity",0
37.089371,"/drivetrain/heading",-2.319999933242798
37.089383,"/drivetrain/headingVelocity",-0.1220703050494194
37.08939,"/drivetrain/xAcceleration",0.006000000052154064
37.089395,"/drivetrain/yAcceleration",-0.020999999716877937
37.0894,"/drivetrain/leftOutputLog",0
37.089404,"/drivetrain/rightOutputLog",-0
37.089901,"/intake/pos",0
37.089908,"/intake/output",0
37.090161,"/shooter/rpm",7650
37.090196,"/shooter/output",0.275
37.090267,"/shooter/hasBall",true
37.09107,"/shooter/temperature",40
37.091384,"/climber/rightPos",0
37.092616,"/shooter/setpoint",9000
37.109122,"/drivetrain/leftPos",0
37.109139,"/drivetrain/leftVelocity",0
37.109155,"/drivetrain/rightPos",0
37.109166,"/drivetrain/rightVelocity",0
37.109211,"/drivetrain/heading",-2.319999933242798
37.10922,"/drivetrain/headingVelocity",-0.1831054538488388
37.109226,"/drivetrain/xAcceleration",0.026000000536441803
37.109231,"/drivetrain/yAcceleration",0.12399999797344208
37.109235,"/drivetrain/leftOutputLog",0
37.109239,"/drivetrain/rightOutputLog",-0
37.109431,"/intake/pos",0
37.109436,"/intake/output",0
37.109731,"/shooter/rpm",7916
37.109756,"/shooter/output",0.22180000000000002
37.110059,"/shooter/hasBall",true
37.110125,"/shooter/temperature",40
37.110588,"/climber/rightPos",0
37.112061,"/shooter/setpoint",9000
37.129128,"/drivetrain/leftPos",0
37.129144,"/drivetrain/leftVelocity",0
37.129159,"/drivetrain/rightPos",0
37.12917,"/drivetrain/rightVelocity",0
37.129211,"/drivetrain/heading",-2.319999933242798
37.12922,"/drivetrain/headingVelocity",0.1831054538488388
37.129226,"/drivetrain/xAcceleration",0.02800000086426735
37.129231,"/drivetrain/yAcceleration",0.007000000216066837
37.129236,"/drivetrain/leftOutputLog",0
37.129239,"/drivetrain/rightOutputLog",-0
37.129437,"/intake/pos",0
37.129442,"/intake/output",0
37.129634,"/shooter/rpm",7914
37.129664,"/shooter/output",0.22180000000000002
37.130162,"/shooter/hasBall",true
37.130382,"/shooter/temperature",40
37.130896,"/climber/rightPos",0
37.132019,"/shooter/setpoint",9000
37.149285,"/drivetrain/leftPos",0
37.149302,"/drivetrain/leftVelocity",0
37.149318,"/drivetrain/rightPos",0
37.149329,"/drivetrain/rightVelocity",0
37.149372,"/drivetrain/heading",-2.319999933242798
37.149381,"/drivetrain/headingVelocity",-0.1220703050494194
37.149386,"/drivetrain/xAcceleration",0.00800000037997961
37.149391,"/drivetrain/yAcceleration",-0.04100000113248825
37.149396,"/drivetrain/leftOutputLog",0
37.1494,"/drivetrain/rightOutputLog",-0
37.149594,"/intake/pos",0
37.149599,"/intake/output",0
37.149867,"/shooter/rpm",7823
37.149891,"/shooter/output",0.2222
37.149943,"/shooter/hasBall",true
37.149983,"/shooter/temperature",40
37.150132,"/climber/rightPos",0
37.151902,"/shooter/setpoint",9000
37.169105,"/drivetrain/leftPos",0
37.169123,"/drivetrain/leftVelocity",0
37.169139,"/drivetrain/rightPos",0
37.16915,"/drivetrain/rightVelocity",0
37.169191,"/drivetrain/heading",-2.319999933242798
37.1692,"/drivetrain/headingVelocity",0
37.169205,"/drivetrain/xAcceleration",-0.02199999988079071
37.16921,"/drivetrain/yAcceleration",-0.07900000363588333
37.169215,"/drivetrain/leftOutputLog",0
37.169219,"/drivetrain/rightOutputLog",-0
37.169404,"/intake/pos",0
37.169409,"/intake/output",0
37.169628,"/shooter/rpm",7672
37.169649,"/shooter/output",0.2404
37.169741,"/shooter/hasBall",true
37.169767,"/shooter/temperature",40
37.169992,"/climber/rightPos",0
37.171088,"/shooter/setpoint",9000
37.189109,"/drivetrain/leftPos",0
37.189172,"/drivetrain/leftVelocity",0
37.189195,"/drivetrain/rightPos",0
37.189208,"/drivetrain/rightVelocity",0
37.189387,"/drivetrain/heading",-2.309999942779541
37.189399,"/drivetrain/headingVelocity",-0.1831054538488388
37.189405,"/drivetrain/xAcceleration",-0.06599999964237213
37.189411,"/drivetrain/yAcceleration",-0.01600000075995922
37.189416,"/drivetrain/leftOutputLog",0
37.18942,"/drivetrain/rightOutputLog",-0
37.189885,"/intake/pos",0
37.189891,"/intake/output",0
37.19089,"/shooter/rpm",7496
37.190911,"/shooter/output",0.2706
37.190971,"/shooter/hasBall",true
37.191015,"/shooter/temperature",40
37.191274,"/climber/rightPos",0
37.192378,"/shooter/setpoint",9000
37.209088,"/drivetrain/leftPos",0
37.209106,"/drivetrain/leftVelocity",0
37.209121,"/drivetrain/rightPos",0
37.209133,"/drivetrain/rightVelocity",0
37.209175,"/drivetrain/heading",-2.309999942779541
37.209296,"/drivetrain/headingVelocity",0
37.209304,"/drivetrain/xAcceleration",0.014999999664723873
37.20931,"/drivetrain/yAcceleration",0.014999999664723873
37.209316,"/drivetrain/leftOutputLog",0
37.20932,"/drivetrain/rightOutputLog",-0
37.209876,"/intake/pos",0
37.209882,"/intake/output",0
37.210533,"/shooter/rpm",7304
37.210566,"/shooter/output",0.3058
37.210743,"/shooter/hasBall",true
37.210778,"/shooter/temperature",40
37.211212,"/climber/rightPos",0
37.212162,"/shooter/setpoint",9000
37.229112,"/drivetrain/leftPos",0
37.229129,"/drivetrain/leftVelocity",0
37.229144,"/drivetrain/rightPos",0
37.229155,"/drivetrain/rightVelocity",0
37.229199,"/drivetrain/heading",-2.309999942779541
37.229208,"/drivetrain/headingVelocity",-0.0610351525247097
37.229213,"/drivetrain/xAcceleration",-0.10400000214576721
37.229218,"/drivetrain/yAcceleration",0.02500000037252903
37.229223,"/drivetrain/leftOutputLog",0
37.229226,"/drivetrain/rightOutputLog",-0
37.229543,"/intake/pos",0
37.229549,"/intake/output",0
37.230309,"/shooter/rpm",7125
37.230339,"/shooter/output",0.3442
37.230403,"/shooter/hasBall",true
37.230437,"/shooter/temperature",40
37.231067,"/climber/rightPos",0
37.231919,"/shooter/setpoint",9000
37.249119,"/drivetrain/leftPos",0
37.249136,"/drivetrain/leftVelocity",0
37.249152,"/drivetrain/rightPos",0
37.249164,"/drivetrain/rightVelocity",0
37.249208,"/drivetrain/heading",-2.309999942779541
37.249218,"/drivetrain/headingVelocity",0
37.249223,"/drivetrain/xAcceleration",0.03500000014901161
37.249228,"/drivetrain/yAcceleration",0
37.249233,"/drivetrain/leftOutputLog",0
37.249237,"/drivetrain/rightOutputLog",-0
37.249427,"/intake/pos",0
37.249432,"/intake/output",0
37.249798,"/shooter/rpm",7125
37.249824,"/shooter/output",0.38
37.249913,"/shooter/hasBall",true
37.249948,"/shooter/temperature",40
37.250389,"/climber/rightPos",0
37.252022,"/shooter/setpoint",9000
37.269256,"/drivetrain/leftPos",0
37.269275,"/drivetrain/leftVelocity",0
37.269289,"/drivetrain/rightPos",0
37.269301,"/drivetrain/rightVelocity",0
37.269346,"/drivetrain/heading",-2.309999942779541
37.269355,"/drivetrain/headingVelocity",0
37.269361,"/drivetrain/xAcceleration",0.11900000274181366
37.269366,"/drivetrain/yAcceleration",-0.10199999809265137
37.269371,"/drivetrain/leftOutputLog",0
37.269374,"/drivetrain/rightOutputLog",-0
37.269643,"/intake/pos",0
37.269647,"/intake/output",0
37.269848,"/shooter/rpm",6995
37.269911,"/shooter/output",0.406
37.269961,"/shooter/hasBall",true
37.269985,"/shooter/temperature",40
37.270149,"/climber/rightPos",0
37.271821,"/shooter/setpoint",9000
37.289447,"/drivetrain/leftPos",0
37.289464,"/drivetrain/leftVelocity",0
37.289479,"/drivetrain/rightPos",0
37.28949,"/drivetrain/rightVelocity",0
37.289541,"/drivetrain/heading",-2.309999942779541
37.289551,"/drivetrain/headingVelocity",0
37.289558,"/drivetrain/xAcceleration",0.03999999910593033
37.289563,"/drivetrain/yAcceleration",0
37.289568,"/drivetrain/leftOutputLog",0
37.289572,"/drivetrain/rightOutputLog",-0
37.289828,"/intake/pos",0
37.289834,"/intake/output",0
37.290104,"/shooter/rpm",6905
37.290134,"/shooter/output",0.406
37.290188,"/shooter/hasBall",true
37.290239,"/shooter/temperature",40
37.290654,"/climber/rightPos",0
37.291863,"/shooter/setpoint",9000
37.309077,"/drivetrain/leftPos",0
37.309095,"/drivetrain/leftVelocity",0
37.30911,"/drivetrain/rightPos",0
37.309122,"/drivetrain/rightVelocity",0
37.309166,"/drivetrain/heading",-2.309999942779541
37.309175,"/drivetrain/headingVelocity",0.0610351525247097
37.309181,"/drivetrain/xAcceleration",0.18299999833106995
37.309185,"/drivetrain/yAcceleration",-0.003000000026077032
37.30919,"/drivetrain/leftOutputLog",0
37.309194,"/drivetrain/rightOutputLog",-0
37.309379,"/intake/pos",0
37.309384,"/intake/output",0
37.309624,"/shooter/rpm",6862
37.309768,"/shooter/output",0.42400000000000004
37.309835,"/shooter/hasBall",true
37.309892,"/shooter/temperature",40
37.310344,"/climber/rightPos",0
37.312091,"/shooter/setpoint",9000
37.329264,"/drivetrain/leftPos",0
37.329292,"/drivetrain/leftVelocity",0
37.329309,"/drivetrain/rightPos",0
37.329321,"/drivetrain/rightVelocity",0
37.329371,"/drivetrain/heading",-2.309999942779541
37.329381,"/drivetrain/headingVelocity",0
37.329387,"/drivetrain/xAcceleration",0.13500000536441803
37.329393,"/drivetrain/yAcceleration",0.09000000357627869
37.329398,"/drivetrain/leftOutputLog",0
37.329402,"/drivetrain/rightOutputLog",-0
37.329859,"/intake/pos",0
37.329865,"/intake/output",0
37.330166,"/shooter/rpm",6856
37.33075,"/shooter/output",0.4338
37.330812,"/shooter/hasBall",true
37.330865,"/shooter/temperature",40
37.33109,"/climber/rightPos",0
37.331966,"/shooter/setpoint",9000
37.349144,"/drivetrain/leftPos",0
37.349162,"/drivetrain/leftVelocity",0
37.349178,"/drivetrain/rightPos",0
37.34919,"/drivetrain/rightVelocity",0
37.349234,"/drivetrain/heading",-2.309999942779541
37.349242,"/drivetrain/headingVelocity",-0.0610351525247097
37.349248,"/drivetrain/xAcceleration",0.013000000268220901
37.349253,"/drivetrain/yAcceleration",-0.09700000286102295
37.349258,"/drivetrain/leftOutputLog",0
37.349262,"/drivetrain/rightOutputLog",-0
37.349456,"/intake/pos",0
37.349462,"/intake/output",0
37.349832,"/shooter/rpm",6895
37.349949,"/shooter/output",0.42600000000000005
37.35063,"/shooter/hasBall",true
37.350705,"/shooter/temperature",40
37.350937,"/climber/rightPos",0
37.352192,"/shooter/setpoint",9000
37.369127,"/drivetrain/leftPos",0
37.369146,"/drivetrain/leftVelocity",0
37.369162,"/drivetrain/rightPos",0
37.369173,"/drivetrain/rightVelocity",0
37.369222,"/drivetrain/heading",-2.309999942779541
37.369231,"/drivetrain/headingVelocity",0.1220703050494194
37.369315,"/drivetrain/xAcceleration",0.11599999666213989
37.369322,"/drivetrain/yAcceleration",-0.023000000044703484
37.369327,"/drivetrain/leftOutputLog",0
37.369331,"/drivetrain/rightOutputLog",-0
37.369541,"/intake/pos",0
37.369546,"/intake/output",0
37.369725,"/shooter/rpm",6952
37.369751,"/shooter/output",0.4146
37.3698,"/shooter/hasBall",true
37.369851,"/shooter/temperature",40
37.369999,"/climber/rightPos",0
37.372492,"/shooter/setpoint",9000
37.38909,"/drivetrain/leftPos",0
37.389107,"/drivetrain/leftVelocity",0
37.389122,"/drivetrain/rightPos",0
37.389134,"/drivetrain/rightVelocity",0
37.389176,"/drivetrain/heading",-2.309999942779541
37.389185,"/drivetrain/headingVelocity",0
37.38919,"/drivetrain/xAcceleration",0.16500000655651093
37.389195,"/drivetrain/yAcceleration",-0.02800000086426735
37.3892,"/drivetrain/leftOutputLog",0
37.389204,"/drivetrain/rightOutputLog",-0
37.389391,"/intake/pos",0
37.389396,"/intake/output",0
37.389564,"/shooter/rpm",7108
37.389701,"/shooter/output",0.3834
37.389768,"/shooter/hasBall",true
37.390069,"/shooter/temperature",40
37.391455,"/climber/rightPos",0
37.39252,"/shooter/setpoint",9000
37.409294,"/drivetrain/leftPos",0
37.409314,"/drivetrain/leftVelocity",0
37.409332,"/drivetrain/rightPos",0
37.409344,"/drivetrain/rightVelocity",0
37.409397,"/drivetrain/heading",-2.309999942779541
37.409407,"/drivetrain/headingVelocity",-0.1220703050494194
37.409413,"/drivetrain/xAcceleration",-0.02500000037252903
37.409418,"/drivetrain/yAcceleration",-0.012000000104308128
37.409423,"/drivetrain/leftOutputLog",0
37.409427,"/drivetrain/rightOutputLog",-0
37.409785,"/intake/pos",0
37.409791,"/intake/output",0
37.410535,"/shooter/rpm",7189
37.410553,"/shooter/output",0.3672
37.41062,"/shooter/hasBall",true
37.410664,"/shooter/temperature",40
37.410922,"/climber/rightPos",0
37.411812,"/shooter/setpoint",9000
37.429231,"/drivetrain/leftPos",0
37.429248,"/drivetrain/leftVelocity",0
37.429264,"/drivetrain/rightPos",0
37.429275,"/drivetrain/rightVelocity",0
37.429448,"/drivetrain/heading",-2.309999942779541
37.42946,"/drivetrain/headingVelocity",0.0610351525247097
37.429466,"/drivetrain/xAcceleration",0.028999999165534973
37.429472,"/drivetrain/yAcceleration",0.050999999046325684
37.429477,"/drivetrain/leftOutputLog",0
37.429482,"/drivetrain/rightOutputLog",-0
37.430156,"/intake/pos",0
37.430163,"/intake/output",0
37.430617,"/shooter/rpm",7262
37.430643,"/shooter/output",0.3672
37.430705,"/shooter/hasBall",true
37.430748,"/shooter/temperature",40
37.431011,"/climber/rightPos",0
37.43206,"/shooter/setpoint",9000
37.449185,"/drivetrain/leftPos",0
37.449202,"/drivetrain/leftVelocity",0
37.449217,"/drivetrain/rightPos",0
37.449229,"/drivetrain/rightVelocity",0
37.44927,"/drivetrain/heading",-2.309999942779541
37.449279,"/drivetrain/headingVelocity",0.1220703050494194
37.449285,"/drivetrain/xAcceleration",0.020999999716877937
37.44929,"/drivetrain/yAcceleration",0.026000000536441803
37.449294,"/drivetrain/leftOutputLog",0
37.449298,"/drivetrain/rightOutputLog",-0
37.450081,"/intake/pos",0
37.450088,"/intake/output",0
37.451033,"/shooter/rpm",7306
37.451054,"/shooter/output",0.3526
37.451115,"/shooter/hasBall",true
37.451159,"/shooter/temperature",40
37.451369,"/climber/rightPos",0
37.452271,"/shooter/setpoint",9000
37.469125,"/drivetrain/leftPos",0
37.469142,"/drivetrain/leftVelocity",0
37.469203,"/drivetrain/rightPos",0
37.469217,"/drivetrain/rightVelocity",0
37.46926,"/drivetrain/heading",-2.309999942779541
37.469269,"/drivetrain/headingVelocity",0.1220703050494194
37.469275,"/drivetrain/xAcceleration",-0.03200000151991844
37.46928,"/drivetrain/yAcceleration",0.17399999499320984
37.469285,"/drivetrain/leftOutputLog",0
37.469289,"/drivetrain/rightOutputLog",-0
37.4696,"/intake/pos",0
37.469605,"/intake/output",0
37.46985,"/shooter/rpm",7306
37.469878,"/shooter/output",0.3438
37.469936,"/shooter/hasBall",true
37.46996,"/shooter/temperature",40
37.470127,"/climber/rightPos",0
37.471717,"/shooter/setpoint",9000
37.489202,"/drivetrain/leftPos",0
37.489217,"/drivetrain/leftVelocity",0
37.489232,"/drivetrain/rightPos",0
37.489243,"/drivetrain/rightVelocity",0
37.489284,"/drivetrain/heading",-2.309999942779541
37.489293,"/drivetrain/headingVelocity",0.1220703050494194
37.489298,"/drivetrain/xAcceleration",-0.004999999888241291
37.489303,"/drivetrain/yAcceleration",-0.02500000037252903
37.489308,"/drivetrain/leftOutputLog",0
37.489312,"/drivetrain/rightOutputLog",-0
37.489508,"/intake/pos",0
37.489513,"/intake/output",0
37.489689,"/shooter/rpm",7334
37.489712,"/shooter/output",0.3382
37.489744,"/shooter/hasBall",true
37.489779,"/shooter/temperature",40
37.490012,"/climber/rightPos",0
37.491843,"/shooter/setpoint",9000
37.509353,"/drivetrain/leftPos",0
37.509369,"/drivetrain/leftVelocity",0
37.509384,"/drivetrain/rightPos",0
37.509513,"/drivetrain/rightVelocity",0
37.509567,"/drivetrain/heading",-2.319999933242798
37.509577,"/drivetrain/headingVelocity",0.1220703050494194
37.509584,"/drivetrain/xAcceleration",0.026000000536441803
37.509589,"/drivetrain/yAcceleration",-0.17900000512599945
37.509595,"/drivetrain/leftOutputLog",0
37.509599,"/drivetrain/rightOutputLog",-0
37.510171,"/intake/pos",0
37.510176,"/intake/output",0
37.510728,"/shooter/rpm",7349
37.510756,"/shooter/output",0.3352
37.510819,"/shooter/hasBall",true
37.510845,"/shooter/temperature",40
37.511124,"/climber/rightPos",0
37.512094,"/shooter/setpoint",9000
37.529166,"/drivetrain/leftPos",0
37.529183,"/drivetrain/leftVelocity",0
37.5292,"/drivetrain/rightPos",0
37.529211,"/drivetrain/rightVelocity",0
37.529258,"/drivetrain/heading",-2.319999933242798
37.529268,"/drivetrain/headingVelocity",-0.0610351525247097
37.529275,"/drivetrain/xAcceleration",0
37.529281,"/drivetrain/yAcceleration",-0.05900000035762787
37.529286,"/drivetrain/leftOutputLog",0
37.529289,"/drivetrain/rightOutputLog",-0
37.529624,"/intake/pos",0
37.529629,"/intake/output",0
37.529904,"/shooter/rpm",7347
37.529931,"/shooter/output",0.3356
37.530056,"/shooter/hasBall",true
37.530088,"/shooter/temperature",40
37.530266,"/climber/rightPos",0
37.532207,"/shooter/setpoint",9000
37.549119,"/drivetrain/leftPos",0
37.549138,"/drivetrain/leftVelocity",0
37.549154,"/drivetrain/rightPos",0
37.549166,"/drivetrain/rightVelocity",0
37.549208,"/drivetrain/heading",-2.319999933242798
37.549217,"/drivetrain/headingVelocity",0.2441406100988388
37.549223,"/drivetrain/xAcceleration",-0.10599999874830246
37.549228,"/drivetrain/yAcceleration",-0.16500000655651093
37.549233,"/drivetrain/leftOutputLog",0
37.549237,"/drivetrain/rightOutputLog",-0
37.549427,"/intake/pos",0
37.549432,"/intake/output",0
37.549725,"/shooter/rpm",7319
37.549749,"/shooter/output",0.3412
37.549806,"/shooter/hasBall",true
37.549854,"/shooter/temperature",40
37.550047,"/climber/rightPos",0
37.551822,"/shooter/setpoint",9000
37.569134,"/drivetrain/leftPos",0
37.569151,"/drivetrain/leftVelocity",0
37.569167,"/drivetrain/rightPos",0
37.569179,"/drivetrain/rightVelocity",0
37.569219,"/drivetrain/heading",-2.319999933242798
37.569228,"/drivetrain/headingVelocity",0.3662109076976776
37.569234,"/drivetrain/xAcceleration",-0.1340000033378601
37.569239,"/drivetrain/yAcceleration",-0.041999999433755875
37.569244,"/drivetrain/leftOutputLog",0
37.569248,"/drivetrain/rightOutputLog",-0
37.569447,"/intake/pos",0
37.569452,"/intake/output",0
37.569691,"/shooter/rpm",7300
37.569713,"/shooter/output",0.3412
37.569763,"/shooter/hasBall",true
37.569811,"/shooter/temperature",40
37.569979,"/climber/rightPos",0
37.572112,"/shooter/setpoint",9000
37.58912,"/drivetrain/leftPos",0
37.589138,"/drivetrain/leftVelocity",0
37.589154,"/drivetrain/rightPos",0
37.589166,"/drivetrain/rightVelocity",0
37.58921,"/drivetrain/heading",-2.319999933242798
37.589219,"/drivetrain/headingVelocity",-0.30517578125
37.589225,"/drivetrain/xAcceleration",0.08299999684095383
37.58923,"/drivetrain/yAcceleration",-0.33000001311302185
37.589235,"/drivetrain/leftOutputLog",0
37.589239,"/drivetrain/rightOutputLog",-0
37.58944,"/intake/pos",0
37.589446,"/intake/output",0
37.589654,"/shooter/rpm",7281
37.589722,"/shooter/output",0.3488
37.589776,"/shooter/hasBall",true
37.589824,"/shooter/temperature",40
37.589997,"/climber/rightPos",0
37.590957,"/shooter/setpoint",9000
37.609402,"/drivetrain/leftPos",0
37.60942,"/drivetrain/leftVelocity",0
37.609436,"/drivetrain/rightPos",0
37.609448,"/drivetrain/rightVelocity",0
37.609492,"/drivetrain/heading",-2.319999933242798
37.609501,"/drivetrain/headingVelocity",-0.1220703050494194
37.609507,"/drivetrain/xAcceleration",0.06599999964237213
37.609512,"/drivetrain/yAcceleration",-0.10300000011920929
37.609517,"/drivetrain/leftOutputLog",0
37.609521,"/drivetrain/rightOutputLog",-0
37.610083,"/intake/pos",0
37.610089,"/intake/output",0
37.610944,"/shooter/rpm",7216
37.610964,"/shooter/output",0.3488
37.611019,"/shooter/hasBall",true
37.611066,"/shooter/temperature",40
37.611266,"/climber/rightPos",0
37.61221,"/shooter/setpoint",9000
37.630277,"/drivetrain/leftPos",0
37.630298,"/drivetrain/leftVelocity",0
37.630315,"/drivetrain/rightPos",0
37.630327,"/drivetrain/rightVelocity",0
37.630366,"/drivetrain/heading",-2.3299999237060547
37.630375,"/drivetrain/headingVelocity",0.2441406100988388
37.630381,"/drivetrain/xAcceleration",-0.023000000044703484
37.630386,"/drivetrain/yAcceleration",-0.12200000137090683
37.630391,"/drivetrain/leftOutputLog",0
37.630395,"/drivetrain/rightOutputLog",-0
37.630664,"/intake/pos",0
37.630669,"/intake/output",0
37.6309,"/shooter/rpm",7199
37.630924,"/shooter/output",0.3618
37.63098,"/shooter/hasBall",true
37.631123,"/shooter/temperature",40
37.631551,"/climber/rightPos",0
37.632604,"/shooter/setpoint",9000
37.649122,"/drivetrain/leftPos",0
37.64914,"/drivetrain/leftVelocity",0
37.649156,"/drivetrain/rightPos",0
37.649168,"/drivetrain/rightVelocity",0
37.64921,"/drivetrain/heading",-2.3299999237060547
37.649219,"/drivetrain/headingVelocity",0
37.649224,"/drivetrain/xAcceleration",0.05999999865889549
37.64923,"/drivetrain/yAcceleration",0.07000000029802322
37.649234,"/drivetrain/leftOutputLog",0
37.649238,"/drivetrain/rightOutputLog",-0
37.649477,"/intake/pos",0
37.649482,"/intake/output",0
37.649671,"/shooter/rpm",7199
37.649692,"/shooter/output",0.3652
37.649724,"/shooter/hasBall",true
37.649764,"/shooter/temperature",40
37.649918,"/climber/rightPos",0
37.652522,"/shooter/setpoint",9000
37.669115,"/drivetrain/leftPos",0
37.669132,"/drivetrain/leftVelocity",0
37.669146,"/drivetrain/rightPos",0
37.669158,"/drivetrain/rightVelocity",0
37.6692,"/drivetrain/heading",-2.3299999237060547
37.669208,"/drivetrain/headingVelocity",0.1831054538488388
37.669214,"/drivetrain/xAcceleration",0.0689999982714653
37.669219,"/drivetrain/yAcceleration",-0.04600000008940697
37.669224,"/drivetrain/leftOutputLog",0
37.669228,"/drivetrain/rightOutputLog",-0
37.669418,"/intake/pos",0
37.669424,"/intake/output",0
37.669603,"/shooter/rpm",7157
37.669626,"/shooter/output",0.37360000000000004
37.669675,"/shooter/hasBall",true
37.669718,"/shooter/temperature",40
37.669874,"/climber/rightPos",0
37.670784,"/shooter/setpoint",9000
37.689521,"/drivetrain/leftPos",0
37.68954,"/drivetrain/leftVelocity",0
37.689556,"/drivetrain/rightPos",0
37.689569,"/drivetrain/rightVelocity",0
37.689621,"/drivetrain/heading",-2.3299999237060547
37.689631,"/drivetrain/headingVelocity",0.2441406100988388
37.689637,"/drivetrain/xAcceleration",0.06300000101327896
37.689642,"/drivetrain/yAcceleration",0.09300000220537186
37.689647,"/drivetrain/leftOutputLog",0
37.689651,"/drivetrain/rightOutputLog",-0
37.690017,"/intake/pos",0
37.690023,"/intake/output",0
37.690301,"/shooter/rpm",7156
37.690325,"/shooter/output",0.37360000000000004
37.690376,"/shooter/hasBall",true
37.690415,"/shooter/temperature",40
37.69059,"/climber/rightPos",0
37.691638,"/shooter/setpoint",9000
37.709157,"/drivetrain/leftPos",0
37.709177,"/drivetrain/leftVelocity",0
37.709193,"/drivetrain/rightPos",0
37.709205,"/drivetrain/rightVelocity",0
37.709248,"/drivetrain/heading",-2.3299999237060547
37.709257,"/drivetrain/headingVelocity",-0.2441406100988388
37.709263,"/drivetrain/xAcceleration",-0.0729999989271164
37.709268,"/drivetrain/yAcceleration",-0.07400000095367432
37.709273,"/drivetrain/leftOutputLog",0
37.709277,"/drivetrain/rightOutputLog",-0
37.709466,"/intake/pos",0
37.709471,"/intake/output",0
37.709661,"/shooter/rpm",7156
37.709688,"/shooter/output",0.3738
37.709724,"/shooter/hasBall",true
37.709748,"/shooter/temperature",40
37.709995,"/climber/rightPos",0
37.713036,"/shooter/setpoint",9000
37.730155,"/drivetrain/leftPos",0
37.730197,"/drivetrain/leftVelocity",0
37.730216,"/drivetrain/rightPos",0
37.730228,"/drivetrain/rightVelocity",0
37.730259,"/drivetrain/heading",-2.3299999237060547
37.730268,"/drivetrain/headingVelocity",-0.1220703050494194
37.730273,"/drivetrain/xAcceleration",-0.10100000351667404
37.730278,"/drivetrain/yAcceleration",-0.12999999523162842
37.730283,"/drivetrain/leftOutputLog",0
37.730287,"/drivetrain/rightOutputLog",-0
37.730491,"/intake/pos",0
37.730496,"/intake/output",0
37.730719,"/shooter/rpm",7162
37.730744,"/shooter/output",0.37260000000000004
37.730799,"/shooter/hasBall",true
37.730845,"/shooter/temperature",42
37.731184,"/climber/rightPos",0
37.732181,"/shooter/setpoint",9000
37.74955,"/drivetrain/leftPos",0
37.749568,"/drivetrain/leftVelocity",0
37.749582,"/drivetrain/rightPos",0
37.749593,"/drivetrain/rightVelocity",0
37.749643,"/drivetrain/heading",-2.3299999237060547
37.749653,"/drivetrain/headingVelocity",0.1831054538488388
37.749659,"/drivetrain/xAcceleration",0.004999999888241291
37.749664,"/drivetrain/yAcceleration",0.1550000011920929
37.749669,"/drivetrain/leftOutputLog",0
37.749673,"/drivetrain/rightOutputLog",-0
37.749977,"/intake/pos",0
37.749982,"/intake/output",0
37.750187,"/shooter/rpm",7165
37.750208,"/shooter/output",0.372
37.750262,"/shooter/hasBall",true
37.750287,"/shooter/temperature",42
37.75048,"/climber/rightPos",0
37.751368,"/shooter/setpoint",9000
37.769503,"/drivetrain/leftPos",0
37.769523,"/drivetrain/leftVelocity",0
37.76954,"/drivetrain/rightPos",0
37.769553,"/drivetrain/rightVelocity",0
37.769602,"/drivetrain/heading",-2.3299999237060547
37.769612,"/drivetrain/headingVelocity",0
37.769619,"/drivetrain/xAcceleration",-0.11599999666213989
37.769624,"/drivetrain/yAcceleration",-0.15600000321865082
37.76963,"/drivetrain/leftOutputLog",0
37.769633,"/drivetrain/rightOutputLog",-0
37.770166,"/intake/pos",0
37.770172,"/intake/output",0
37.770918,"/shooter/rpm",7199
37.770936,"/shooter/output",0.372
37.771002,"/shooter/hasBall",true
37.77103,"/shooter/temperature",42
37.771366,"/climber/rightPos",0
37.772168,"/shooter/setpoint",9000
37.78925,"/drivetrain/leftPos",0
37.789266,"/drivetrain/leftVelocity",0
37.789281,"/drivetrain/rightPos",0
37.789292,"/drivetrain/rightVelocity",0
37.789334,"/drivetrain/heading",-2.3299999237060547
37.789343,"/drivetrain/headingVelocity",0
37.789349,"/drivetrain/xAcceleration",-0.10000000149011612
37.789354,"/drivetrain/yAcceleration",-0.07599999755620956
37.789359,"/drivetrain/leftOutputLog",0
37.789362,"/drivetrain/rightOutputLog",-0
37.789617,"/intake/pos",0
37.789623,"/intake/output",0
37.789811,"/shooter/rpm",7199
37.789833,"/shooter/output",0.3652
37.789877,"/shooter/hasBall",true
37.790198,"/shooter/temperature",42
37.79041,"/climber/rightPos",0
37.79196,"/shooter/setpoint",9000
37.809737,"/drivetrain/leftPos",0
37.809754,"/drivetrain/leftVelocity",0
37.809771,"/drivetrain/rightPos",0
37.809783,"/drivetrain/rightVelocity",0
37.809838,"/drivetrain/heading",-2.3299999237060547
37.809848,"/drivetrain/headingVelocity",-0.0610351525247097
37.809854,"/drivetrain/xAcceleration",0.1080000028014183
37.809859,"/drivetrain/yAcceleration",-0.009999999776482582
37.809864,"/drivetrain/leftOutputLog",0
37.809867,"/drivetrain/rightOutputLog",-0
37.810236,"/intake/pos",0
37.810242,"/intake/output",0
37.810531,"/shooter/rpm",7208
37.810555,"/shooter/output",0.3634
37.81061,"/shooter/hasBall",true
37.810664,"/shooter/temperature",42
37.811123,"/climber/rightPos",0
37.815524,"/shooter/setpoint",9000
37.829284,"/drivetrain/leftPos",0
37.829303,"/drivetrain/leftVelocity",0
37.829321,"/drivetrain/rightPos",0
37.829332,"/drivetrain/rightVelocity",0
37.829435,"/drivetrain/heading",-2.3299999237060547
37.829447,"/drivetrain/headingVelocity",0.1220703050494194
37.829453,"/drivetrain/xAcceleration",-0.05999999865889549
37.829459,"/drivetrain/yAcceleration",0.0820000022649765
37.829464,"/drivetrain/leftOutputLog",0
37.829468,"/drivetrain/rightOutputLog",-0
37.829797,"/intake/pos",0
37.829804,"/intake/output",0
37.830185,"/shooter/rpm",7233
37.830213,"/shooter/output",0.3584
37.830274,"/shooter/hasBall",true
37.830542,"/shooter/temperature",42
37.831048,"/climber/rightPos",0
37.83223,"/shooter/setpoint",9000
37.849259,"/drivetrain/leftPos",0
37.849283,"/drivetrain/leftVelocity",0
37.8493,"/drivetrain/rightPos",0
37.849312,"/drivetrain/rightVelocity",0
37.849361,"/drivetrain/heading",-2.3399999141693115
37.849372,"/drivetrain/headingVelocity",0.1831054538488388
37.849379,"/drivetrain/xAcceleration",-0.04800000041723251
37.849384,"/drivetrain/yAcceleration",0.20900000631809235
37.849389,"/drivetrain/leftOutputLog",0
37.849393,"/drivetrain/rightOutputLog",-0
37.849651,"/intake/pos",0
37.849658,"/intake/output",0
37.85026,"/shooter/rpm",7244
37.850457,"/shooter/output",0.3584
37.850786,"/shooter/hasBall",true
37.85085,"/shooter/temperature",42
37.851116,"/climber/rightPos",0
37.851939,"/shooter/setpoint",9000
37.869137,"/drivetrain/leftPos",0
37.869155,"/drivetrain/leftVelocity",0
37.869171,"/drivetrain/rightPos",0
37.869182,"/drivetrain/rightVelocity",0
37.869225,"/drivetrain/heading",-2.3399999141693115
37.869234,"/drivetrain/headingVelocity",0
37.869239,"/drivetrain/xAcceleration",0.03500000014901161
37.869245,"/drivetrain/yAcceleration",-0.11400000005960464
37.869249,"/drivetrain/leftOutputLog",0
37.869253,"/drivetrain/rightOutputLog",-0
37.869445,"/intake/pos",0
37.869449,"/intake/output",0
37.869658,"/shooter/rpm",7244
37.869679,"/shooter/output",0.3562
37.869752,"/shooter/hasBall",true
37.8698,"/shooter/temperature",42
37.870008,"/climber/rightPos",0
37.871131,"/shooter/setpoint",9000
37.889259,"/drivetrain/leftPos",0
37.889303,"/drivetrain/leftVelocity",0
37.889327,"/drivetrain/rightPos",0
37.88934,"/drivetrain/rightVelocity",0
37.889393,"/drivetrain/heading",-2.3399999141693115
37.889403,"/drivetrain/headingVelocity",0.1831054538488388
37.88941,"/drivetrain/xAcceleration",0.03799999877810478
37.889415,"/drivetrain/yAcceleration",0.14300000667572021
37.88942,"/drivetrain/leftOutputLog",0
37.889424,"/drivetrain/rightOutputLog",-0
37.890292,"/intake/pos",0
37.890297,"/intake/output",0
37.89095,"/shooter/rpm",7246
37.891275,"/shooter/output",0.3568
37.891345,"/shooter/hasBall",true
37.891393,"/shooter/temperature",42
37.891601,"/climber/rightPos",0
37.892606,"/shooter/setpoint",9000
37.909922,"/drivetrain/leftPos",0
37.909941,"/drivetrain/leftVelocity",0
37.909957,"/drivetrain/rightPos",0
37.909968,"/drivetrain/rightVelocity",0
37.910001,"/drivetrain/heading",-2.3399999141693115
37.910009,"/drivetrain/headingVelocity",-0.1220703050494194
37.910015,"/drivetrain/xAcceleration",-0.07999999821186066
37.91002,"/drivetrain/yAcceleration",0.027000000700354576
37.910025,"/drivetrain/leftOutputLog",0
37.910028,"/drivetrain/rightOutputLog",-0
37.91025,"/intake/pos",0
37.910255,"/intake/output",0
37.910518,"/shooter/rpm",7246
37.910542,"/shooter/output",0.3558
37.910581,"/shooter/hasBall",true
37.910606,"/shooter/temperature",42
37.910834,"/climber/rightPos",0
37.911999,"/shooter/setpoint",9000
37.929792,"/drivetrain/leftPos",0
37.92981,"/drivetrain/leftVelocity",0
37.929826,"/drivetrain/rightPos",0
37.929837,"/drivetrain/rightVelocity",0
37.929886,"/drivetrain/heading",-2.3399999141693115
37.929896,"/drivetrain/headingVelocity",0
37.929902,"/drivetrain/xAcceleration",0.010999999940395355
37.929907,"/drivetrain/yAcceleration",0.01600000075995922
37.929912,"/drivetrain/leftOutputLog",0
37.929916,"/drivetrain/rightOutputLog",-0
37.930325,"/intake/pos",0
37.930331,"/intake/output",0
37.930602,"/shooter/rpm",7253
37.930622,"/shooter/output",0.35440000000000005
37.930675,"/shooter/hasBall",true
37.930717,"/shooter/temperature",42
37.930951,"/climber/rightPos",0
37.931865,"/shooter/setpoint",9000
37.950101,"/drivetrain/leftPos",0
37.950124,"/drivetrain/leftVelocity",0
37.950141,"/drivetrain/rightPos",0
37.950154,"/drivetrain/rightVelocity",0
37.950204,"/drivetrain/heading",-2.3299999237060547
37.950213,"/drivetrain/headingVelocity",-0.2441406100988388
37.950219,"/drivetrain/xAcceleration",-0.04699999839067459
37.950224,"/drivetrain/yAcceleration",0.09700000286102295
37.95023,"/drivetrain/leftOutputLog",0
37.950234,"/drivetrain/rightOutputLog",-0
37.950634,"/intake/pos",0
37.95064,"/intake/output",0
37.950828,"/shooter/rpm",7249
37.950848,"/shooter/output",0.35440000000000005
37.950897,"/shooter/hasBall",true
37.950933,"/shooter/temperature",42
37.951143,"/climber/rightPos",0
37.952019,"/shooter/setpoint",9000
37.969133,"/drivetrain/leftPos",0
37.969151,"/drivetrain/leftVelocity",0
37.969293,"/drivetrain/rightPos",0
37.969308,"/drivetrain/rightVelocity",0
37.969358,"/drivetrain/heading",-2.3299999237060547
37.969369,"/drivetrain/headingVelocity",-0.0610351525247097
37.969375,"/drivetrain/xAcceleration",0.012000000104308128
37.96938,"/drivetrain/yAcceleration",0.23600000143051147
37.969385,"/drivetrain/leftOutputLog",0
37.969389,"/drivetrain/rightOutputLog",-0
37.969843,"/intake/pos",0
37.96985,"/intake/output",0
37.970189,"/shooter/rpm",7247
37.97027,"/shooter/output",0.3556
37.970328,"/shooter/hasBall",true
37.970353,"/shooter/temperature",42
37.970846,"/climber/rightPos",0
37.972059,"/shooter/setpoint",9000
37.989986,"/drivetrain/leftPos",0
37.990004,"/drivetrain/leftVelocity",0
37.99002,"/drivetrain/rightPos",0
37.990031,"/drivetrain/rightVelocity",0
37.990084,"/drivetrain/heading",-2.3299999237060547
37.990093,"/drivetrain/headingVelocity",0
37.990099,"/drivetrain/xAcceleration",-0.03200000151991844
37.990104,"/drivetrain/yAcceleration",-0.11999999731779099
37.990109,"/drivetrain/leftOutputLog",0
37.990113,"/drivetrain/rightOutputLog",-0
37.990324,"/intake/pos",0
37.990329,"/intake/output",0
37.990528,"/shooter/rpm",7251
37.990547,"/shooter/output",0.3548
37.990602,"/shooter/hasBall",true
37.990631,"/shooter/temperature",42
37.990979,"/climber/rightPos",0
37.991918,"/shooter/setpoint",9000
38.009435,"/drivetrain/leftPos",0
38.009452,"/drivetrain/leftVelocity",0
38.009467,"/drivetrain/rightPos",0
38.009478,"/drivetrain/rightVelocity",0
38.00951,"/drivetrain/heading",-2.3299999237060547
38.009518,"/drivetrain/headingVelocity",0.0610351525247097
38.009524,"/drivetrain/xAcceleration",0.00800000037997961
38.009529,"/drivetrain/yAcceleration",0.2800000011920929
38.009534,"/drivetrain/leftOutputLog",0
38.009538,"/drivetrain/rightOutputLog",-0
38.009752,"/intake/pos",0
38.009758,"/intake/output",0
38.009962,"/shooter/rpm",7248
38.009983,"/shooter/output",0.3554
38.010039,"/shooter/hasBall",true
38.010088,"/shooter/temperature",42
38.010253,"/climber/rightPos",0
38.011139,"/shooter/setpoint",9000
38.029968,"/drivetrain/leftPos",0
38.029985,"/drivetrain/leftVelocity",0
38.030001,"/drivetrain/rightPos",0
38.030012,"/drivetrain/rightVelocity",0
38.030063,"/drivetrain/heading",-2.3399999141693115
38.030073,"/drivetrain/headingVelocity",-0.0610351525247097
38.030078,"/drivetrain/xAcceleration",0.05900000035762787
38.030083,"/drivetrain/yAcceleration",0.06499999761581421
38.030089,"/drivetrain/leftOutputLog",0
38.030092,"/drivetrain/rightOutputLog",-0
38.030369,"/intake/pos",0
38.030375,"/intake/output",0
38.030577,"/shooter/rpm",7235
38.030595,"/shooter/output",0.3554
38.030646,"/shooter/hasBall",true
38.030689,"/shooter/temperature",42
38.030919,"/climber/rightPos",0
38.031914,"/shooter/setpoint",9000
38.049862,"/drivetrain/leftPos",0
38.04988,"/drivetrain/leftVelocity",0
38.049895,"/drivetrain/rightPos",0
38.049907,"/drivetrain/rightVelocity",0
38.049959,"/drivetrain/heading",-2.3399999141693115
38.049968,"/drivetrain/headingVelocity",0.30517578125
38.049974,"/drivetrain/xAcceleration",-0.1120000034570694
38.04998,"/drivetrain/yAcceleration",-0.041999999433755875
38.049985,"/drivetrain/leftOutputLog",0
38.049989,"/drivetrain/rightOutputLog",-0
38.050557,"/intake/pos",0
38.050562,"/intake/output",0
38.050779,"/shooter/rpm",7236
38.05084,"/shooter/output",0.35800000000000004
38.050892,"/shooter/hasBall",true
38.050936,"/shooter/temperature",42
38.051103,"/climber/rightPos",0
38.051957,"/shooter/setpoint",9000
38.069141,"/drivetrain/leftPos",0
38.069158,"/drivetrain/leftVelocity",0
38.069174,"/drivetrain/rightPos",0
38.069185,"/drivetrain/rightVelocity",0
38.069227,"/drivetrain/heading",-2.3399999141693115
38.069235,"/drivetrain/headingVelocity",-0.3662109076976776
38.069241,"/drivetrain/xAcceleration",0.09799999743700027
38.069246,"/drivetrain/yAcceleration",-0.09700000286102295
38.06925,"/drivetrain/leftOutputLog",0
38.069254,"/drivetrain/rightOutputLog",-0
38.069447,"/intake/pos",0
38.069452,"/intake/output",0
38.069633,"/shooter/rpm",7236
38.069654,"/shooter/output",0.3578
38.069688,"/shooter/hasBall",true
38.069736,"/shooter/temperature",42
38.0699,"/climber/rightPos",0
38.071791,"/shooter/setpoint",9000
38.089204,"/drivetrain/leftPos",0
38.089481,"/drivetrain/leftVelocity",0
38.0895,"/drivetrain/rightPos",0
38.089513,"/drivetrain/rightVelocity",0
38.089564,"/drivetrain/heading",-2.3299999237060547
38.089574,"/drivetrain/headingVelocity",-0.6103515625
38.08958,"/drivetrain/xAcceleration",0.10499999672174454
38.089585,"/drivetrain/yAcceleration",-0.21199999749660492
38.08959,"/drivetrain/leftOutputLog",0
38.089594,"/drivetrain/rightOutputLog",-0
38.089843,"/intake/pos",0
38.089848,"/intake/output",0
38.090609,"/shooter/rpm",7224
38.090626,"/shooter/output",0.3602
38.090679,"/shooter/hasBall",true
38.090727,"/shooter/temperature",42
38.090896,"/climber/rightPos",0
38.091749,"/shooter/setpoint",9000
38.109129,"/drivetrain/leftPos",0
38.109146,"/drivetrain/leftVelocity",0
38.109162,"/drivetrain/rightPos",0
38.109173,"/drivetrain/rightVelocity",0
38.109217,"/drivetrain/heading",-2.3299999237060547
38.109225,"/drivetrain/headingVelocity",0
38.109231,"/drivetrain/xAcceleration",-0.09799999743700027
38.109235,"/drivetrain/yAcceleration",-0.1459999978542328
38.10924,"/drivetrain/leftOutputLog",0
38.109244,"/drivetrain/rightOutputLog",-0
38.109709,"/intake/pos",0
38.109715,"/intake/output",0
38.11033,"/shooter/rpm",7221
38.11036,"/shooter/output",0.3608
38.110428,"/shooter/hasBall",true
38.110486,"/shooter/temperature",42
38.110879,"/climber/rightPos",0
38.111915,"/shooter/setpoint",9000
38.129163,"/drivetrain/leftPos",0
38.129181,"/drivetrain/leftVelocity",0
38.129198,"/drivetrain/rightPos",0
38.12921,"/drivetrain/rightVelocity",0
38.129251,"/drivetrain/heading",-2.319999933242798
38.12926,"/drivetrain/headingVelocity",-0.3662109076976776
38.129266,"/drivetrain/xAcceleration",0.007000000216066837
38.129271,"/drivetrain/yAcceleration",-0.17000000178813934
38.129276,"/drivetrain/leftOutputLog",0
38.12928,"/drivetrain/rightOutputLog",-0
38.129466,"/intake/pos",0
38.129471,"/intake/output",0
38.129781,"/shooter/rpm",7230
38.129803,"/shooter/output",0.35900000000000004
38.129854,"/shooter/hasBall",true
38.129896,"/shooter/temperature",42
38.130072,"/climber/rightPos",0
38.13173,"/shooter/setpoint",9000
38.149117,"/drivetrain/leftPos",0
38.149136,"/drivetrain/leftVelocity",0
38.149152,"/drivetrain/rightPos",0
38.149164,"/drivetrain/rightVelocity",0
38.149328,"/drivetrain/heading",-2.319999933242798
38.14934,"/drivetrain/headingVelocity",-0.1220703050494194
38.149347,"/drivetrain/xAcceleration",0
38.149352,"/drivetrain/yAcceleration",-0.11100000143051147
38.149358,"/drivetrain/leftOutputLog",0
38.149362,"/drivetrain/rightOutputLog",-0
38.150157,"/intake/pos",0
38.150164,"/intake/output",0
38.150586,"/shooter/rpm",7227
38.1508,"/shooter/output",0.35900000000000004
38.151059,"/shooter/hasBall",true
38.151117,"/shooter/temperature",42
38.151302,"/climber/rightPos",0
38.152186,"/shooter/setpoint",9000
38.169399,"/drivetrain/leftPos",0
38.169418,"/drivetrain/leftVelocity",0
38.169433,"/drivetrain/rightPos",0
38.169445,"/drivetrain/rightVelocity",0
38.170121,"/drivetrain/heading",-2.3299999237060547
38.170131,"/drivetrain/headingVelocity",0.30517578125
38.170137,"/drivetrain/xAcceleration",0.03999999910593033
38.170142,"/drivetrain/yAcceleration",0.04899999871850014
38.170147,"/drivetrain/leftOutputLog",0
38.170151,"/drivetrain/rightOutputLog",-0
38.170352,"/intake/pos",0
38.170357,"/intake/output",0
38.170571,"/shooter/rpm",7233
38.170645,"/shooter/output",0.35960000000000003
38.170735,"/shooter/hasBall",true
38.17077,"/shooter/temperature",42
38.170942,"/climber/rightPos",0
38.171842,"/shooter/setpoint",9000
38.189085,"/drivetrain/leftPos",0
38.189102,"/drivetrain/leftVelocity",0
38.189117,"/drivetrain/rightPos",0
38.189128,"/drivetrain/rightVelocity",0
38.189173,"/drivetrain/heading",-2.3299999237060547
38.189182,"/drivetrain/headingVelocity",0
38.189188,"/drivetrain/xAcceleration",0.004000000189989805
38.189193,"/drivetrain/yAcceleration",-0.09300000220537186
38.189198,"/drivetrain/leftOutputLog",0
38.189202,"/drivetrain/rightOutputLog",-0
38.189905,"/intake/pos",0
38.189915,"/intake/output",0
38.190414,"/shooter/rpm",7238
38.190444,"/shooter/output",0.3584
38.190505,"/shooter/hasBall",true
38.190541,"/shooter/temperature",42
38.191086,"/climber/rightPos",0
38.191939,"/shooter/setpoint",9000
38.209799,"/drivetrain/leftPos",0
38.209816,"/drivetrain/leftVelocity",0
38.209834,"/drivetrain/rightPos",0
38.209845,"/drivetrain/rightVelocity",0
38.209896,"/drivetrain/heading",-2.3299999237060547
38.209907,"/drivetrain/headingVelocity",-0.2441406100988388
38.209912,"/drivetrain/xAcceleration",-0.06199999898672104
38.209917,"/drivetrain/yAcceleration",-0.09200000017881393
38.209923,"/drivetrain/leftOutputLog",0
38.209927,"/drivetrain/rightOutputLog",-0
38.210439,"/intake/pos",0
38.210445,"/intake/output",0
38.210639,"/shooter/rpm",7227
38.210658,"/shooter/output",0.3574
38.210709,"/shooter/hasBall",true
38.210734,"/shooter/temperature",42
38.210912,"/climber/rightPos",0
38.211897,"/shooter/setpoint",9000
38.229107,"/drivetrain/leftPos",0
38.229124,"/drivetrain/leftVelocity",0
38.229138,"/drivetrain/rightPos",0
38.229149,"/drivetrain/rightVelocity",0
38.22919,"/drivetrain/heading",-2.3299999237060547
38.229199,"/drivetrain/headingVelocity",0.1220703050494194
38.229205,"/drivetrain/xAcceleration",0.0949999988079071
38.229209,"/drivetrain/yAcceleration",0.1720000058412552
38.229214,"/drivetrain/leftOutputLog",0
38.229217,"/drivetrain/rightOutputLog",-0
38.229705,"/intake/pos",0
38.22971,"/intake/output",0
38.230895,"/shooter/rpm",7227
38.230913,"/shooter/output",0.35960000000000003
38.230951,"/shooter/hasBall",true
38.230977,"/shooter/temperature",42
38.231366,"/climber/rightPos",0
38.236411,"/shooter/setpoint",9000
38.249925,"/drivetrain/leftPos",0
38.24995,"/drivetrain/leftVelocity",0
38.249966,"/drivetrain/rightPos",0
38.249978,"/drivetrain/rightVelocity",0
38.250029,"/drivetrain/heading",-2.319999933242798
38.25004,"/drivetrain/headingVelocity",-0.3662109076976776
38.250046,"/drivetrain/xAcceleration",-0.04399999976158142
38.250051,"/drivetrain/yAcceleration",-0.06599999964237213
38.250056,"/drivetrain/leftOutputLog",0
38.25006,"/drivetrain/rightOutputLog",-0
38.250297,"/intake/pos",0
38.250302,"/intake/output",0
38.25113,"/shooter/rpm",7235
38.251152,"/shooter/output",0.35960000000000003
38.251212,"/shooter/hasBall",true
38.251264,"/shooter/temperature",42
38.251522,"/climber/rightPos",0
38.252745,"/shooter/setpoint",9000
38.269596,"/drivetrain/leftPos",0
38.269613,"/drivetrain/leftVelocity",0
38.269629,"/drivetrain/rightPos",0
38.26964,"/drivetrain/rightVelocity",0
38.269684,"/drivetrain/heading",-2.319999933242798
38.269693,"/drivetrain/headingVelocity",-0.1831054538488388
38.2697,"/drivetrain/xAcceleration",-0.0689999982714653
38.269705,"/drivetrain/yAcceleration",0.09000000357627869
38.26971,"/drivetrain/leftOutputLog",0
38.269714,"/drivetrain/rightOutputLog",-0
38.269888,"/intake/pos",0
38.269893,"/intake/output",0
38.270063,"/shooter/rpm",7235
38.270084,"/shooter/output",0.35800000000000004
38.270116,"/shooter/hasBall",true
38.270162,"/shooter/temperature",42
38.270324,"/climber/rightPos",0
38.271969,"/shooter/setpoint",9000
38.289206,"/drivetrain/leftPos",0
38.289228,"/drivetrain/leftVelocity",0
38.289245,"/drivetrain/rightPos",0
38.289257,"/drivetrain/rightVelocity",0
38.290002,"/drivetrain/heading",-2.319999933242798
38.290032,"/drivetrain/headingVelocity",-0.0610351525247097
38.290038,"/drivetrain/xAcceleration",0.09799999743700027
38.290043,"/drivetrain/yAcceleration",0.009999999776482582
38.290048,"/drivetrain/leftOutputLog",0
38.290052,"/drivetrain/rightOutputLog",-0
38.2907,"/intake/pos",0
38.290705,"/intake/output",0
38.291128,"/shooter/rpm",7230
38.291147,"/shooter/output",0.35900000000000004
38.2912,"/shooter/hasBall",true
38.291253,"/shooter/temperature",42
38.291436,"/climber/rightPos",0
38.29229,"/shooter/setpoint",9000
38.310098,"/drivetrain/leftPos",0
38.310132,"/drivetrain/leftVelocity",0
38.310151,"/drivetrain/rightPos",0
38.310163,"/drivetrain/rightVelocity",0
38.310239,"/drivetrain/heading",-2.319999933242798
38.31025,"/drivetrain/headingVelocity",0.0610351525247097
38.310257,"/drivetrain/xAcceleration",-0.04500000178813934
38.310262,"/drivetrain/yAcceleration",0.13600000739097595
38.310267,"/drivetrain/leftOutputLog",0
38.310271,"/drivetrain/rightOutputLog",-0
38.310989,"/intake/pos",0
38.310995,"/intake/output",0
38.311445,"/shooter/rpm",7230
38.311464,"/shooter/output",0.35900000000000004
38.311501,"/shooter/hasBall",true
38.311553,"/shooter/temperature",42
38.311731,"/climber/rightPos",0
38.312872,"/shooter/setpoint",9000
38.329117,"/drivetrain/leftPos",0
38.329134,"/drivetrain/leftVelocity",0
38.32915,"/drivetrain/rightPos",0
38.329161,"/drivetrain/rightVelocity",0
38.329203,"/drivetrain/heading",-2.3299999237060547
38.329211,"/drivetrain/headingVelocity",0.2441406100988388
38.329217,"/drivetrain/xAcceleration",-0.014999999664723873
38.329222,"/drivetrain/yAcceleration",0.13899999856948853
38.329227,"/drivetrain/leftOutputLog",0
38.329231,"/drivetrain/rightOutputLog",-0
38.329785,"/intake/pos",0
38.329792,"/intake/output",0
38.330735,"/shooter/rpm",7239
38.330756,"/shooter/output",0.3572
38.331167,"/shooter/hasBall",true
38.331243,"/shooter/temperature",42
38.331546,"/climber/rightPos",0
38.332453,"/shooter/setpoint",9000
38.349335,"/drivetrain/leftPos",0
38.349355,"/drivetrain/leftVelocity",0
38.349371,"/drivetrain/rightPos",0
38.349382,"/drivetrain/rightVelocity",0
38.349437,"/drivetrain/heading",-2.3299999237060547
38.349447,"/drivetrain/headingVelocity",0.0610351525247097
38.349453,"/drivetrain/xAcceleration",0.057999998331069946
38.349459,"/drivetrain/yAcceleration",-0.0689999982714653
38.349463,"/drivetrain/leftOutputLog",0
38.349467,"/drivetrain/rightOutputLog",-0
38.349787,"/intake/pos",0
38.349954,"/intake/output",0
38.350433,"/shooter/rpm",7232
38.350453,"/shooter/output",0.35860000000000003
38.350508,"/shooter/hasBall",true
38.350553,"/shooter/temperature",42
38.350778,"/climber/rightPos",0
38.351944,"/shooter/setpoint",9000
38.369289,"/drivetrain/leftPos",0
38.369306,"/drivetrain/leftVelocity",0
38.369321,"/drivetrain/rightPos",0
38.369332,"/drivetrain/rightVelocity",0
38.369376,"/drivetrain/heading",-2.3299999237060547
38.369385,"/drivetrain/headingVelocity",0.0610351525247097
38.369391,"/drivetrain/xAcceleration",0.05900000035762787
38.369396,"/drivetrain/yAcceleration",0.10300000011920929
38.3694,"/drivetrain/leftOutputLog",0
38.369404,"/drivetrain/rightOutputLog",-0
38.369652,"/intake/pos",0
38.369657,"/intake/output",0
38.369906,"/shooter/rpm",7235
38.369928,"/shooter/output",0.35860000000000003
38.369979,"/shooter/hasBall",true
38.370058,"/shooter/temperature",42
38.370231,"/climber/rightPos",0
38.372474,"/shooter/setpoint",9000
38.389192,"/drivetrain/leftPos",0
38.38921,"/drivetrain/leftVelocity",0
38.389225,"/drivetrain/rightPos",0
38.389236,"/drivetrain/rightVelocity",0
38.389286,"/drivetrain/heading",-2.3299999237060547
38.389295,"/drivetrain/headingVelocity",-0.0610351525247097
38.389301,"/drivetrain/xAcceleration",0.07599999755620956
38.389306,"/drivetrain/yAcceleration",-0.010999999940395355
38.389311,"/drivetrain/leftOutputLog",0
38.389315,"/drivetrain/rightOutputLog",-0
38.3899,"/intake/pos",0
38.389905,"/intake/output",0
38.390234,"/shooter/rpm",7241
38.39026,"/shooter/output",0.35800000000000004
38.390726,"/shooter/hasBall",true
38.39078,"/shooter/temperature",42
38.390959,"/climber/rightPos",0
38.392367,"/shooter/setpoint",9000
38.409571,"/drivetrain/leftPos",0
38.409591,"/drivetrain/leftVelocity",0
38.409607,"/drivetrain/rightPos",0
38.409618,"/drivetrain/rightVelocity",0
38.409677,"/drivetrain/heading",-2.319999933242798
38.409688,"/drivetrain/headingVelocity",-0.1831054538488388
38.409694,"/drivetrain/xAcceleration",-0.10000000149011612
38.4097,"/drivetrain/yAcceleration",0.03200000151991844
38.409705,"/drivetrain/leftOutputLog",0
38.409709,"/drivetrain/rightOutputLog",-0
38.409927,"/intake/pos",0
38.409933,"/intake/output",0
38.410841,"/shooter/rpm",7233
38.41086,"/shooter/output",0.3568
38.410922,"/shooter/hasBall",true
38.410964,"/shooter/temperature",42
38.411193,"/climber/rightPos",0
38.412083,"/shooter/setpoint",9000
38.429131,"/drivetrain/leftPos",0
38.429151,"/drivetrain/leftVelocity",0
38.429167,"/drivetrain/rightPos",0
38.429179,"/drivetrain/rightVelocity",0
38.429221,"/drivetrain/heading",-2.319999933242798
38.429231,"/drivetrain/headingVelocity",0
38.429236,"/drivetrain/xAcceleration",0.05400000140070915
38.429242,"/drivetrain/yAcceleration",-0.04800000041723251
38.429246,"/drivetrain/leftOutputLog",0
38.42925,"/drivetrain/rightOutputLog",-0
38.429443,"/intake/pos",0
38.429447,"/intake/output",0
38.429632,"/shooter/rpm",7233
38.429651,"/shooter/output",0.3584
38.429684,"/shooter/hasBall",true
38.429709,"/shooter/temperature",42
38.429893,"/climber/rightPos",0
38.431234,"/shooter/setpoint",9000
38.449203,"/drivetrain/leftPos",0
38.449221,"/drivetrain/leftVelocity",0
38.449237,"/drivetrain/rightPos",0
38.449248,"/drivetrain/rightVelocity",0
38.449289,"/drivetrain/heading",-2.319999933242798
38.449299,"/drivetrain/headingVelocity",0.1220703050494194
38.449304,"/drivetrain/xAcceleration",-0.008999999612569809
38.449309,"/drivetrain/yAcceleration",-0.014999999664723873
38.449314,"/drivetrain/leftOutputLog",0
38.449318,"/drivetrain/rightOutputLog",-0
38.449512,"/intake/pos",0
38.449517,"/intake/output",0
38.449757,"/shooter/rpm",7233
38.449782,"/shooter/output",0.3584
38.450078,"/shooter/hasBall",true
38.450129,"/shooter/temperature",42
38.4507,"/climber/rightPos",0
38.4517,"/shooter/setpoint",9000
38.469221,"/drivetrain/leftPos",0
38.469239,"/drivetrain/leftVelocity",0
38.469255,"/drivetrain/rightPos",0
38.469267,"/drivetrain/rightVelocity",0
38.46931,"/drivetrain/heading",-2.319999933242798
38.469319,"/drivetrain/headingVelocity",0
38.469325,"/drivetrain/xAcceleration",-0.010999999940395355
38.46933,"/drivetrain/yAcceleration",0.09600000083446503
38.469335,"/drivetrain/leftOutputLog",0
38.469339,"/drivetrain/rightOutputLog",-0
38.469535,"/intake/pos",0
38.46954,"/intake/output",0
38.469745,"/shooter/rpm",7241
38.469808,"/shooter/output",0.3568
38.469863,"/shooter/hasBall",true
38.469889,"/shooter/temperature",42
38.470065,"/climber/rightPos",0
38.471799,"/shooter/setpoint",9000
38.489458,"/drivetrain/leftPos",0
38.489476,"/drivetrain/leftVelocity",0
38.489492,"/drivetrain/rightPos",0
38.489504,"/drivetrain/rightVelocity",0
38.489547,"/drivetrain/heading",-2.319999933242798
38.489557,"/drivetrain/headingVelocity",0.0610351525247097
38.489563,"/drivetrain/xAcceleration",-0.03700000047683716
38.489568,"/drivetrain/yAcceleration",0.04500000178813934
38.489573,"/drivetrain/leftOutputLog",0
38.489577,"/drivetrain/rightOutputLog",-0
38.489823,"/intake/pos",0
38.489828,"/intake/output",0
38.490399,"/shooter/rpm",7240
38.490423,"/shooter/output",0.35700000000000004
38.490479,"/shooter/hasBall",true
38.490505,"/shooter/temperature",42
38.4907,"/climber/rightPos",0
38.491755,"/shooter/setpoint",9000
38.509131,"/drivetrain/leftPos",0
38.509148,"/drivetrain/leftVelocity",0
38.509163,"/drivetrain/rightPos",0
38.509175,"/drivetrain/rightVelocity",0
38.509217,"/drivetrain/heading",-2.319999933242798
38.509225,"/drivetrain/headingVelocity",-0.1831054538488388
38.509231,"/drivetrain/xAcceleration",-0.004999999888241291
38.509236,"/drivetrain/yAcceleration",0.2720000147819519
38.50924,"/drivetrain/leftOutputLog",0
38.509244,"/drivetrain/rightOutputLog",-0
38.509705,"/intake/pos",0
38.509712,"/intake/output",0
38.510608,"/shooter/rpm",7236
38.510626,"/shooter/output",0.3578
38.510687,"/shooter/hasBall",true
38.510742,"/shooter/temperature",42
38.51092,"/climber/rightPos",0
38.511785,"/shooter/setpoint",9000
38.529121,"/drivetrain/leftPos",0
38.52914,"/drivetrain/leftVelocity",0
38.529156,"/drivetrain/rightPos",0
38.529168,"/drivetrain/rightVelocity",0
38.529211,"/drivetrain/heading",-2.319999933242798
38.52922,"/drivetrain/headingVelocity",0
38.529225,"/drivetrain/xAcceleration",-0.06499999761581421
38.52923,"/drivetrain/yAcceleration",-0.14100000262260437
38.529235,"/drivetrain/leftOutputLog",0
38.529239,"/drivetrain/rightOutputLog",-0
38.529435,"/intake/pos",0
38.52944,"/intake/output",0
38.529625,"/shooter/rpm",7240
38.529644,"/shooter/output",0.35700000000000004
38.529689,"/shooter/hasBall",true
38.529733,"/shooter/temperature",42
38.529885,"/climber/rightPos",0
38.530971,"/shooter/setpoint",9000
38.549376,"/drivetrain/leftPos",0
38.549409,"/drivetrain/leftVelocity",0
38.549426,"/drivetrain/rightPos",0
38.549438,"/drivetrain/rightVelocity",0
38.54949,"/drivetrain/heading",-2.319999933242798
38.549501,"/drivetrain/headingVelocity",0.30517578125
38.549507,"/drivetrain/xAcceleration",-0.10899999737739563
38.549513,"/drivetrain/yAcceleration",-0.1469999998807907
38.549519,"/drivetrain/leftOutputLog",0
38.549523,"/drivetrain/rightOutputLog",-0
38.549853,"/intake/pos",0
38.549858,"/intake/output",0
38.550176,"/shooter/rpm",7243
38.5502,"/shooter/output",0.3564
38.550275,"/shooter/hasBall",true
38.550328,"/shooter/temperature",42
38.550521,"/climber/rightPos",0
38.55189,"/shooter/setpoint",9000
38.569118,"/drivetrain/leftPos",0
38.569136,"/drivetrain/leftVelocity",0
38.569153,"/drivetrain/rightPos",0
38.569164,"/drivetrain/rightVelocity",0
38.569206,"/drivetrain/heading",-2.319999933242798
38.569215,"/drivetrain/headingVelocity",-0.0610351525247097
38.569221,"/drivetrain/xAcceleration",0.02800000086426735
38.569226,"/drivetrain/yAcceleration",-0.15399999916553497
38.56923,"/drivetrain/leftOutputLog",0
38.569234,"/drivetrain/rightOutputLog",-0
38.569424,"/intake/pos",0
38.569429,"/intake/output",0
38.569615,"/shooter/rpm",7231
38.569636,"/shooter/output",0.3588
38.569688,"/shooter/hasBall",true
38.569738,"/shooter/temperature",42
38.56991,"/climber/rightPos",0
38.57147,"/shooter/setpoint",9000
38.58912,"/drivetrain/leftPos",0
38.589139,"/drivetrain/leftVelocity",0
38.589155,"/drivetrain/rightPos",0
38.589167,"/drivetrain/rightVelocity",0
38.589209,"/drivetrain/heading",-2.319999933242798
38.589218,"/drivetrain/headingVelocity",0.4882812201976776
38.589224,"/drivetrain/xAcceleration",-0.08500000089406967
38.589229,"/drivetrain/yAcceleration",-0.13300000131130219
38.589233,"/drivetrain/leftOutputLog",0
38.589237,"/drivetrain/rightOutputLog",-0
38.589624,"/intake/pos",0
38.58963,"/intake/output",0
38.590135,"/shooter/rpm",7230
38.590222,"/shooter/output",0.35900000000000004
38.590285,"/shooter/hasBall",true
38.590337,"/shooter/temperature",42
38.591091,"/climber/rightPos",0
38.592011,"/shooter/setpoint",9000
38.609153,"/drivetrain/leftPos",0
38.609171,"/drivetrain/leftVelocity",0
38.609187,"/drivetrain/rightPos",0
38.609199,"/drivetrain/rightVelocity",0
38.609242,"/drivetrain/heading",-2.3299999237060547
38.609252,"/drivetrain/headingVelocity",0.30517578125
38.609257,"/drivetrain/xAcceleration",-0.05400000140070915
38.609262,"/drivetrain/yAcceleration",-0.12999999523162842
38.609267,"/drivetrain/leftOutputLog",0
38.609271,"/drivetrain/rightOutputLog",-0
38.609463,"/intake/pos",0
38.609468,"/intake/output",0
38.609725,"/shooter/rpm",7237
38.609752,"/shooter/output",0.35760000000000003
38.609819,"/shooter/hasBall",true
38.609923,"/shooter/temperature",42
38.610571,"/climber/rightPos",0
38.611465,"/shooter/setpoint",9000
38.62915,"/drivetrain/leftPos",0
38.629168,"/drivetrain/leftVelocity",0
38.629184,"/drivetrain/rightPos",0
38.629195,"/drivetrain/rightVelocity",0
38.629237,"/drivetrain/heading",-2.3299999237060547
38.629246,"/drivetrain/headingVelocity",0
38.629252,"/drivetrain/xAcceleration",0.009999999776482582
38.629256,"/drivetrain/yAcceleration",-0.13300000131130219
38.629261,"/drivetrain/leftOutputLog",0
38.629265,"/drivetrain/rightOutputLog",-0
38.629458,"/intake/pos",0
38.629463,"/intake/output",0
38.629695,"/shooter/rpm",7232
38.629717,"/shooter/output",0.35760000000000003
38.629769,"/shooter/hasBall",true
38.629795,"/shooter/temperature",42
38.630007,"/climber/rightPos",0
38.630896,"/shooter/setpoint",9000
38.649112,"/drivetrain/leftPos",0
38.649129,"/drivetrain/leftVelocity",0
38.649144,"/drivetrain/rightPos",0
38.649156,"/drivetrain/rightVelocity",0
38.6492,"/drivetrain/heading",-2.3399999141693115
38.649209,"/drivetrain/headingVelocity",0.2441406100988388
38.649215,"/drivetrain/xAcceleration",0.026000000536441803
38.649268,"/drivetrain/yAcceleration",-0.04800000041723251
38.649276,"/drivetrain/leftOutputLog",0
38.64928,"/drivetrain/rightOutputLog",-0
38.64961,"/intake/pos",0
38.649616,"/intake/output",0
38.651752,"/shooter/rpm",7241
38.651772,"/shooter/output",0.35860000000000003
38.651829,"/shooter/hasBall",true
38.651875,"/shooter/temperature",42
38.652097,"/climber/rightPos",0
38.653229,"/shooter/setpoint",9000
38.669293,"/drivetrain/leftPos",0
38.669311,"/drivetrain/leftVelocity",0
38.669327,"/drivetrain/rightPos",0
38.669339,"/drivetrain/rightVelocity",0
38.669383,"/drivetrain/heading",-2.3399999141693115
38.669392,"/drivetrain/headingVelocity",0.3662109076976776
38.669398,"/drivetrain/xAcceleration",0.0860000029206276
38.669403,"/drivetrain/yAcceleration",0.06800000369548798
38.669408,"/drivetrain/leftOutputLog",0
38.669411,"/drivetrain/rightOutputLog",-0
38.669599,"/intake/pos",0
38.669604,"/intake/output",0
38.669817,"/shooter/rpm",7241
38.669883,"/shooter/output",0.3568
38.669921,"/shooter/hasBall",true
38.669948,"/shooter/temperature",42
38.670117,"/climber/rightPos",0
38.672411,"/shooter/setpoint",9000
38.689131,"/drivetrain/leftPos",0
38.689148,"/drivetrain/leftVelocity",0
38.689164,"/drivetrain/rightPos",0
38.689176,"/drivetrain/rightVelocity",0
38.689219,"/drivetrain/heading",-2.3399999141693115
38.689228,"/drivetrain/headingVelocity",-0.0610351525247097
38.689233,"/drivetrain/xAcceleration",-0.0560000017285347
38.689238,"/drivetrain/yAcceleration",0.02800000086426735
38.689243,"/drivetrain/leftOutputLog",0
38.689247,"/drivetrain/rightOutputLog",-0
38.689437,"/intake/pos",0
38.689442,"/intake/output",0
38.689714,"/shooter/rpm",7243
38.689741,"/shooter/output",0.3564
38.689808,"/shooter/hasBall",true
38.689906,"/shooter/temperature",42
38.690471,"/climber/rightPos",0
38.691592,"/shooter/setpoint",9000
38.709131,"/drivetrain/leftPos",0
38.709149,"/drivetrain/leftVelocity",0
38.709164,"/drivetrain/rightPos",0
38.709175,"/drivetrain/rightVelocity",0
38.709221,"/drivetrain/heading",-2.3399999141693115
38.70923,"/drivetrain/headingVelocity",0.2441406100988388
38.709235,"/drivetrain/xAcceleration",0.10199999809265137
38.70924,"/drivetrain/yAcceleration",0.11100000143051147
38.709245,"/drivetrain/leftOutputLog",0
38.709249,"/drivetrain/rightOutputLog",-0
38.709442,"/intake/pos",0
38.709447,"/intake/output",0
38.709716,"/shooter/rpm",7235
38.709743,"/shooter/output",0.3564
38.709814,"/shooter/hasBall",true
38.709896,"/shooter/temperature",42
38.710183,"/climber/rightPos",0
38.712205,"/shooter/setpoint",9000
38.729228,"/drivetrain/leftPos",0
38.729246,"/drivetrain/leftVelocity",0
38.729261,"/drivetrain/rightPos",0
38.729273,"/drivetrain/rightVelocity",0
38.729318,"/drivetrain/heading",-2.3399999141693115
38.729326,"/drivetrain/headingVelocity",0.1831054538488388
38.729332,"/drivetrain/xAcceleration",0.06800000369548798
38.729337,"/drivetrain/yAcceleration",0.07100000232458115
38.729342,"/drivetrain/leftOutputLog",0
38.729346,"/drivetrain/rightOutputLog",-0
38.729586,"/intake/pos",0
38.729591,"/intake/output",0
38.729809,"/shooter/rpm",7243
38.72987,"/shooter/output",0.35800000000000004
38.729926,"/shooter/hasBall",true
38.729951,"/shooter/temperature",42
38.730125,"/climber/rightPos",0
38.731915,"/shooter/setpoint",9000
38.74911,"/drivetrain/leftPos",0
38.749128,"/drivetrain/leftVelocity",0
38.749143,"/drivetrain/rightPos",0
38.749155,"/drivetrain/rightVelocity",0
38.749197,"/drivetrain/heading",-2.3399999141693115
38.749206,"/drivetrain/headingVelocity",0
38.749212,"/drivetrain/xAcceleration",-0.09700000286102295
38.749217,"/drivetrain/yAcceleration",-0.0689999982714653
38.749222,"/drivetrain/leftOutputLog",0
38.749225,"/drivetrain/rightOutputLog",-0
38.749416,"/intake/pos",0
38.74942,"/intake/output",0
38.749655,"/shooter/rpm",7232
38.749678,"/shooter/output",0.3564
38.749729,"/shooter/hasBall",true
38.749776,"/shooter/temperature",42
38.749954,"/climber/rightPos",0
38.751238,"/shooter/setpoint",9000
38.769093,"/drivetrain/leftPos",0
38.769112,"/drivetrain/leftVelocity",0
38.769127,"/drivetrain/rightPos",0
38.76914,"/drivetrain/rightVelocity",0
38.769184,"/drivetrain/heading",-2.3399999141693115
38.769192,"/drivetrain/headingVelocity",0
38.769198,"/drivetrain/xAcceleration",0.052000001072883606
38.769203,"/drivetrain/yAcceleration",0.09000000357627869
38.769207,"/drivetrain/leftOutputLog",0
38.769211,"/drivetrain/rightOutputLog",-0
38.7694,"/intake/pos",0
38.769405,"/intake/output",0
38.769641,"/shooter/rpm",7231
38.769664,"/shooter/output",0.35860000000000003
38.769872,"/shooter/hasBall",true
38.769932,"/shooter/temperature",42
38.770152,"/climber/rightPos",0
38.772467,"/shooter/setpoint",9000
38.789258,"/drivetrain/leftPos",0
38.789276,"/drivetrain/leftVelocity",0
38.789291,"/drivetrain/rightPos",0
38.789302,"/drivetrain/rightVelocity",0
38.789345,"/drivetrain/heading",-2.3399999141693115
38.789354,"/drivetrain/headingVelocity",-0.1220703050494194
38.789359,"/drivetrain/xAcceleration",0.04899999871850014
38.789364,"/drivetrain/yAcceleration",-0.07999999821186066
38.789369,"/drivetrain/leftOutputLog",0
38.789373,"/drivetrain/rightOutputLog",-0
38.78977,"/intake/pos",0
38.789775,"/intake/output",0
38.790305,"/shooter/rpm",7238
38.790334,"/shooter/output",0.3588
38.790397,"/shooter/hasBall",true
38.79045,"/shooter/temperature",42
38.790843,"/climber/rightPos",0
38.791888,"/shooter/setpoint",9000
38.809194,"/drivetrain/leftPos",0
38.809211,"/drivetrain/leftVelocity",0
38.809226,"/drivetrain/rightPos",0
38.809237,"/drivetrain/rightVelocity",0
38.809281,"/drivetrain/heading",-2.3399999141693115
38.80929,"/drivetrain/headingVelocity",0
38.809296,"/drivetrain/xAcceleration",-0.054999999701976776
38.809301,"/drivetrain/yAcceleration",0.16200000047683716
38.809305,"/drivetrain/leftOutputLog",0
38.809309,"/drivetrain/rightOutputLog",-0
38.809504,"/intake/pos",0
38.809509,"/intake/output",0
38.809687,"/shooter/rpm",7238
38.809708,"/shooter/output",0.3574
38.809744,"/shooter/hasBall",true
38.809792,"/shooter/temperature",42
38.809963,"/climber/rightPos",0
38.810799,"/shooter/setpoint",9000
38.829431,"/drivetrain/leftPos",0
38.829449,"/drivetrain/leftVelocity",0
38.829463,"/drivetrain/rightPos",0
38.829474,"/drivetrain/rightVelocity",0
38.82952,"/drivetrain/heading",-2.3399999141693115
38.829529,"/drivetrain/headingVelocity",-0.3662109076976776
38.829535,"/drivetrain/xAcceleration",0.019999999552965164
38.82954,"/drivetrain/yAcceleration",-0.12200000137090683
38.829545,"/drivetrain/leftOutputLog",0
38.829549,"/drivetrain/rightOutputLog",-0
38.829746,"/intake/pos",0
38.829751,"/intake/output",0
38.829993,"/shooter/rpm",7231
38.830161,"/shooter/output",0.3574
38.830226,"/shooter/hasBall",true
38.830278,"/shooter/temperature",42
38.830956,"/climber/rightPos",0
38.832528,"/shooter/setpoint",9000
38.849249,"/drivetrain/leftPos",0
38.84928,"/drivetrain/leftVelocity",0
38.849298,"/drivetrain/rightPos",0
38.849311,"/drivetrain/rightVelocity",0
38.849363,"/drivetrain/heading",-2.3299999237060547
38.849373,"/drivetrain/headingVelocity",-0.1831054538488388
38.849379,"/drivetrain/xAcceleration",-0.003000000026077032
38.849384,"/drivetrain/yAcceleration",-0.07699999958276749
38.84939,"/drivetrain/leftOutputLog",0
38.849394,"/drivetrain/rightOutputLog",-0
38.849758,"/intake/pos",0
38.849764,"/intake/output",0
38.84995,"/shooter/rpm",7235
38.849971,"/shooter/output",0.3588
38.850018,"/shooter/hasBall",true
38.850057,"/shooter/temperature",42
38.850216,"/climber/rightPos",0
38.851962,"/shooter/setpoint",9000
38.869093,"/drivetrain/leftPos",0
38.86911,"/drivetrain/leftVelocity",0
38.869126,"/drivetrain/rightPos",0
38.869138,"/drivetrain/rightVelocity",0
38.869182,"/drivetrain/heading",-2.3299999237060547
38.869191,"/drivetrain/headingVelocity",0
38.869197,"/drivetrain/xAcceleration",0.061000000685453415
38.869202,"/drivetrain/yAcceleration",0.009999999776482582
38.869206,"/drivetrain/leftOutputLog",0
38.86921,"/drivetrain/rightOutputLog",-0
38.869597,"/intake/pos",0
38.869603,"/intake/output",0
38.869995,"/shooter/rpm",7239
38.870025,"/shooter/output",0.35800000000000004
38.870079,"/shooter/hasBall",true
38.870127,"/shooter/temperature",42
38.87107,"/climber/rightPos",0
38.871956,"/shooter/setpoint",9000
38.890782,"/drivetrain/leftPos",0
38.89081,"/drivetrain/leftVelocity",0
38.890826,"/drivetrain/rightPos",0
38.890838,"/drivetrain/rightVelocity",0
38.890869,"/drivetrain/heading",-2.3299999237060547
38.890877,"/drivetrain/headingVelocity",-0.1220703050494194
38.890883,"/drivetrain/xAcceleration",-0.04600000008940697
38.890888,"/drivetrain/yAcceleration",-0.007000000216066837
38.890892,"/drivetrain/leftOutputLog",0
38.890896,"/drivetrain/rightOutputLog",-0
38.891463,"/intake/pos",0
38.89147,"/intake/output",0
38.891695,"/shooter/rpm",7228
38.891721,"/shooter/output",0.3572
38.891775,"/shooter/hasBall",true
38.891815,"/shooter/temperature",42
38.892064,"/climber/rightPos",0
38.892974,"/shooter/setpoint",9000
38.910049,"/drivetrain/leftPos",0
38.910071,"/drivetrain/leftVelocity",0
38.91009,"/drivetrain/rightPos",0
38.910101,"/drivetrain/rightVelocity",0
38.910521,"/drivetrain/heading",-2.3299999237060547
38.910533,"/drivetrain/headingVelocity",-0.0610351525247097
38.910539,"/drivetrain/xAcceleration",-0.0820000022649765
38.910544,"/drivetrain/yAcceleration",0.04800000041723251
38.910549,"/drivetrain/leftOutputLog",0
38.910554,"/drivetrain/rightOutputLog",-0
38.910778,"/intake/pos",0
38.910783,"/intake/output",0
38.911052,"/shooter/rpm",7227
38.911076,"/shooter/output",0.3594
38.91113,"/shooter/hasBall",true
38.911165,"/shooter/temperature",42
38.911313,"/climber/rightPos",0
38.912178,"/shooter/setpoint",9000
38.929148,"/drivetrain/leftPos",0
38.929166,"/drivetrain/leftVelocity",0
38.929183,"/drivetrain/rightPos",0
38.929194,"/drivetrain/rightVelocity",0
38.929237,"/drivetrain/heading",-2.3299999237060547
38.929246,"/drivetrain/headingVelocity",0.1831054538488388
38.929252,"/drivetrain/xAcceleration",0.019999999552965164
38.929257,"/drivetrain/yAcceleration",-0.06400000303983688
38.929262,"/drivetrain/leftOutputLog",0
38.929265,"/drivetrain/rightOutputLog",-0
38.929776,"/intake/pos",0
38.929783,"/intake/output",0
38.9301,"/shooter/rpm",7227
38.930128,"/shooter/output",0.35960000000000003
38.930164,"/shooter/hasBall",true
38.930191,"/shooter/temperature",42
38.930608,"/climber/rightPos",0
38.931985,"/shooter/setpoint",9000
38.949924,"/drivetrain/leftPos",0
38.94994,"/drivetrain/leftVelocity",0
38.949956,"/drivetrain/rightPos",0
38.949967,"/drivetrain/rightVelocity",0
38.949998,"/drivetrain/heading",-2.3299999237060547
38.950007,"/drivetrain/headingVelocity",0
38.950013,"/drivetrain/xAcceleration",-0.05900000035762787
38.950018,"/drivetrain/yAcceleration",0.08699999749660492
38.950024,"/drivetrain/leftOutputLog",0
38.950027,"/drivetrain/rightOutputLog",-0
38.950235,"/intake/pos",0
38.950241,"/intake/output",0
38.950551,"/shooter/rpm",7235
38.950575,"/shooter/output",0.35800000000000004
38.950631,"/shooter/hasBall",true
38.950656,"/shooter/temperature",42
38.95084,"/climber/rightPos",0
38.951686,"/shooter/setpoint",9000
38.969242,"/drivetrain/leftPos",0
38.96926,"/drivetrain/leftVelocity",0
38.96928,"/drivetrain/rightPos",0
38.969293,"/drivetrain/rightVelocity",0
38.969335,"/drivetrain/heading",-2.3299999237060547
38.969344,"/drivetrain/headingVelocity",-0.0610351525247097
38.96935,"/drivetrain/xAcceleration",-0.008999999612569809
38.969354,"/drivetrain/yAcceleration",0.09799999743700027
38.969359,"/drivetrain/leftOutputLog",0
38.969363,"/drivetrain/rightOutputLog",-0
38.969676,"/intake/pos",0
38.969682,"/intake/output",0
38.970253,"/shooter/rpm",7231
38.970349,"/shooter/output",0.35800000000000004
38.970411,"/shooter/hasBall",true
38.97046,"/shooter/temperature",42
38.970945,"/climber/rightPos",0
38.971821,"/shooter/setpoint",9000
38.989788,"/drivetrain/leftPos",0
38.989807,"/drivetrain/leftVelocity",0
38.989821,"/drivetrain/rightPos",0
38.989833,"/drivetrain/rightVelocity",0
38.989864,"/drivetrain/heading",-2.3299999237060547
38.989872,"/drivetrain/headingVelocity",0.1220703050494194
38.989877,"/drivetrain/xAcceleration",-0.04800000041723251
38.989882,"/drivetrain/yAcceleration",0.0689999982714653
38.989887,"/drivetrain/leftOutputLog",0
38.989891,"/drivetrain/rightOutputLog",-0
38.990103,"/intake/pos",0
38.990108,"/intake/output",0
38.990415,"/shooter/rpm",7238
38.990438,"/shooter/output",0.3588
38.990499,"/shooter/hasBall",true
38.990549,"/shooter/temperature",42
38.990753,"/climber/rightPos",0
38.991644,"/shooter/setpoint",9000
39.009866,"/drivetrain/leftPos",0
39.009883,"/drivetrain/leftVelocity",0
39.009899,"/drivetrain/rightPos",0
39.009911,"/drivetrain/rightVelocity",0
39.009946,"/drivetrain/heading",-2.3299999237060547
39.009955,"/drivetrain/headingVelocity",-0.1831054538488388
39.009961,"/drivetrain/xAcceleration",-0.009999999776482582
39.009966,"/drivetrain/yAcceleration",0.1550000011920929
39.009971,"/drivetrain/leftOutputLog",0
39.009975,"/drivetrain/rightOutputLog",-0
39.010226,"/intake/pos",0
39.010231,"/intake/output",0
39.010426,"/shooter/rpm",7241
39.010446,"/shooter/output",0.3574
39.010508,"/shooter/hasBall",true
39.010556,"/shooter/temperature",42
39.010757,"/climber/rightPos",0
39.011883,"/shooter/setpoint",9000
39.029204,"/drivetrain/leftPos",0
39.029221,"/drivetrain/leftVelocity",0
39.029236,"/drivetrain/rightPos",0
39.029248,"/drivetrain/rightVelocity",0
39.02929,"/drivetrain/heading",-2.319999933242798
39.029299,"/drivetrain/headingVelocity",-0.30517578125
39.029305,"/drivetrain/xAcceleration",0.020999999716877937
39.029309,"/drivetrain/yAcceleration",0.14000000059604645
39.029314,"/drivetrain/leftOutputLog",0
39.029318,"/drivetrain/rightOutputLog",-0
39.029512,"/intake/pos",0
39.029518,"/intake/output",0
39.030061,"/shooter/rpm",7241
39.030095,"/shooter/output",0.3568
39.030171,"/shooter/hasBall",true
39.030222,"/shooter/temperature",42
39.030596,"/climber/rightPos",0
39.0317,"/shooter/setpoint",9000
39.049385,"/drivetrain/leftPos",0
39.049402,"/drivetrain/leftVelocity",0
39.049418,"/drivetrain/rightPos",0
39.04943,"/drivetrain/rightVelocity",0
39.049463,"/drivetrain/heading",-2.3299999237060547
39.049472,"/drivetrain/headingVelocity",0.1220703050494194
39.049477,"/drivetrain/xAcceleration",-0.11800000071525574
39.049482,"/drivetrain/yAcceleration",-0.020999999716877937
39.049487,"/drivetrain/leftOutputLog",0
39.049491,"/drivetrain/rightOutputLog",-0
39.04968,"/intake/pos",0
39.049685,"/intake/output",0
39.049876,"/shooter/rpm",7234
39.049896,"/shooter/output",0.35860000000000003
39.049946,"/shooter/hasBall",true
39.04999,"/shooter/temperature",42
39.050151,"/climber/rightPos",0
39.051071,"/shooter/setpoint",9000
39.069641,"/drivetrain/leftPos",0
39.069679,"/drivetrain/leftVelocity",0
39.069698,"/drivetrain/rightPos",0
39.06971,"/drivetrain/rightVelocity",0
39.069761,"/drivetrain/heading",-2.319999933242798
39.069771,"/drivetrain/headingVelocity",-0.3662109076976776
39.069777,"/drivetrain/xAcceleration",0.06800000369548798
39.069783,"/drivetrain/yAcceleration",-0.11999999731779099
39.069788,"/drivetrain/leftOutputLog",0
39.069792,"/drivetrain/rightOutputLog",-0
39.070528,"/intake/pos",0
39.070535,"/intake/output",0
39.070825,"/shooter/rpm",7241
39.070846,"/shooter/output",0.3582
39.070903,"/shooter/hasBall",true
39.070943,"/shooter/temperature",42
39.071136,"/climber/rightPos",0
39.072447,"/shooter/setpoint",9000
39.089162,"/drivetrain/leftPos",0
39.08918,"/drivetrain/leftVelocity",0
39.089195,"/drivetrain/rightPos",0
39.089207,"/drivetrain/rightVelocity",0
39.089257,"/drivetrain/heading",-2.319999933242798
39.089266,"/drivetrain/headingVelocity",-0.3662109076976776
39.089272,"/drivetrain/xAcceleration",0.09099999815225601
39.089277,"/drivetrain/yAcceleration",-0.2709999978542328
39.089282,"/drivetrain/leftOutputLog",0
39.089286,"/drivetrain/rightOutputLog",-0
39.089886,"/intake/pos",0
39.089891,"/intake/output",0
39.090148,"/shooter/rpm",7235
39.090168,"/shooter/output",0.3568
39.090219,"/shooter/hasBall",true
39.090244,"/shooter/temperature",42
39.090401,"/climber/rightPos",0
39.091373,"/shooter/setpoint",9000
39.109819,"/drivetrain/leftPos",0
39.10984,"/drivetrain/leftVelocity",0
39.109857,"/drivetrain/rightPos",0
39.109869,"/drivetrain/rightVelocity",0
39.10992,"/drivetrain/heading",-2.319999933242798
39.10993,"/drivetrain/headingVelocity",0.1831054538488388
39.109936,"/drivetrain/xAcceleration",-0.10499999672174454
39.109942,"/drivetrain/yAcceleration",-0.13699999451637268
39.109947,"/drivetrain/leftOutputLog",0
39.109951,"/drivetrain/rightOutputLog",-0
39.11017,"/intake/pos",0
39.110176,"/intake/output",0
39.11038,"/shooter/rpm",7235
39.1104,"/shooter/output",0.35800000000000004
39.110435,"/shooter/hasBall",true
39.110471,"/shooter/temperature",42
39.110706,"/climber/rightPos",0
39.11157,"/shooter/setpoint",9000
39.129117,"/drivetrain/leftPos",0
39.129136,"/drivetrain/leftVelocity",0
39.129153,"/drivetrain/rightPos",0
39.129166,"/drivetrain/rightVelocity",0
39.129209,"/drivetrain/heading",-2.319999933242798
39.129218,"/drivetrain/headingVelocity",-0.2441406100988388
39.129224,"/drivetrain/xAcceleration",0.026000000536441803
39.129228,"/drivetrain/yAcceleration",-0.2720000147819519
39.129233,"/drivetrain/leftOutputLog",0
39.129237,"/drivetrain/rightOutputLog",-0
39.129502,"/intake/pos",0
39.129507,"/intake/output",0
39.130469,"/shooter/rpm",7244
39.130501,"/shooter/output",0.35800000000000004
39.130571,"/shooter/hasBall",true
39.13062,"/shooter/temperature",42
39.13105,"/climber/rightPos",0
39.13232,"/shooter/setpoint",9000
39.149114,"/drivetrain/leftPos",0
39.149132,"/drivetrain/leftVelocity",0
39.149147,"/drivetrain/rightPos",0
39.149188,"/drivetrain/rightVelocity",0
39.149234,"/drivetrain/heading",-2.319999933242798
39.149243,"/drivetrain/headingVelocity",-0.1831054538488388
39.149249,"/drivetrain/xAcceleration",0.003000000026077032
39.149253,"/drivetrain/yAcceleration",-0.11800000071525574
39.149258,"/drivetrain/leftOutputLog",0
39.149262,"/drivetrain/rightOutputLog",-0
39.149517,"/intake/pos",0
39.149522,"/intake/output",0
39.150295,"/shooter/rpm",7244
39.150321,"/shooter/output",0.3562
39.15048,"/shooter/hasBall",true
39.150542,"/shooter/temperature",42
39.151281,"/climber/rightPos",0
39.152205,"/shooter/setpoint",9000
39.169096,"/drivetrain/leftPos",0
39.169114,"/drivetrain/leftVelocity",0
39.169132,"/drivetrain/rightPos",0
39.169145,"/drivetrain/rightVelocity",0
39.169192,"/drivetrain/heading",-2.319999933242798
39.169202,"/drivetrain/headingVelocity",0.2441406100988388
39.169207,"/drivetrain/xAcceleration",0.03700000047683716
39.169212,"/drivetrain/yAcceleration",0.04800000041723251
39.169218,"/drivetrain/leftOutputLog",0
39.169221,"/drivetrain/rightOutputLog",-0
39.169778,"/intake/pos",0
39.169784,"/intake/output",0
39.170103,"/shooter/rpm",7240
39.170701,"/shooter/output",0.3562
39.170811,"/shooter/hasBall",true
39.170838,"/shooter/temperature",42
39.171044,"/climber/rightPos",0
39.1723,"/shooter/setpoint",9000
39.189683,"/drivetrain/leftPos",0
39.189702,"/drivetrain/leftVelocity",0
39.189718,"/drivetrain/rightPos",0
39.189729,"/drivetrain/rightVelocity",0
39.18978,"/drivetrain/heading",-2.3299999237060547
39.189789,"/drivetrain/headingVelocity",0.4272460639476776
39.189795,"/drivetrain/xAcceleration",0.09700000286102295
39.1898,"/drivetrain/yAcceleration",0.1080000028014183
39.189805,"/drivetrain/leftOutputLog",0
39.189809,"/drivetrain/rightOutputLog",-0
39.190125,"/intake/pos",0
39.190131,"/intake/output",0
39.190364,"/shooter/rpm",7242
39.190386,"/shooter/output",0.35700000000000004
39.190441,"/shooter/hasBall",true
39.190468,"/shooter/temperature",42
39.190633,"/climber/rightPos",0
39.191473,"/shooter/setpoint",9000
39.209895,"/drivetrain/leftPos",0
39.210144,"/drivetrain/leftVelocity",0
39.210185,"/drivetrain/rightPos",0
39.210202,"/drivetrain/rightVelocity",0
39.210482,"/drivetrain/heading",-2.319999933242798
39.210493,"/drivetrain/headingVelocity",-0.1220703050494194
39.210499,"/drivetrain/xAcceleration",-0.07000000029802322
39.210505,"/drivetrain/yAcceleration",-0.04600000008940697
39.21051,"/drivetrain/leftOutputLog",0
39.210514,"/drivetrain/rightOutputLog",-0
39.21075,"/intake/pos",0
39.210755,"/intake/output",0
39.211017,"/shooter/rpm",7248
39.211037,"/shooter/output",0.35660000000000003
39.211131,"/shooter/hasBall",true
39.211177,"/shooter/temperature",42
39.211342,"/climber/rightPos",0
39.212146,"/shooter/setpoint",9000
39.229242,"/drivetrain/leftPos",0
39.229261,"/drivetrain/leftVelocity",0
39.229277,"/drivetrain/rightPos",0
39.229289,"/drivetrain/rightVelocity",0
39.229378,"/drivetrain/heading",-2.3299999237060547
39.229388,"/drivetrain/headingVelocity",0
39.229394,"/drivetrain/xAcceleration",-0.09200000017881393
39.2294,"/drivetrain/yAcceleration",-0.07199999690055847
39.229405,"/drivetrain/leftOutputLog",0
39.229408,"/drivetrain/rightOutputLog",-0
39.230005,"/intake/pos",0
39.230012,"/intake/output",0
39.230813,"/shooter/rpm",7248
39.23084,"/shooter/output",0.3554
39.230884,"/shooter/hasBall",true
39.231054,"/shooter/temperature",42
39.231335,"/climber/rightPos",0
39.232459,"/shooter/setpoint",9000
39.249092,"/drivetrain/leftPos",0
39.24911,"/drivetrain/leftVelocity",0
39.249125,"/drivetrain/rightPos",0
39.249137,"/drivetrain/rightVelocity",0
39.249178,"/drivetrain/heading",-2.3299999237060547
39.249187,"/drivetrain/headingVelocity",0
39.249192,"/drivetrain/xAcceleration",-0.11500000208616257
39.249197,"/drivetrain/yAcceleration",0.06400000303983688
39.249202,"/drivetrain/leftOutputLog",0
39.249206,"/drivetrain/rightOutputLog",-0
39.249408,"/intake/pos",0
39.249413,"/intake/output",0
39.249654,"/shooter/rpm",7236
39.249674,"/shooter/output",0.3578
39.249727,"/shooter/hasBall",true
39.249774,"/shooter/temperature",42
39.249957,"/climber/rightPos",0
39.251861,"/shooter/setpoint",9000
39.269111,"/drivetrain/leftPos",0
39.269129,"/drivetrain/leftVelocity",0
39.269144,"/drivetrain/rightPos",0
39.269156,"/drivetrain/rightVelocity",0
39.269199,"/drivetrain/heading",-2.3299999237060547
39.269209,"/drivetrain/headingVelocity",-0.1220703050494194
39.269215,"/drivetrain/xAcceleration",0.09799999743700027
39.269219,"/drivetrain/yAcceleration",-0.0430000014603138
39.269224,"/drivetrain/leftOutputLog",0
39.269228,"/drivetrain/rightOutputLog",-0
39.269429,"/intake/pos",0
39.269434,"/intake/output",0
39.270159,"/shooter/rpm",7236
39.270189,"/shooter/output",0.3578
39.270233,"/shooter/hasBall",true
39.270291,"/shooter/temperature",42
39.270927,"/climber/rightPos",0
39.27212,"/shooter/setpoint",9000
39.289256,"/drivetrain/leftPos",0
39.289273,"/drivetrain/leftVelocity",0
39.289287,"/drivetrain/rightPos",0
39.289299,"/drivetrain/rightVelocity",0
39.289342,"/drivetrain/heading",-2.3299999237060547
39.289352,"/drivetrain/headingVelocity",0.0610351525247097
39.289358,"/drivetrain/xAcceleration",-0.052000001072883606
39.289363,"/drivetrain/yAcceleration",0.14800000190734863
39.289368,"/drivetrain/leftOutputLog",0
39.289372,"/drivetrain/rightOutputLog",-0
39.290668,"/intake/pos",0
39.290677,"/intake/output",0
39.290904,"/shooter/rpm",7243
39.290933,"/shooter/output",0.3564
39.290994,"/shooter/hasBall",true
39.291074,"/shooter/temperature",42
39.291414,"/climber/rightPos",0
39.292305,"/shooter/setpoint",9000
39.309221,"/drivetrain/leftPos",0
39.309246,"/drivetrain/leftVelocity",0
39.309263,"/drivetrain/rightPos",0
39.309274,"/drivetrain/rightVelocity",0
39.309318,"/drivetrain/heading",-2.3299999237060547
39.309326,"/drivetrain/headingVelocity",0
39.309332,"/drivetrain/xAcceleration",-0.004999999888241291
39.309337,"/drivetrain/yAcceleration",0.1550000011920929
39.309342,"/drivetrain/leftOutputLog",0
39.309345,"/drivetrain/rightOutputLog",-0
39.309547,"/intake/pos",0
39.309552,"/intake/output",0
39.309776,"/shooter/rpm",7241
39.309796,"/shooter/output",0.3568
39.309894,"/shooter/hasBall",true
39.309942,"/shooter/temperature",42
39.310188,"/climber/rightPos",0
39.311065,"/shooter/setpoint",9000
39.329392,"/drivetrain/leftPos",0
39.329409,"/drivetrain/leftVelocity",0
39.329427,"/drivetrain/rightPos",0
39.329439,"/drivetrain/rightVelocity",0
39.329489,"/drivetrain/heading",-2.319999933242798
39.3295,"/drivetrain/headingVelocity",-0.1220703050494194
39.329507,"/drivetrain/xAcceleration",-0.019999999552965164
39.329512,"/drivetrain/yAcceleration",-0.09700000286102295
39.329517,"/drivetrain/leftOutputLog",0
39.329521,"/drivetrain/rightOutputLog",-0
39.32987,"/intake/pos",0
39.329875,"/intake/output",0
39.330242,"/shooter/rpm",7246
39.330266,"/shooter/output",0.3568
39.330325,"/shooter/hasBall",true
39.33037,"/shooter/temperature",42
39.330542,"/climber/rightPos",0
39.331469,"/shooter/setpoint",9000
39.34909,"/drivetrain/leftPos",0
39.34911,"/drivetrain/leftVelocity",0
39.349125,"/drivetrain/rightPos",0
39.349137,"/drivetrain/rightVelocity",0
39.349281,"/drivetrain/heading",-2.319999933242798
39.349291,"/drivetrain/headingVelocity",-0.0610351525247097
39.349296,"/drivetrain/xAcceleration",0.06800000369548798
39.349301,"/drivetrain/yAcceleration",0.032999999821186066
39.349307,"/drivetrain/leftOutputLog",0
39.34931,"/drivetrain/rightOutputLog",-0
39.349506,"/intake/pos",0
39.349511,"/intake/output",0
39.349719,"/shooter/rpm",7246
39.349739,"/shooter/output",0.3558
39.349816,"/shooter/hasBall",true
39.349843,"/shooter/temperature",42
39.350012,"/climber/rightPos",0
39.352191,"/shooter/setpoint",9000
39.36921,"/drivetrain/leftPos",0
39.369228,"/drivetrain/leftVelocity",0
39.369247,"/drivetrain/rightPos",0
39.36926,"/drivetrain/rightVelocity",0
39.369576,"/drivetrain/heading",-2.319999933242798
39.369589,"/drivetrain/headingVelocity",0.0610351525247097
39.369595,"/drivetrain/xAcceleration",0.06700000166893005
39.369601,"/drivetrain/yAcceleration",-0.020999999716877937
39.369606,"/drivetrain/leftOutputLog",0
39.36961,"/drivetrain/rightOutputLog",-0
39.369849,"/intake/pos",0
39.369854,"/intake/output",0
39.370754,"/shooter/rpm",7249
39.370776,"/shooter/output",0.3552
39.370836,"/shooter/hasBall",true
39.370882,"/shooter/temperature",42
39.371101,"/climber/rightPos",0
39.371889,"/shooter/setpoint",9000
39.389123,"/drivetrain/leftPos",0
39.389141,"/drivetrain/leftVelocity",0
39.389157,"/drivetrain/rightPos",0
39.389168,"/drivetrain/rightVelocity",0
39.38921,"/drivetrain/heading",-2.319999933242798
39.389219,"/drivetrain/headingVelocity",-0.0610351525247097
39.389225,"/drivetrain/xAcceleration",-0.03999999910593033
39.38923,"/drivetrain/yAcceleration",0.007000000216066837
39.389235,"/drivetrain/leftOutputLog",0
39.389238,"/drivetrain/rightOutputLog",-0
39.389428,"/intake/pos",0
39.389433,"/intake/output",0
39.38965,"/shooter/rpm",7237
39.38967,"/shooter/output",0.3552
39.389761,"/shooter/hasBall",true
39.389788,"/shooter/temperature",42
39.39,"/climber/rightPos",0
39.390839,"/shooter/setpoint",9000
39.41015,"/drivetrain/leftPos",0
39.41018,"/drivetrain/leftVelocity",0
39.410201,"/drivetrain/rightPos",0
39.410213,"/drivetrain/rightVelocity",0
39.410247,"/drivetrain/heading",-2.3299999237060547
39.410256,"/drivetrain/headingVelocity",0.0610351525247097
39.410262,"/drivetrain/xAcceleration",0.04600000008940697
39.410268,"/drivetrain/yAcceleration",0.04100000113248825
39.410273,"/drivetrain/leftOutputLog",0
39.410277,"/drivetrain/rightOutputLog",-0
39.410496,"/intake/pos",0
39.410501,"/intake/output",0
39.410757,"/shooter/rpm",7243
39.41078,"/shooter/output",0.35760000000000003
39.410839,"/shooter/hasBall",true
39.410871,"/shooter/temperature",42
39.411081,"/climber/rightPos",0
39.41213,"/shooter/setpoint",9000
39.429459,"/drivetrain/leftPos",0
39.429478,"/drivetrain/leftVelocity",0
39.429492,"/drivetrain/rightPos",0
39.429504,"/drivetrain/rightVelocity",0
39.42956,"/drivetrain/heading",-2.3299999237060547
39.429569,"/drivetrain/headingVelocity",0
39.429575,"/drivetrain/xAcceleration",0
39.42958,"/drivetrain/yAcceleration",0
39.42997,"/drivetrain/leftOutputLog",0
39.429974,"/drivetrain/rightOutputLog",-0
39.430385,"/intake/pos",0
39.43039,"/intake/output",0
39.430577,"/shooter/rpm",7237
39.430597,"/shooter/output",0.3564
39.430644,"/shooter/hasBall",true
39.430668,"/shooter/temperature",42
39.43095,"/climber/rightPos",0
39.431872,"/shooter/setpoint",9000
39.449201,"/drivetrain/leftPos",0
39.449226,"/drivetrain/leftVelocity",0
39.449243,"/drivetrain/rightPos",0
39.449255,"/drivetrain/rightVelocity",0
39.449304,"/drivetrain/heading",-2.3299999237060547
39.449314,"/drivetrain/headingVelocity",0
39.44932,"/drivetrain/xAcceleration",-0.032999999821186066
39.449325,"/drivetrain/yAcceleration",0.2709999978542328
39.449451,"/drivetrain/leftOutputLog",0
39.449458,"/drivetrain/rightOutputLog",-0
39.449734,"/intake/pos",0
39.449739,"/intake/output",0
39.449937,"/shooter/rpm",7234
39.449961,"/shooter/output",0.35760000000000003
39.450006,"/shooter/hasBall",true
39.450031,"/shooter/temperature",42
39.450191,"/climber/rightPos",0
39.45106,"/shooter/setpoint",9000
39.469415,"/drivetrain/leftPos",0
39.469485,"/drivetrain/leftVelocity",0
39.469503,"/drivetrain/rightPos",0
39.469515,"/drivetrain/rightVelocity",0
39.469562,"/drivetrain/heading",-2.3299999237060547
39.469572,"/drivetrain/headingVelocity",0
39.469578,"/drivetrain/xAcceleration",-0.023000000044703484
39.469583,"/drivetrain/yAcceleration",-0.11800000071525574
39.469589,"/drivetrain/leftOutputLog",0
39.469592,"/drivetrain/rightOutputLog",-0
39.469988,"/intake/pos",0
39.469994,"/intake/output",0
39.470608,"/shooter/rpm",7242
39.470639,"/shooter/output",0.3582
39.470892,"/shooter/hasBall",true
39.471049,"/shooter/temperature",42
39.471258,"/climber/rightPos",0
39.472252,"/shooter/setpoint",9000
39.489256,"/drivetrain/leftPos",0
39.489275,"/drivetrain/leftVelocity",0
39.489291,"/drivetrain/rightPos",0
39.489304,"/drivetrain/rightVelocity",0
39.489355,"/drivetrain/heading",-2.3299999237060547
39.489365,"/drivetrain/headingVelocity",0.0610351525247097
39.489371,"/drivetrain/xAcceleration",-0.06499999761581421
39.489376,"/drivetrain/yAcceleration",-0.14499999582767487
39.489382,"/drivetrain/leftOutputLog",0
39.489386,"/drivetrain/rightOutputLog",-0
39.490809,"/intake/pos",0
39.490816,"/intake/output",0
39.491332,"/shooter/rpm",7242
39.491366,"/shooter/output",0.35660000000000003
39.491408,"/shooter/hasBall",true
39.491459,"/shooter/temperature",42
39.491949,"/climber/rightPos",0
39.493508,"/shooter/setpoint",9000
39.510778,"/drivetrain/leftPos",0
39.510797,"/drivetrain/leftVelocity",0
39.510813,"/drivetrain/rightPos",0
39.510825,"/drivetrain/rightVelocity",0
39.510865,"/drivetrain/heading",-2.3299999237060547
39.510874,"/drivetrain/headingVelocity",-0.0610351525247097
39.510881,"/drivetrain/xAcceleration",0.052000001072883606
39.510887,"/drivetrain/yAcceleration",0.2199999988079071
39.510892,"/drivetrain/leftOutputLog",0
39.510896,"/drivetrain/rightOutputLog",-0
39.511192,"/intake/pos",0
39.511199,"/intake/output",0
39.511617,"/shooter/rpm",7236
39.511737,"/shooter/output",0.35660000000000003
39.511811,"/shooter/hasBall",true
39.511873,"/shooter/temperature",42
39.512133,"/climber/rightPos",0
39.513396,"/shooter/setpoint",9000
39.530096,"/drivetrain/leftPos",0
39.530117,"/drivetrain/leftVelocity",0
39.530134,"/drivetrain/rightPos",0
39.530145,"/drivetrain/rightVelocity",0
39.530285,"/drivetrain/heading",-2.3299999237060547
39.530296,"/drivetrain/headingVelocity",0.1831054538488388
39.530302,"/drivetrain/xAcceleration",-0.05900000035762787
39.530307,"/drivetrain/yAcceleration",-0.07199999690055847
39.530312,"/drivetrain/leftOutputLog",0
39.530316,"/drivetrain/rightOutputLog",-0
39.530698,"/intake/pos",0
39.530705,"/intake/output",0
39.531139,"/shooter/rpm",7235
39.531162,"/shooter/output",0.3578
39.531216,"/shooter/hasBall",true
39.531265,"/shooter/temperature",42
39.531429,"/climber/rightPos",0
39.532412,"/shooter/setpoint",9000
39.549785,"/drivetrain/leftPos",0
39.549807,"/drivetrain/leftVelocity",0
39.549824,"/drivetrain/rightPos",0
39.549884,"/drivetrain/rightVelocity",0
39.549927,"/drivetrain/heading",-2.3299999237060547
39.549936,"/drivetrain/headingVelocity",0.1831054538488388
39.549942,"/drivetrain/xAcceleration",-0.06700000166893005
39.549947,"/drivetrain/yAcceleration",-0.11800000071525574
39.549952,"/drivetrain/leftOutputLog",0
39.549956,"/drivetrain/rightOutputLog",-0
39.550232,"/intake/pos",0
39.550238,"/intake/output",0
39.550638,"/shooter/rpm",7235
39.550666,"/shooter/output",0.35800000000000004
39.550709,"/shooter/hasBall",true
39.55099,"/shooter/temperature",42
39.551281,"/climber/rightPos",0
39.552703,"/shooter/setpoint",9000
39.569223,"/drivetrain/leftPos",0
39.569239,"/drivetrain/leftVelocity",0
39.569254,"/drivetrain/rightPos",0
39.569265,"/drivetrain/rightVelocity",0
39.569305,"/drivetrain/heading",-2.319999933242798
39.56943,"/drivetrain/headingVelocity",-0.30517578125
39.569438,"/drivetrain/xAcceleration",0.06499999761581421
39.569443,"/drivetrain/yAcceleration",-0.19900000095367432
39.569449,"/drivetrain/leftOutputLog",0
39.569453,"/drivetrain/rightOutputLog",-0
39.569881,"/intake/pos",0
39.569887,"/intake/output",0
39.570729,"/shooter/rpm",7233
39.570763,"/shooter/output",0.3584
39.571211,"/shooter/hasBall",true
39.571264,"/shooter/temperature",42
39.571458,"/climber/rightPos",0
39.572425,"/shooter/setpoint",9000
39.589315,"/drivetrain/leftPos",0
39.589335,"/drivetrain/leftVelocity",0
39.589408,"/drivetrain/rightPos",0
39.589422,"/drivetrain/rightVelocity",0
39.589474,"/drivetrain/heading",-2.3299999237060547
39.589485,"/drivetrain/headingVelocity",0.30517578125
39.589491,"/drivetrain/xAcceleration",-0.08500000089406967
39.589496,"/drivetrain/yAcceleration",-0.15399999916553497
39.589501,"/drivetrain/leftOutputLog",0
39.589505,"/drivetrain/rightOutputLog",-0
39.589816,"/intake/pos",0
39.589821,"/intake/output",0
39.590338,"/shooter/rpm",7233
39.590363,"/shooter/output",0.3584
39.590634,"/shooter/hasBall",true
39.590675,"/shooter/temperature",42
39.590981,"/climber/rightPos",0
39.592029,"/shooter/setpoint",9000
39.609558,"/drivetrain/leftPos",0
39.609576,"/drivetrain/leftVelocity",0
39.609591,"/drivetrain/rightPos",0
39.609602,"/drivetrain/rightVelocity",0
39.609632,"/drivetrain/heading",-2.3299999237060547
39.609641,"/drivetrain/headingVelocity",0.2441406100988388
39.609647,"/drivetrain/xAcceleration",-0.10899999737739563
39.609651,"/drivetrain/yAcceleration",-0.05700000002980232
39.609656,"/drivetrain/leftOutputLog",0
39.60966,"/drivetrain/rightOutputLog",-0
39.609871,"/intake/pos",0
39.609876,"/intake/output",0
39.610062,"/shooter/rpm",7241
39.610083,"/shooter/output",0.3584
39.610135,"/shooter/hasBall",true
39.610175,"/shooter/temperature",42
39.61034,"/climber/rightPos",0
39.611166,"/shooter/setpoint",9000
39.629159,"/drivetrain/leftPos",0
39.629177,"/drivetrain/leftVelocity",0
39.629193,"/drivetrain/rightPos",0
39.629205,"/drivetrain/rightVelocity",0
39.629249,"/drivetrain/heading",-2.3299999237060547
39.629258,"/drivetrain/headingVelocity",-0.1220703050494194
39.629264,"/drivetrain/xAcceleration",0.00800000037997961
39.629269,"/drivetrain/yAcceleration",-0.1469999998807907
39.629274,"/drivetrain/leftOutputLog",0
39.629278,"/drivetrain/rightOutputLog",-0
39.629467,"/intake/pos",0
39.629473,"/intake/output",0
39.629702,"/shooter/rpm",7241
39.629723,"/shooter/output",0.3568
39.629758,"/shooter/hasBall",true
39.629785,"/shooter/temperature",42
39.629975,"/climber/rightPos",0
39.631783,"/shooter/setpoint",9000
39.649859,"/drivetrain/leftPos",0
39.649877,"/drivetrain/leftVelocity",0
39.649893,"/drivetrain/rightPos",0
39.649905,"/drivetrain/rightVelocity",0
39.649941,"/drivetrain/heading",-2.3299999237060547
39.64995,"/drivetrain/headingVelocity",0.2441406100988388
39.649956,"/drivetrain/xAcceleration",0.017999999225139618
39.649961,"/drivetrain/yAcceleration",0.06800000369548798
39.649965,"/drivetrain/leftOutputLog",0
39.649969,"/drivetrain/rightOutputLog",-0
39.650184,"/intake/pos",0
39.650189,"/intake/output",0
39.65043,"/shooter/rpm",7241
39.650452,"/shooter/output",0.3568
39.650488,"/shooter/hasBall",true
39.650524,"/shooter/temperature",42
39.650695,"/climber/rightPos",0
39.651609,"/shooter/setpoint",9000
39.669135,"/drivetrain/leftPos",0
39.669152,"/drivetrain/leftVelocity",0
39.669167,"/drivetrain/rightPos",0
39.669178,"/drivetrain/rightVelocity",0
39.66922,"/drivetrain/heading",-2.3299999237060547
39.669229,"/drivetrain/headingVelocity",0.1831054538488388
39.669235,"/drivetrain/xAcceleration",0.10000000149011612
39.66924,"/drivetrain/yAcceleration",0.08299999684095383
39.669245,"/drivetrain/leftOutputLog",0
39.669248,"/drivetrain/rightOutputLog",-0
39.669441,"/intake/pos",0
39.669446,"/intake/output",0
39.669625,"/shooter/rpm",7238
39.669647,"/shooter/output",0.3574
39.669697,"/shooter/hasBall",true
39.669721,"/shooter/temperature",42
39.670211,"/climber/rightPos",0
39.672025,"/shooter/setpoint",9000
39.689463,"/drivetrain/leftPos",0
39.68948,"/drivetrain/leftVelocity",0
39.689496,"/drivetrain/rightPos",0
39.689508,"/drivetrain/rightVelocity",0
39.68956,"/drivetrain/heading",-2.3299999237060547
39.689569,"/drivetrain/headingVelocity",-0.0610351525247097
39.689575,"/drivetrain/xAcceleration",-0.07100000232458115
39.68958,"/drivetrain/yAcceleration",0
39.689585,"/drivetrain/leftOutputLog",0
39.689589,"/drivetrain/rightOutputLog",-0
39.690228,"/intake/pos",0
39.690233,"/intake/output",0
39.690415,"/shooter/rpm",7242
39.690436,"/shooter/output",0.35660000000000003
39.690484,"/shooter/hasBall",true
39.690509,"/shooter/temperature",42
39.690677,"/climber/rightPos",0
39.691535,"/shooter/setpoint",9000
39.709265,"/drivetrain/leftPos",0
39.709287,"/drivetrain/leftVelocity",0
39.709303,"/drivetrain/rightPos",0
39.709314,"/drivetrain/rightVelocity",0
39.709366,"/drivetrain/heading",-2.3299999237060547
39.709376,"/drivetrain/headingVelocity",0
39.709383,"/drivetrain/xAcceleration",0.12300000339746475
39.709388,"/drivetrain/yAcceleration",0.07800000160932541
39.709393,"/drivetrain/leftOutputLog",0
39.709397,"/drivetrain/rightOutputLog",-0
39.709762,"/intake/pos",0
39.709768,"/intake/output",0
39.710091,"/shooter/rpm",7235
39.71065,"/shooter/output",0.35660000000000003
39.710771,"/shooter/hasBall",true
39.710828,"/shooter/temperature",42
39.71107,"/climber/rightPos",0
39.712016,"/shooter/setpoint",9000
39.729854,"/drivetrain/leftPos",0
39.729871,"/drivetrain/leftVelocity",0
39.729886,"/drivetrain/rightPos",0
39.729897,"/drivetrain/rightVelocity",0
39.729929,"/drivetrain/heading",-2.3299999237060547
39.729939,"/drivetrain/headingVelocity",0.1220703050494194
39.729945,"/drivetrain/xAcceleration",0.08699999749660492
39.72995,"/drivetrain/yAcceleration",0.035999998450279236
39.729955,"/drivetrain/leftOutputLog",0
39.729959,"/drivetrain/rightOutputLog",-0
39.730146,"/intake/pos",0
39.730151,"/intake/output",0
39.730381,"/shooter/rpm",7235
39.730403,"/shooter/output",0.35800000000000004
39.73044,"/shooter/hasBall",true
39.730486,"/shooter/temperature",42
39.730672,"/climber/rightPos",0
39.731531,"/shooter/setpoint",9000
39.749203,"/drivetrain/leftPos",0
39.749229,"/drivetrain/leftVelocity",0
39.749246,"/drivetrain/rightPos",0
39.749258,"/drivetrain/rightVelocity",0
39.749578,"/drivetrain/heading",-2.3299999237060547
39.74959,"/drivetrain/headingVelocity",0.1831054538488388
39.749596,"/drivetrain/xAcceleration",-0.11800000071525574
39.749601,"/drivetrain/yAcceleration",0.11599999666213989
39.749607,"/drivetrain/leftOutputLog",0
39.749611,"/drivetrain/rightOutputLog",-0
39.749906,"/intake/pos",0
39.749911,"/intake/output",0
39.750249,"/shooter/rpm",7241
39.750276,"/shooter/output",0.35800000000000004
39.750332,"/shooter/hasBall",true
39.750584,"/shooter/temperature",42
39.750914,"/climber/rightPos",0
39.751761,"/shooter/setpoint",9000
39.769842,"/drivetrain/leftPos",0
39.769864,"/drivetrain/leftVelocity",0
39.769882,"/drivetrain/rightPos",0
39.769893,"/drivetrain/rightVelocity",0
39.769942,"/drivetrain/heading",-2.3299999237060547
39.769952,"/drivetrain/headingVelocity",0
39.769958,"/drivetrain/xAcceleration",0.09399999678134918
39.769963,"/drivetrain/yAcceleration",-0.07699999958276749
39.769968,"/drivetrain/leftOutputLog",0
39.769972,"/drivetrain/rightOutputLog",-0
39.770292,"/intake/pos",0
39.770297,"/intake/output",0
39.770512,"/shooter/rpm",7239
39.770533,"/shooter/output",0.3568
39.770585,"/shooter/hasBall",true
39.770632,"/shooter/temperature",42
39.770788,"/climber/rightPos",0
39.771875,"/shooter/setpoint",9000
39.790064,"/drivetrain/leftPos",0
39.790084,"/drivetrain/leftVelocity",0
39.790098,"/drivetrain/rightPos",0
39.79011,"/drivetrain/rightVelocity",0
39.790156,"/drivetrain/heading",-2.3399999141693115
39.790166,"/drivetrain/headingVelocity",-0.1831054538488388
39.790172,"/drivetrain/xAcceleration",0.06599999964237213
39.790177,"/drivetrain/yAcceleration",-0.16699999570846558
39.790182,"/drivetrain/leftOutputLog",0
39.790186,"/drivetrain/rightOutputLog",-0
39.790399,"/intake/pos",0
39.790404,"/intake/output",0
39.790627,"/shooter/rpm",7238
39.790688,"/shooter/output",0.3572
39.790743,"/shooter/hasBall",true
39.790789,"/shooter/temperature",42
39.790987,"/climber/rightPos",0
39.791822,"/shooter/setpoint",9000
39.810484,"/drivetrain/leftPos",0
39.810501,"/drivetrain/leftVelocity",0
39.810517,"/drivetrain/rightPos",0
39.810529,"/drivetrain/rightVelocity",0
39.810562,"/drivetrain/heading",-2.3399999141693115
39.810571,"/drivetrain/headingVelocity",0
39.810576,"/drivetrain/xAcceleration",0.010999999940395355
39.810581,"/drivetrain/yAcceleration",0.1809999942779541
39.810586,"/drivetrain/leftOutputLog",0
39.81059,"/drivetrain/rightOutputLog",-0
39.81081,"/intake/pos",0
39.810815,"/intake/output",0
39.811004,"/shooter/rpm",7245
39.811025,"/shooter/output",0.3574
39.811075,"/shooter/hasBall",true
39.811113,"/shooter/temperature",42
39.811275,"/climber/rightPos",0
39.812179,"/shooter/setpoint",9000
39.829119,"/drivetrain/leftPos",0
39.829136,"/drivetrain/leftVelocity",0
39.829151,"/drivetrain/rightPos",0
39.829162,"/drivetrain/rightVelocity",0
39.829203,"/drivetrain/heading",-2.3299999237060547
39.829212,"/drivetrain/headingVelocity",-0.1831054538488388
39.829217,"/drivetrain/xAcceleration",0.04100000113248825
39.829222,"/drivetrain/yAcceleration",0.08100000023841858
39.829227,"/drivetrain/leftOutputLog",0
39.829231,"/drivetrain/rightOutputLog",-0
39.82942,"/intake/pos",0
39.829426,"/intake/output",0
39.829756,"/shooter/rpm",7245
39.829776,"/shooter/output",0.35600000000000004
39.829808,"/shooter/hasBall",true
39.829837,"/shooter/temperature",42
39.830129,"/climber/rightPos",0
39.831985,"/shooter/setpoint",9000
39.85041,"/drivetrain/leftPos",0
39.850428,"/drivetrain/leftVelocity",0
39.850445,"/drivetrain/rightPos",0
39.850457,"/drivetrain/rightVelocity",0
39.850491,"/drivetrain/heading",-2.3299999237060547
39.8505,"/drivetrain/headingVelocity",0
39.850506,"/drivetrain/xAcceleration",0.07699999958276749
39.850511,"/drivetrain/yAcceleration",-0.028999999165534973
39.850516,"/drivetrain/leftOutputLog",0
39.85052,"/drivetrain/rightOutputLog",-0
39.850803,"/intake/pos",0
39.850809,"/intake/output",0
39.851035,"/shooter/rpm",7247
39.851058,"/shooter/output",0.3556
39.851116,"/shooter/hasBall",true
39.85116,"/shooter/temperature",42
39.851323,"/climber/rightPos",0
39.852142,"/shooter/setpoint",9000
39.869361,"/drivetrain/leftPos",0
39.869381,"/drivetrain/leftVelocity",0
39.869399,"/drivetrain/rightPos",0
39.869411,"/drivetrain/rightVelocity",0
39.869461,"/drivetrain/heading",-2.3299999237060547
39.86947,"/drivetrain/headingVelocity",-0.0610351525247097
39.869477,"/drivetrain/xAcceleration",-0.0689999982714653
39.869482,"/drivetrain/yAcceleration",0.010999999940395355
39.869487,"/drivetrain/leftOutputLog",0
39.869491,"/drivetrain/rightOutputLog",-0
39.869799,"/intake/pos",0
39.869804,"/intake/output",0
39.870126,"/shooter/rpm",7238
39.870151,"/shooter/output",0.3574
39.87021,"/shooter/hasBall",true
39.870239,"/shooter/temperature",42
39.8707,"/climber/rightPos",0
39.87196,"/shooter/setpoint",9000
39.889337,"/drivetrain/leftPos",0
39.889357,"/drivetrain/leftVelocity",0
39.889373,"/drivetrain/rightPos",0
39.889385,"/drivetrain/rightVelocity",0
39.889483,"/drivetrain/heading",-2.3299999237060547
39.889493,"/drivetrain/headingVelocity",0.1831054538488388
39.8895,"/drivetrain/xAcceleration",0.05700000002980232
39.889505,"/drivetrain/yAcceleration",-0.03700000047683716
39.889511,"/drivetrain/leftOutputLog",0
39.889515,"/drivetrain/rightOutputLog",-0
39.88974,"/intake/pos",0
39.889745,"/intake/output",0
39.890074,"/shooter/rpm",7237
39.890099,"/shooter/output",0.3574
39.890312,"/shooter/hasBall",true
39.890359,"/shooter/temperature",42
39.890899,"/climber/rightPos",0
39.89182,"/shooter/setpoint",9000
39.91016,"/drivetrain/leftPos",0
39.910183,"/drivetrain/leftVelocity",0
39.9102,"/drivetrain/rightPos",0
39.910212,"/drivetrain/rightVelocity",0
39.910258,"/drivetrain/heading",-2.3299999237060547
39.910269,"/drivetrain/headingVelocity",0.2441406100988388
39.910275,"/drivetrain/xAcceleration",0
39.910281,"/drivetrain/yAcceleration",-0.03700000047683716
39.910286,"/drivetrain/leftOutputLog",0
39.910289,"/drivetrain/rightOutputLog",-0
39.91057,"/intake/pos",0
39.910576,"/intake/output",0
39.910811,"/shooter/rpm",7233
39.910835,"/shooter/output",0.35760000000000003
39.910892,"/shooter/hasBall",true
39.910919,"/shooter/temperature",42
39.911121,"/climber/rightPos",0
39.912115,"/shooter/setpoint",9000
39.929278,"/drivetrain/leftPos",0
39.929295,"/drivetrain/leftVelocity",0
39.929309,"/drivetrain/rightPos",0
39.929321,"/drivetrain/rightVelocity",0
39.929365,"/drivetrain/heading",-2.3299999237060547
39.929375,"/drivetrain/headingVelocity",0.0610351525247097
39.929381,"/drivetrain/xAcceleration",0.004000000189989805
39.929386,"/drivetrain/yAcceleration",0.19200000166893005
39.929391,"/drivetrain/leftOutputLog",0
39.929395,"/drivetrain/rightOutputLog",-0
39.929583,"/intake/pos",0
39.929588,"/intake/output",0
39.92977,"/shooter/rpm",7233
39.929791,"/shooter/output",0.3584
39.929822,"/shooter/hasBall",true
39.929848,"/shooter/temperature",42
39.930185,"/climber/rightPos",0
39.934583,"/shooter/setpoint",9000
39.949906,"/drivetrain/leftPos",0
39.949924,"/drivetrain/leftVelocity",0
39.94994,"/drivetrain/rightPos",0
39.949952,"/drivetrain/rightVelocity",0
39.950003,"/drivetrain/heading",-2.3399999141693115
39.950012,"/drivetrain/headingVelocity",0
39.950018,"/drivetrain/xAcceleration",0
39.950024,"/drivetrain/yAcceleration",0.2529999911785126
39.950029,"/drivetrain/leftOutputLog",0
39.950033,"/drivetrain/rightOutputLog",-0
39.950356,"/intake/pos",0
39.950361,"/intake/output",0
39.950743,"/shooter/rpm",7239
39.950768,"/shooter/output",0.3572
39.950836,"/shooter/hasBall",true
39.951005,"/shooter/temperature",42
39.951257,"/climber/rightPos",0
39.952339,"/shooter/setpoint",9000
39.970028,"/drivetrain/leftPos",0
39.970046,"/drivetrain/leftVelocity",0
39.970062,"/drivetrain/rightPos",0
39.970075,"/drivetrain/rightVelocity",0
39.970107,"/drivetrain/heading",-2.3399999141693115
39.970116,"/drivetrain/headingVelocity",0.0610351525247097
39.970122,"/drivetrain/xAcceleration",-0.0560000017285347
39.970127,"/drivetrain/yAcceleration",-0.054999999701976776
39.970132,"/drivetrain/leftOutputLog",0
39.970135,"/drivetrain/rightOutputLog",-0
39.970351,"/intake/pos",0
39.970356,"/intake/output",0
39.970737,"/shooter/rpm",7239
39.970761,"/shooter/output",0.3572
39.9708,"/shooter/hasBall",true
39.970847,"/shooter/temperature",42
39.971158,"/climber/rightPos",0
39.972149,"/shooter/setpoint",9000
39.989577,"/drivetrain/leftPos",0
39.989596,"/drivetrain/leftVelocity",0
39.989612,"/drivetrain/rightPos",0
39.989623,"/drivetrain/rightVelocity",0
39.989668,"/drivetrain/heading",-2.3299999237060547
39.989678,"/drivetrain/headingVelocity",-0.1831054538488388
39.989683,"/drivetrain/xAcceleration",0.041999999433755875
39.989688,"/drivetrain/yAcceleration",0.1809999942779541
39.989694,"/drivetrain/leftOutputLog",0
39.989698,"/drivetrain/rightOutputLog",-0
39.990294,"/intake/pos",0
39.9903,"/intake/output",0
39.990523,"/shooter/rpm",7234
39.990543,"/shooter/output",0.3572
39.990594,"/shooter/hasBall",true
39.990639,"/shooter/temperature",42
39.990799,"/climber/rightPos",0
39.993277,"/shooter/setpoint",9000
40.01022,"/drivetrain/leftPos",0
40.010237,"/drivetrain/leftVelocity",0
40.010254,"/drivetrain/rightPos",0
40.010265,"/drivetrain/rightVelocity",0
40.010302,"/drivetrain/heading",-2.3299999237060547
40.010311,"/drivetrain/headingVelocity",0.0610351525247097
40.010317,"/drivetrain/xAcceleration",-0.07199999690055847
40.010322,"/drivetrain/yAcceleration",-0.10100000351667404
40.010326,"/drivetrain/leftOutputLog",0
40.01033,"/drivetrain/rightOutputLog",-0
40.010574,"/intake/pos",0
40.01058,"/intake/output",0
40.0108,"/shooter/rpm",7238
40.010863,"/shooter/output",0.3582
40.01093,"/shooter/hasBall",true
40.01098,"/shooter/temperature",42
40.011277,"/climber/rightPos",0
40.013754,"/shooter/setpoint",9000
40.030155,"/drivetrain/leftPos",0
40.030179,"/drivetrain/leftVelocity",0
40.030294,"/drivetrain/rightPos",0
40.030324,"/drivetrain/rightVelocity",0
40.030375,"/drivetrain/heading",-2.3299999237060547
40.030385,"/drivetrain/headingVelocity",0.2441406100988388
40.030391,"/drivetrain/xAcceleration",-0.10899999737739563
40.030397,"/drivetrain/yAcceleration",-0.07800000160932541
40.030402,"/drivetrain/leftOutputLog",0
40.030406,"/drivetrain/rightOutputLog",-0
40.030617,"/intake/pos",0
40.030623,"/intake/output",0
40.030857,"/shooter/rpm",7243
40.03092,"/shooter/output",0.3574
40.030972,"/shooter/hasBall",true
40.031016,"/shooter/temperature",42
40.031182,"/climber/rightPos",0
40.031921,"/shooter/setpoint",9000
40.050379,"/drivetrain/leftPos",0
40.050395,"/drivetrain/leftVelocity",0
40.050411,"/drivetrain/rightPos",0
40.050422,"/drivetrain/rightVelocity",0
40.050456,"/drivetrain/heading",-2.3299999237060547
40.050465,"/drivetrain/headingVelocity",-0.30517578125
40.05047,"/drivetrain/xAcceleration",0.10499999672174454
40.050475,"/drivetrain/yAcceleration",-0.18799999356269836
40.05048,"/drivetrain/leftOutputLog",0
40.050484,"/drivetrain/rightOutputLog",-0
40.050688,"/intake/pos",0
40.050693,"/intake/output",0
40.050881,"/shooter/rpm",7232
40.0509,"/shooter/output",0.3564
40.050948,"/shooter/hasBall",true
40.050986,"/shooter/temperature",42
40.051149,"/climber/rightPos",0
40.052046,"/shooter/setpoint",9000
40.069699,"/drivetrain/leftPos",0
40.069717,"/drivetrain/leftVelocity",0
40.069732,"/drivetrain/rightPos",0
40.069744,"/drivetrain/rightVelocity",0
40.069798,"/drivetrain/heading",-2.3299999237060547
40.069808,"/drivetrain/headingVelocity",0.30517578125
40.069814,"/drivetrain/xAcceleration",-0.08500000089406967
40.06982,"/drivetrain/yAcceleration",-0.13699999451637268
40.069825,"/drivetrain/leftOutputLog",0
40.069879,"/drivetrain/rightOutputLog",-0
40.070233,"/intake/pos",0
40.070238,"/intake/output",0
40.070947,"/shooter/rpm",7231
40.070979,"/shooter/output",0.35860000000000003
40.071233,"/shooter/hasBall",true
40.071285,"/shooter/temperature",42
40.071528,"/climber/rightPos",0
40.072475,"/shooter/setpoint",9000
40.090205,"/drivetrain/leftPos",0
40.090223,"/drivetrain/leftVelocity",0
40.090239,"/drivetrain/rightPos",0
40.090251,"/drivetrain/rightVelocity",0
40.090343,"/drivetrain/heading",-2.3299999237060547
40.090353,"/drivetrain/headingVelocity",0.1220703050494194
40.09036,"/drivetrain/xAcceleration",-0.06499999761581421
40.090365,"/drivetrain/yAcceleration",-0.13500000536441803
40.09037,"/drivetrain/leftOutputLog",0
40.090374,"/drivetrain/rightOutputLog",-0
40.090643,"/intake/pos",0
40.090648,"/intake/output",0
40.090879,"/shooter/rpm",7238
40.090943,"/shooter/output",0.3588
40.090997,"/shooter/hasBall",true
40.091038,"/shooter/temperature",42
40.091212,"/climber/rightPos",0
40.091957,"/shooter/setpoint",9000
40.110059,"/drivetrain/leftPos",0
40.110077,"/drivetrain/leftVelocity",0
40.110093,"/drivetrain/rightPos",0
40.110104,"/drivetrain/rightVelocity",0
40.110152,"/drivetrain/heading",-2.3299999237060547
40.110163,"/drivetrain/headingVelocity",-0.30517578125
40.110169,"/drivetrain/xAcceleration",0.07100000232458115
40.110174,"/drivetrain/yAcceleration",-0.1599999964237213
40.110179,"/drivetrain/leftOutputLog",0
40.110183,"/drivetrain/rightOutputLog",-0
40.1104,"/intake/pos",0
40.110405,"/intake/output",0
40.110641,"/shooter/rpm",7238
40.110659,"/shooter/output",0.3574
40.110755,"/shooter/hasBall",true
40.110782,"/shooter/temperature",42
40.110939,"/climber/rightPos",0
40.112004,"/shooter/setpoint",9000
40.129291,"/drivetrain/leftPos",0
40.129309,"/drivetrain/leftVelocity",0
40.129324,"/drivetrain/rightPos",0
40.129337,"/drivetrain/rightVelocity",0
40.129378,"/drivetrain/heading",-2.3299999237060547
40.129387,"/drivetrain/headingVelocity",0.1831054538488388
40.129392,"/drivetrain/xAcceleration",0.004999999888241291
40.129397,"/drivetrain/yAcceleration",-0.004000000189989805
40.129402,"/drivetrain/leftOutputLog",0
40.129406,"/drivetrain/rightOutputLog",-0
40.129648,"/intake/pos",0
40.129653,"/intake/output",0
40.130045,"/shooter/rpm",7236
40.130077,"/shooter/output",0.3578
40.130191,"/shooter/hasBall",true
40.13024,"/shooter/temperature",42
40.131332,"/climber/rightPos",0
40.132277,"/shooter/setpoint",9000
40.149103,"/drivetrain/leftPos",0
40.149121,"/drivetrain/leftVelocity",0
40.149137,"/drivetrain/rightPos",0
40.149148,"/drivetrain/rightVelocity",0
40.149192,"/drivetrain/heading",-2.3299999237060547
40.149201,"/drivetrain/headingVelocity",0.2441406100988388
40.149207,"/drivetrain/xAcceleration",0.057999998331069946
40.149212,"/drivetrain/yAcceleration",0.16500000655651093
40.149216,"/drivetrain/leftOutputLog",0
40.14922,"/drivetrain/rightOutputLog",-0
40.14942,"/intake/pos",0
40.149424,"/intake/output",0
40.149637,"/shooter/rpm",7235
40.149697,"/shooter/output",0.35800000000000004
40.149747,"/shooter/hasBall",true
40.149772,"/shooter/temperature",42
40.14993,"/climber/rightPos",0
40.151612,"/shooter/setpoint",9000
40.169312,"/drivetrain/leftPos",0
40.169329,"/drivetrain/leftVelocity",0
40.169344,"/drivetrain/rightPos",0
40.169355,"/drivetrain/rightVelocity",0
40.169404,"/drivetrain/heading",-2.3299999237060547
40.169412,"/drivetrain/headingVelocity",-0.1831054538488388
40.169419,"/drivetrain/xAcceleration",-0.052000001072883606
40.169424,"/drivetrain/yAcceleration",-0.01899999938905239
40.169429,"/drivetrain/leftOutputLog",0
40.169433,"/drivetrain/rightOutputLog",-0
40.16977,"/intake/pos",0
40.169776,"/intake/output",0
40.170303,"/shooter/rpm",7247
40.170984,"/shooter/output",0.35800000000000004
40.171058,"/shooter/hasBall",true
40.171086,"/shooter/temperature",42
40.171331,"/climber/rightPos",0
40.172115,"/shooter/setpoint",9000
40.189621,"/drivetrain/leftPos",0
40.189639,"/drivetrain/leftVelocity",0
40.189654,"/drivetrain/rightPos",0
40.189666,"/drivetrain/rightVelocity",0
40.189716,"/drivetrain/heading",-2.3299999237060547
40.189726,"/drivetrain/headingVelocity",0.1220703050494194
40.189732,"/drivetrain/xAcceleration",0.12099999934434891
40.189737,"/drivetrain/yAcceleration",0.11400000005960464
40.189742,"/drivetrain/leftOutputLog",0
40.189746,"/drivetrain/rightOutputLog",-0
40.19029,"/intake/pos",0
40.190295,"/intake/output",0
40.19077,"/shooter/rpm",7238
40.190788,"/shooter/output",0.3556
40.190837,"/shooter/hasBall",true
40.190882,"/shooter/temperature",42
40.191081,"/climber/rightPos",0
40.193126,"/shooter/setpoint",9000
40.209425,"/drivetrain/leftPos",0
40.209443,"/drivetrain/leftVelocity",0
40.209458,"/drivetrain/rightPos",0
40.20947,"/drivetrain/rightVelocity",0
40.209519,"/drivetrain/heading",-2.3299999237060547
40.209529,"/drivetrain/headingVelocity",0.0610351525247097
40.209534,"/drivetrain/xAcceleration",0.11500000208616257
40.20954,"/drivetrain/yAcceleration",0.09799999743700027
40.209545,"/drivetrain/leftOutputLog",0
40.209549,"/drivetrain/rightOutputLog",-0
40.209996,"/intake/pos",0
40.210001,"/intake/output",0
40.210631,"/shooter/rpm",7240
40.210651,"/shooter/output",0.3574
40.210759,"/shooter/hasBall",true
40.210819,"/shooter/temperature",42
40.210996,"/climber/rightPos",0
40.211943,"/shooter/setpoint",9000
40.230079,"/drivetrain/leftPos",0
40.230098,"/drivetrain/leftVelocity",0
40.230116,"/drivetrain/rightPos",0
40.230128,"/drivetrain/rightVelocity",0
40.23018,"/drivetrain/heading",-2.3299999237060547
40.230191,"/drivetrain/headingVelocity",0
40.230199,"/drivetrain/xAcceleration",-0.07500000298023224
40.230205,"/drivetrain/yAcceleration",0.057999998331069946
40.23021,"/drivetrain/leftOutputLog",0
40.230214,"/drivetrain/rightOutputLog",-0
40.230558,"/intake/pos",0
40.230563,"/intake/output",0
40.230752,"/shooter/rpm",7248
40.230772,"/shooter/output",0.35700000000000004
40.230823,"/shooter/hasBall",true
40.230868,"/shooter/temperature",42
40.231073,"/climber/rightPos",0
40.231897,"/shooter/setpoint",9000
40.249626,"/drivetrain/leftPos",0
40.249645,"/drivetrain/leftVelocity",0
40.24966,"/drivetrain/rightPos",0
40.249672,"/drivetrain/rightVelocity",0
40.249723,"/drivetrain/heading",-2.3299999237060547
40.249732,"/drivetrain/headingVelocity",0
40.249738,"/drivetrain/xAcceleration",0.1120000034570694
40.249743,"/drivetrain/yAcceleration",0.003000000026077032
40.249749,"/drivetrain/leftOutputLog",0
40.249753,"/drivetrain/rightOutputLog",-0
40.250432,"/intake/pos",0
40.25044,"/intake/output",0
40.250769,"/shooter/rpm",7240
40.250785,"/shooter/output",0.3554
40.25084,"/shooter/hasBall",true
40.250887,"/shooter/temperature",42
40.251103,"/climber/rightPos",0
40.252388,"/shooter/setpoint",9000
40.269153,"/drivetrain/leftPos",0
40.269171,"/drivetrain/leftVelocity",0
40.269188,"/drivetrain/rightPos",0
40.2692,"/drivetrain/rightVelocity",0
40.269241,"/drivetrain/heading",-2.3299999237060547
40.26925,"/drivetrain/headingVelocity",-0.0610351525247097
40.269256,"/drivetrain/xAcceleration",0.04899999871850014
40.269261,"/drivetrain/yAcceleration",-0.08100000023841858
40.269265,"/drivetrain/leftOutputLog",0
40.269269,"/drivetrain/rightOutputLog",-0
40.269459,"/intake/pos",0
40.269464,"/intake/output",0
40.269679,"/shooter/rpm",7240
40.269698,"/shooter/output",0.35700000000000004
40.26982,"/shooter/hasBall",true
40.269869,"/shooter/temperature",42
40.270032,"/climber/rightPos",0
40.271495,"/shooter/setpoint",9000
40.289727,"/drivetrain/leftPos",0
40.289745,"/drivetrain/leftVelocity",0
40.289761,"/drivetrain/rightPos",0
40.289773,"/drivetrain/rightVelocity",0
40.289822,"/drivetrain/heading",-2.3299999237060547
40.289832,"/drivetrain/headingVelocity",-0.0610351525247097
40.289838,"/drivetrain/xAcceleration",0.00800000037997961
40.289843,"/drivetrain/yAcceleration",0.017999999225139618
40.289849,"/drivetrain/leftOutputLog",0
40.289853,"/drivetrain/rightOutputLog",-0
40.290357,"/intake/pos",0
40.290364,"/intake/output",0
40.290678,"/shooter/rpm",7239
40.290697,"/shooter/output",0.3572
40.290755,"/shooter/hasBall",true
40.290822,"/shooter/temperature",42
40.290992,"/climber/rightPos",0
40.291827,"/shooter/setpoint",9000
40.31006,"/drivetrain/leftPos",0
40.31008,"/drivetrain/leftVelocity",0
40.310096,"/drivetrain/rightPos",0
40.310237,"/drivetrain/rightVelocity",0
40.310266,"/drivetrain/heading",-2.3299999237060547
40.310275,"/drivetrain/headingVelocity",0
40.310282,"/drivetrain/xAcceleration",0.0560000017285347
40.310287,"/drivetrain/yAcceleration",-0.004999999888241291
40.310291,"/drivetrain/leftOutputLog",0
40.310295,"/drivetrain/rightOutputLog",-0
40.310503,"/intake/pos",0
40.310509,"/intake/output",0
40.310823,"/shooter/rpm",7246
40.310843,"/shooter/output",0.3558
40.310903,"/shooter/hasBall",true
40.310943,"/shooter/temperature",42
40.311108,"/climber/rightPos",0
40.311842,"/shooter/setpoint",9000
40.329848,"/drivetrain/leftPos",0
40.329866,"/drivetrain/leftVelocity",0
40.329884,"/drivetrain/rightPos",0
40.329896,"/drivetrain/rightVelocity",0
40.329941,"/drivetrain/heading",-2.3299999237060547
40.32995,"/drivetrain/headingVelocity",0.1831054538488388
40.329957,"/drivetrain/xAcceleration",0.09700000286102295
40.329962,"/drivetrain/yAcceleration",0.008999999612569809
40.329967,"/drivetrain/leftOutputLog",0
40.329971,"/drivetrain/rightOutputLog",-0
40.330498,"/intake/pos",0
40.330504,"/intake/output",0
40.330756,"/shooter/rpm",7244
40.330776,"/shooter/output",0.3562
40.330855,"/shooter/hasBall",true
40.330901,"/shooter/temperature",42
40.331157,"/climber/rightPos",0
40.332015,"/shooter/setpoint",9000
40.349124,"/drivetrain/leftPos",0
40.349142,"/drivetrain/leftVelocity",0
40.349157,"/drivetrain/rightPos",0
40.349169,"/drivetrain/rightVelocity",0
40.349213,"/drivetrain/heading",-2.3299999237060547
40.349221,"/drivetrain/headingVelocity",0.0610351525247097
40.349227,"/drivetrain/xAcceleration",-0.023000000044703484
40.349232,"/drivetrain/yAcceleration",-0.0560000017285347
40.349236,"/drivetrain/leftOutputLog",0
40.34924,"/drivetrain/rightOutputLog",-0
40.349478,"/intake/pos",0
40.349484,"/intake/output",0
40.349806,"/shooter/rpm",7237
40.34983,"/shooter/output",0.35760000000000003
40.349881,"/shooter/hasBall",true
40.349906,"/shooter/temperature",42
40.350063,"/climber/rightPos",0
40.352198,"/shooter/setpoint",9000
40.369319,"/drivetrain/leftPos",0
40.369337,"/drivetrain/leftVelocity",0
40.369354,"/drivetrain/rightPos",0
40.369366,"/drivetrain/rightVelocity",0
40.36942,"/drivetrain/heading",-2.3399999141693115
40.36943,"/drivetrain/headingVelocity",0.1220703050494194
40.369436,"/drivetrain/xAcceleration",0.04500000178813934
40.369442,"/drivetrain/yAcceleration",-0.01600000075995922
40.369446,"/drivetrain/leftOutputLog",0
40.36945,"/drivetrain/rightOutputLog",-0
40.369973,"/intake/pos",0
40.369995,"/intake/output",0
40.37055,"/shooter/rpm",7238
40.370569,"/shooter/output",0.3574
40.370624,"/shooter/hasBall",true
40.370662,"/shooter/temperature",42
40.370853,"/climber/rightPos",0
40.37176,"/shooter/setpoint",9000
40.389359,"/drivetrain/leftPos",0
40.389378,"/drivetrain/leftVelocity",0
40.389394,"/drivetrain/rightPos",0
40.389406,"/drivetrain/rightVelocity",0
40.389461,"/drivetrain/heading",-2.3399999141693115
40.38947,"/drivetrain/headingVelocity",0.30517578125
40.389476,"/drivetrain/xAcceleration",-0.004000000189989805
40.389481,"/drivetrain/yAcceleration",-0.07000000029802322
40.389486,"/drivetrain/leftOutputLog",0
40.38949,"/drivetrain/rightOutputLog",-0
40.3898,"/intake/pos",0
40.389971,"/intake/output",0
40.3904,"/shooter/rpm",7234
40.390419,"/shooter/output",0.3574
40.390475,"/shooter/hasBall",true
40.3905,"/shooter/temperature",42
40.390738,"/climber/rightPos",0
40.391551,"/shooter/setpoint",9000
40.410131,"/drivetrain/leftPos",0
40.410154,"/drivetrain/leftVelocity",0
40.410172,"/drivetrain/rightPos",0
40.410184,"/drivetrain/rightVelocity",0
40.410226,"/drivetrain/heading",-2.3499999046325684
40.410235,"/drivetrain/headingVelocity",0.1220703050494194
40.410241,"/drivetrain/xAcceleration",-0.02500000037252903
40.410246,"/drivetrain/yAcceleration",0.1889999955892563
40.410251,"/drivetrain/leftOutputLog",0
40.410255,"/drivetrain/rightOutputLog",-0
40.410587,"/intake/pos",0
40.410593,"/intake/output",0
40.410797,"/shooter/rpm",7235
40.410818,"/shooter/output",0.3582
40.410871,"/shooter/hasBall",true
40.410896,"/shooter/temperature",42
40.411063,"/climber/rightPos",0
40.411804,"/shooter/setpoint",9000
40.429101,"/drivetrain/leftPos",0
40.429118,"/drivetrain/leftVelocity",0
40.429133,"/drivetrain/rightPos",0
40.429144,"/drivetrain/rightVelocity",0
40.429184,"/drivetrain/heading",-2.3499999046325684
40.429193,"/drivetrain/headingVelocity",0.2441406100988388
40.429198,"/drivetrain/xAcceleration",-0.04100000113248825
40.429203,"/drivetrain/yAcceleration",-0.006000000052154064
40.429208,"/drivetrain/leftOutputLog",0
40.429212,"/drivetrain/rightOutputLog",-0
40.429409,"/intake/pos",0
40.429415,"/intake/output",0
40.429599,"/shooter/rpm",7235
40.429621,"/shooter/output",0.35800000000000004
40.429655,"/shooter/hasBall",true
40.429757,"/shooter/temperature",42
40.429925,"/climber/rightPos",0
40.430784,"/shooter/setpoint",9000
40.449136,"/drivetrain/leftPos",0
40.449152,"/drivetrain/leftVelocity",0
40.449167,"/drivetrain/rightPos",0
40.449178,"/drivetrain/rightVelocity",0
40.449219,"/drivetrain/heading",-2.3499999046325684
40.449228,"/drivetrain/headingVelocity",0.0610351525247097
40.449234,"/drivetrain/xAcceleration",-0.0729999989271164
40.449239,"/drivetrain/yAcceleration",-0.02500000037252903
40.449243,"/drivetrain/leftOutputLog",0
40.449247,"/drivetrain/rightOutputLog",-0
40.449441,"/intake/pos",0
40.449446,"/intake/output",0
40.449634,"/shooter/rpm",7243
40.449655,"/shooter/output",0.3564
40.449706,"/shooter/hasBall",true
40.449757,"/shooter/temperature",42
40.450484,"/climber/rightPos",0
40.45204,"/shooter/setpoint",9000
40.469715,"/drivetrain/leftPos",0
40.469735,"/drivetrain/leftVelocity",0
40.469751,"/drivetrain/rightPos",0
40.469763,"/drivetrain/rightVelocity",0
40.469907,"/drivetrain/heading",-2.3499999046325684
40.469918,"/drivetrain/headingVelocity",-0.30517578125
40.469924,"/drivetrain/xAcceleration",0.05400000140070915
40.46993,"/drivetrain/yAcceleration",0.17399999499320984
40.469935,"/drivetrain/leftOutputLog",0
40.469938,"/drivetrain/rightOutputLog",-0
40.470455,"/intake/pos",0
40.47046,"/intake/output",0
40.470661,"/shooter/rpm",7243
40.470678,"/shooter/output",0.3564
40.470711,"/shooter/hasBall",true
40.470755,"/shooter/temperature",42
40.47099,"/climber/rightPos",0
40.471716,"/shooter/setpoint",9000
40.49002,"/drivetrain/leftPos",0
40.490237,"/drivetrain/leftVelocity",0
40.490378,"/drivetrain/rightPos",0
40.490396,"/drivetrain/rightVelocity",0
40.490433,"/drivetrain/heading",-2.3399999141693115
40.490442,"/drivetrain/headingVelocity",-0.4272460639476776
40.490448,"/drivetrain/xAcceleration",0.08100000023841858
40.490453,"/drivetrain/yAcceleration",-0.08799999952316284
40.490458,"/drivetrain/leftOutputLog",0
40.490462,"/drivetrain/rightOutputLog",-0
40.490677,"/intake/pos",0
40.490682,"/intake/output",0
40.49088,"/shooter/rpm",7248
40.4909,"/shooter/output",0.3564
40.491003,"/shooter/hasBall",true
40.491058,"/shooter/temperature",42
40.491264,"/climber/rightPos",0
40.492183,"/shooter/setpoint",9000
40.510964,"/drivetrain/leftPos",0
40.511011,"/drivetrain/leftVelocity",0
40.511029,"/drivetrain/rightPos",0
40.511041,"/drivetrain/rightVelocity",0
40.511071,"/drivetrain/heading",-2.3499999046325684
40.511081,"/drivetrain/headingVelocity",0.1831054538488388
40.511087,"/drivetrain/xAcceleration",-0.10899999737739563
40.511092,"/drivetrain/yAcceleration",-0.04800000041723251
40.511097,"/drivetrain/leftOutputLog",0
40.511101,"/drivetrain/rightOutputLog",-0
40.511348,"/intake/pos",0
40.511353,"/intake/output",0
40.511587,"/shooter/rpm",7250
40.511609,"/shooter/output",0.3554
40.511661,"/shooter/hasBall",true
40.511705,"/shooter/temperature",42
40.511871,"/climber/rightPos",0
40.512723,"/shooter/setpoint",9000
40.529289,"/drivetrain/leftPos",0
40.529309,"/drivetrain/leftVelocity",0
40.529325,"/drivetrain/rightPos",0
40.529338,"/drivetrain/rightVelocity",0
40.529397,"/drivetrain/heading",-2.3399999141693115
40.529408,"/drivetrain/headingVelocity",-0.4272460639476776
40.529415,"/drivetrain/xAcceleration",0.06599999964237213
40.52942,"/drivetrain/yAcceleration",-0.16200000047683716
40.529426,"/drivetrain/leftOutputLog",0
40.52943,"/drivetrain/rightOutputLog",-0
40.529861,"/intake/pos",0
40.529867,"/intake/output",0
40.530149,"/shooter/rpm",7250
40.530175,"/shooter/output",0.35500000000000004
40.530214,"/shooter/hasBall",true
40.530261,"/shooter/temperature",42
40.530734,"/climber/rightPos",0
40.531663,"/shooter/setpoint",9000
40.549922,"/drivetrain/leftPos",0
40.549944,"/drivetrain/leftVelocity",0
40.550474,"/drivetrain/rightPos",0
40.550661,"/drivetrain/rightVelocity",0
40.550698,"/drivetrain/heading",-2.3299999237060547
40.550707,"/drivetrain/headingVelocity",-0.4882812201976776
40.550713,"/drivetrain/xAcceleration",0.06300000101327896
40.550718,"/drivetrain/yAcceleration",-0.14300000667572021
40.550723,"/drivetrain/leftOutputLog",0
40.550726,"/drivetrain/rightOutputLog",-0
40.550938,"/intake/pos",0
40.550944,"/intake/output",0
40.551164,"/shooter/rpm",7238
40.551228,"/shooter/output",0.3572
40.551281,"/shooter/hasBall",true
40.55132,"/shooter/temperature",42
40.551486,"/climber/rightPos",0
40.552389,"/shooter/setpoint",9000
40.569806,"/drivetrain/leftPos",0
40.569839,"/drivetrain/leftVelocity",0
40.569856,"/drivetrain/rightPos",0
40.569869,"/drivetrain/rightVelocity",0
40.569993,"/drivetrain/heading",-2.3299999237060547
40.570003,"/drivetrain/headingVelocity",0
40.570009,"/drivetrain/xAcceleration",-0.0430000014603138
40.570014,"/drivetrain/yAcceleration",-0.06300000101327896
40.570019,"/drivetrain/leftOutputLog",0
40.570023,"/drivetrain/rightOutputLog",-0
40.570325,"/intake/pos",0
40.57033,"/intake/output",0
40.570578,"/shooter/rpm",7238
40.570599,"/shooter/output",0.3574
40.570631,"/shooter/hasBall",true
40.570656,"/shooter/temperature",42
40.570809,"/climber/rightPos",0
40.571568,"/shooter/setpoint",9000
40.589623,"/drivetrain/leftPos",0
40.589643,"/drivetrain/leftVelocity",0
40.589659,"/drivetrain/rightPos",0
40.58967,"/drivetrain/rightVelocity",0
40.589705,"/drivetrain/heading",-2.319999933242798
40.589713,"/drivetrain/headingVelocity",-0.4882812201976776
40.589719,"/drivetrain/xAcceleration",0.06800000369548798
40.589724,"/drivetrain/yAcceleration",-0.07900000363588333
40.589729,"/drivetrain/leftOutputLog",0
40.589733,"/drivetrain/rightOutputLog",-0
40.589985,"/intake/pos",0
40.58999,"/intake/output",0
40.590178,"/shooter/rpm",7243
40.590199,"/shooter/output",0.3564
40.590253,"/shooter/hasBall",true
40.590289,"/shooter/temperature",42
40.590506,"/climber/rightPos",0
40.59145,"/shooter/setpoint",9000
40.609695,"/drivetrain/leftPos",0
40.609712,"/drivetrain/leftVelocity",0
40.609727,"/drivetrain/rightPos",0
40.609738,"/drivetrain/rightVelocity",0
40.609772,"/drivetrain/heading",-2.309999942779541
40.609781,"/drivetrain/headingVelocity",-0.54931640625
40.609786,"/drivetrain/xAcceleration",0
40.609791,"/drivetrain/yAcceleration",-0.04399999976158142
40.609796,"/drivetrain/leftOutputLog",0
40.6098,"/drivetrain/rightOutputLog",-0
40.609986,"/intake/pos",0
40.609991,"/intake/output",0
40.610203,"/shooter/rpm",7236
40.610265,"/shooter/output",0.3578
40.610321,"/shooter/hasBall",true
40.610347,"/shooter/temperature",42
40.610573,"/climber/rightPos",0
40.611304,"/shooter/setpoint",9000
40.629867,"/drivetrain/leftPos",0
40.629884,"/drivetrain/leftVelocity",0
40.6299,"/drivetrain/rightPos",0
40.629911,"/drivetrain/rightVelocity",0
40.629951,"/drivetrain/heading",-2.309999942779541
40.62996,"/drivetrain/headingVelocity",0
40.629966,"/drivetrain/xAcceleration",0.04899999871850014
40.629971,"/drivetrain/yAcceleration",0.14399999380111694
40.629976,"/drivetrain/leftOutputLog",0
40.62998,"/drivetrain/rightOutputLog",-0
40.630206,"/intake/pos",0
40.630265,"/intake/output",0
40.630437,"/shooter/rpm",7235
40.630457,"/shooter/output",0.35800000000000004
40.630503,"/shooter/hasBall",true
40.630528,"/shooter/temperature",42
40.630693,"/climber/rightPos",0
40.631567,"/shooter/setpoint",9000
40.649361,"/drivetrain/leftPos",0
40.649379,"/drivetrain/leftVelocity",0
40.649393,"/drivetrain/rightPos",0
40.649405,"/drivetrain/rightVelocity",0
40.649454,"/drivetrain/heading",-2.299999952316284
40.649464,"/drivetrain/headingVelocity",-0.30517578125
40.64947,"/drivetrain/xAcceleration",-0.09099999815225601
40.649475,"/drivetrain/yAcceleration",-0.1289999932050705
40.64948,"/drivetrain/leftOutputLog",0
40.649484,"/drivetrain/rightOutputLog",-0
40.649856,"/intake/pos",0
40.649862,"/intake/output",0
40.650188,"/shooter/rpm",7242
40.650212,"/shooter/output",0.35660000000000003
40.65027,"/shooter/hasBall",true
40.650351,"/shooter/temperature",42
40.650736,"/climber/rightPos",0
40.651639,"/shooter/setpoint",9000
40.670672,"/drivetrain/leftPos",0
40.670689,"/drivetrain/leftVelocity",0
40.670705,"/drivetrain/rightPos",0
40.670716,"/drivetrain/rightVelocity",0
40.670746,"/drivetrain/heading",-2.309999942779541
40.670754,"/drivetrain/headingVelocity",0
40.67076,"/drivetrain/xAcceleration",-0.0820000022649765
40.670765,"/drivetrain/yAcceleration",-0.12600000202655792
40.67077,"/drivetrain/leftOutputLog",0
40.670774,"/drivetrain/rightOutputLog",-0
40.670989,"/intake/pos",0
40.670994,"/intake/output",0
40.671198,"/shooter/rpm",7236
40.671219,"/shooter/output",0.3564
40.671269,"/shooter/hasBall",true
40.671315,"/shooter/temperature",42
40.671501,"/climber/rightPos",0
40.672264,"/shooter/setpoint",9000
40.689408,"/drivetrain/leftPos",0
40.689426,"/drivetrain/leftVelocity",0
40.689442,"/drivetrain/rightPos",0
40.689455,"/drivetrain/rightVelocity",0
40.689507,"/drivetrain/heading",-2.309999942779541
40.689516,"/drivetrain/headingVelocity",0.1831054538488388
40.689522,"/drivetrain/xAcceleration",0.0860000029206276
40.689527,"/drivetrain/yAcceleration",0.07500000298023224
40.689532,"/drivetrain/leftOutputLog",0
40.689536,"/drivetrain/rightOutputLog",-0
40.689819,"/intake/pos",0
40.689971,"/intake/output",0
40.690393,"/shooter/rpm",7236
40.690412,"/shooter/output",0.3578
40.690449,"/shooter/hasBall",true
40.690556,"/shooter/temperature",42
40.690736,"/climber/rightPos",0
40.691528,"/shooter/setpoint",9000
40.710008,"/drivetrain/leftPos",0
40.710027,"/drivetrain/leftVelocity",0
40.710043,"/drivetrain/rightPos",0
40.710055,"/drivetrain/rightVelocity",0
40.710089,"/drivetrain/heading",-2.309999942779541
40.710098,"/drivetrain/headingVelocity",0.1831054538488388
40.710104,"/drivetrain/xAcceleration",-0.09099999815225601
40.710223,"/drivetrain/yAcceleration",-0.08500000089406967
40.71023,"/drivetrain/leftOutputLog",0
40.710234,"/drivetrain/rightOutputLog",-0
40.710468,"/intake/pos",0
40.710473,"/intake/output",0
40.710757,"/shooter/rpm",7237
40.710781,"/shooter/output",0.35760000000000003
40.710835,"/shooter/hasBall",true
40.710886,"/shooter/temperature",42
40.711065,"/climber/rightPos",0
40.71205,"/shooter/setpoint",9000
40.729283,"/drivetrain/leftPos",0
40.729311,"/drivetrain/leftVelocity",0
40.729329,"/drivetrain/rightPos",0
40.729342,"/drivetrain/rightVelocity",0
40.729392,"/drivetrain/heading",-2.319999933242798
40.729403,"/drivetrain/headingVelocity",0.1831054538488388
40.729409,"/drivetrain/xAcceleration",-0.06700000166893005
40.729414,"/drivetrain/yAcceleration",0.06599999964237213
40.729419,"/drivetrain/leftOutputLog",0
40.729423,"/drivetrain/rightOutputLog",-0
40.730233,"/intake/pos",0
40.73024,"/intake/output",0
40.730466,"/shooter/rpm",7243
40.730484,"/shooter/output",0.3564
40.730582,"/shooter/hasBall",true
40.730644,"/shooter/temperature",42
40.730901,"/climber/rightPos",0
40.731846,"/shooter/setpoint",9000
40.749172,"/drivetrain/leftPos",0
40.74919,"/drivetrain/leftVelocity",0
40.749205,"/drivetrain/rightPos",0
40.749217,"/drivetrain/rightVelocity",0
40.749266,"/drivetrain/heading",-2.319999933242798
40.749276,"/drivetrain/headingVelocity",0.0610351525247097
40.749282,"/drivetrain/xAcceleration",0.027000000700354576
40.749287,"/drivetrain/yAcceleration",-0.03099999949336052
40.749291,"/drivetrain/leftOutputLog",0
40.749295,"/drivetrain/rightOutputLog",-0
40.749489,"/intake/pos",0
40.749495,"/intake/output",0
40.749675,"/shooter/rpm",7233
40.749695,"/shooter/output",0.3564
40.749802,"/shooter/hasBall",true
40.749852,"/shooter/temperature",42
40.75049,"/climber/rightPos",0
40.751869,"/shooter/setpoint",9000
40.770629,"/drivetrain/leftPos",0
40.770648,"/drivetrain/leftVelocity",0
40.770666,"/drivetrain/rightPos",0
40.770679,"/drivetrain/rightVelocity",0
40.770731,"/drivetrain/heading",-2.319999933242798
40.770741,"/drivetrain/headingVelocity",0.2441406100988388
40.770748,"/drivetrain/xAcceleration",0.024000000208616257
40.770753,"/drivetrain/yAcceleration",0.12399999797344208
40.770758,"/drivetrain/leftOutputLog",0
40.770762,"/drivetrain/rightOutputLog",-0
40.771176,"/intake/pos",0
40.771181,"/intake/output",0
40.771606,"/shooter/rpm",7233
40.771623,"/shooter/output",0.3584
40.771659,"/shooter/hasBall",true
40.771704,"/shooter/temperature",42
40.771889,"/climber/rightPos",0
40.772807,"/shooter/setpoint",9000
40.789618,"/drivetrain/leftPos",0
40.789635,"/drivetrain/leftVelocity",0
40.78965,"/drivetrain/rightPos",0
40.789661,"/drivetrain/rightVelocity",0
40.78971,"/drivetrain/heading",-2.3299999237060547
40.789719,"/drivetrain/headingVelocity",0.0610351525247097
40.789725,"/drivetrain/xAcceleration",0.09000000357627869
40.78973,"/drivetrain/yAcceleration",-0.07800000160932541
40.789735,"/drivetrain/leftOutputLog",0
40.789739,"/drivetrain/rightOutputLog",-0
40.790176,"/intake/pos",0
40.790182,"/intake/output",0
40.790408,"/shooter/rpm",7240
40.790426,"/shooter/output",0.35700000000000004
40.790474,"/shooter/hasBall",true
40.790498,"/shooter/temperature",42
40.79069,"/climber/rightPos",0
40.792235,"/shooter/setpoint",9000
40.809116,"/drivetrain/leftPos",0
40.809134,"/drivetrain/leftVelocity",0
40.809151,"/drivetrain/rightPos",0
40.809163,"/drivetrain/rightVelocity",0
40.809207,"/drivetrain/heading",-2.3299999237060547
40.809216,"/drivetrain/headingVelocity",0
40.809222,"/drivetrain/xAcceleration",-0.06700000166893005
40.809227,"/drivetrain/yAcceleration",-0.03400000184774399
40.809232,"/drivetrain/leftOutputLog",0
40.809235,"/drivetrain/rightOutputLog",-0
40.809439,"/intake/pos",0
40.809444,"/intake/output",0
40.809655,"/shooter/rpm",7236
40.809714,"/shooter/output",0.35700000000000004
40.80976,"/shooter/hasBall",true
40.809798,"/shooter/temperature",42
40.809963,"/climber/rightPos",0
40.810769,"/shooter/setpoint",9000
40.829108,"/drivetrain/leftPos",0
40.829127,"/drivetrain/leftVelocity",0
40.829143,"/drivetrain/rightPos",0
40.829154,"/drivetrain/rightVelocity",0
40.8292,"/drivetrain/heading",-2.3299999237060547
40.829209,"/drivetrain/headingVelocity",0
40.829214,"/drivetrain/xAcceleration",0.08799999952316284
40.829219,"/drivetrain/yAcceleration",-0.04600000008940697
40.829224,"/drivetrain/leftOutputLog",0
40.829228,"/drivetrain/rightOutputLog",-0
40.829424,"/intake/pos",0
40.829428,"/intake/output",0
40.82961,"/shooter/rpm",7241
40.829632,"/shooter/output",0.3578
40.829794,"/shooter/hasBall",true
40.829836,"/shooter/temperature",42
40.830287,"/climber/rightPos",0
40.832188,"/shooter/setpoint",9000
40.849158,"/drivetrain/leftPos",0
40.849176,"/drivetrain/leftVelocity",0
40.849192,"/drivetrain/rightPos",0
40.849204,"/drivetrain/rightVelocity",0
40.849244,"/drivetrain/heading",-2.3299999237060547
40.849253,"/drivetrain/headingVelocity",0
40.84926,"/drivetrain/xAcceleration",0.028999999165534973
40.849265,"/drivetrain/yAcceleration",-0.014000000432133675
40.849269,"/drivetrain/leftOutputLog",0
40.849273,"/drivetrain/rightOutputLog",-0
40.849467,"/intake/pos",0
40.849471,"/intake/output",0
40.849714,"/shooter/rpm",7244
40.849736,"/shooter/output",0.3568
40.849786,"/shooter/hasBall",true
40.849813,"/shooter/temperature",42
40.849982,"/climber/rightPos",0
40.851591,"/shooter/setpoint",9000
40.870169,"/drivetrain/leftPos",0
40.870192,"/drivetrain/leftVelocity",0
40.870209,"/drivetrain/rightPos",0
40.870221,"/drivetrain/rightVelocity",0
40.870256,"/drivetrain/heading",-2.319999933242798
40.870265,"/drivetrain/headingVelocity",-0.1220703050494194
40.87027,"/drivetrain/xAcceleration",-0.06199999898672104
40.870275,"/drivetrain/yAcceleration",0.03400000184774399
40.87028,"/drivetrain/leftOutputLog",0
40.870284,"/drivetrain/rightOutputLog",-0
40.870566,"/intake/pos",0
40.870571,"/intake/output",0
40.87092,"/shooter/rpm",7232
40.870944,"/shooter/output",0.3562
40.870994,"/shooter/hasBall",true
40.871019,"/shooter/temperature",42
40.871192,"/climber/rightPos",0
40.871938,"/shooter/setpoint",9000
40.889116,"/drivetrain/leftPos",0
40.889262,"/drivetrain/leftVelocity",0
40.889284,"/drivetrain/rightPos",0
40.889297,"/drivetrain/rightVelocity",0
40.889349,"/drivetrain/heading",-2.319999933242798
40.889613,"/drivetrain/headingVelocity",0
40.889623,"/drivetrain/xAcceleration",0.0430000014603138
40.889629,"/drivetrain/yAcceleration",0.013000000268220901
40.889634,"/drivetrain/leftOutputLog",0
40.889638,"/drivetrain/rightOutputLog",-0
40.890201,"/intake/pos",0
40.890207,"/intake/output",0
40.890671,"/shooter/rpm",7232
40.890689,"/shooter/output",0.35860000000000003
40.890724,"/shooter/hasBall",true
40.890775,"/shooter/temperature",42
40.890952,"/climber/rightPos",0
40.891939,"/shooter/setpoint",9000
40.909357,"/drivetrain/leftPos",0
40.909375,"/drivetrain/leftVelocity",0
40.90939,"/drivetrain/rightPos",0
40.909569,"/drivetrain/rightVelocity",0
40.909622,"/drivetrain/heading",-2.319999933242798
40.909632,"/drivetrain/headingVelocity",0
40.909638,"/drivetrain/xAcceleration",-0.02800000086426735
40.909855,"/drivetrain/yAcceleration",-0.007000000216066837
40.90986,"/drivetrain/leftOutputLog",0
40.909865,"/drivetrain/rightOutputLog",-0
40.910085,"/intake/pos",0
40.910089,"/intake/output",0
40.910325,"/shooter/rpm",7232
40.910346,"/shooter/output",0.35860000000000003
40.910379,"/shooter/hasBall",true
40.910427,"/shooter/temperature",42
40.910607,"/climber/rightPos",0
40.911373,"/shooter/setpoint",9000
40.929098,"/drivetrain/leftPos",0
40.929116,"/drivetrain/leftVelocity",0
40.929134,"/drivetrain/rightPos",0
40.929146,"/drivetrain/rightVelocity",0
40.929195,"/drivetrain/heading",-2.319999933242798
40.929204,"/drivetrain/headingVelocity",-0.1831054538488388
40.92921,"/drivetrain/xAcceleration",0.014000000432133675
40.929215,"/drivetrain/yAcceleration",0.2240000069141388
40.929226,"/drivetrain/leftOutputLog",0
40.92923,"/drivetrain/rightOutputLog",-0
40.929526,"/intake/pos",0
40.929769,"/intake/output",0
40.930139,"/shooter/rpm",7235
40.93017,"/shooter/output",0.35860000000000003
40.930229,"/shooter/hasBall",true
40.930279,"/shooter/temperature",42
40.930507,"/climber/rightPos",0
40.931508,"/shooter/setpoint",9000
40.949513,"/drivetrain/leftPos",0
40.949532,"/drivetrain/leftVelocity",0
40.949549,"/drivetrain/rightPos",0
40.94956,"/drivetrain/rightVelocity",0
40.949598,"/drivetrain/heading",-2.319999933242798
40.949607,"/drivetrain/headingVelocity",0
40.949612,"/drivetrain/xAcceleration",-0.03700000047683716
40.949617,"/drivetrain/yAcceleration",-0.08299999684095383
40.949622,"/drivetrain/leftOutputLog",0
40.949626,"/drivetrain/rightOutputLog",-0
40.949828,"/intake/pos",0
40.949834,"/intake/output",0
40.950025,"/shooter/rpm",7234
40.950047,"/shooter/output",0.35800000000000004
40.950093,"/shooter/hasBall",true
40.950137,"/shooter/temperature",42
40.95031,"/climber/rightPos",0
40.951158,"/shooter/setpoint",9000
40.96915,"/drivetrain/leftPos",0
40.969168,"/drivetrain/leftVelocity",0
40.969184,"/drivetrain/rightPos",0
40.969205,"/drivetrain/rightVelocity",0
40.969248,"/drivetrain/heading",-2.319999933242798
40.969257,"/drivetrain/headingVelocity",0.1220703050494194
40.969262,"/drivetrain/xAcceleration",-0.06700000166893005
40.969267,"/drivetrain/yAcceleration",-0.14100000262260437
40.969272,"/drivetrain/leftOutputLog",0
40.969276,"/drivetrain/rightOutputLog",-0
40.969477,"/intake/pos",0
40.969481,"/intake/output",0
40.969716,"/shooter/rpm",7234
40.969737,"/shooter/output",0.3582
40.969768,"/shooter/hasBall",true
40.969812,"/shooter/temperature",42
40.969966,"/climber/rightPos",0
40.970707,"/shooter/setpoint",9000
40.990004,"/drivetrain/leftPos",0
40.990023,"/drivetrain/leftVelocity",0
40.990041,"/drivetrain/rightPos",0
40.990053,"/drivetrain/rightVelocity",0
40.990091,"/drivetrain/heading",-2.319999933242798
40.990102,"/drivetrain/headingVelocity",-0.1220703050494194
40.990108,"/drivetrain/xAcceleration",0.032999999821186066
40.990113,"/drivetrain/yAcceleration",0.03999999910593033
40.990118,"/drivetrain/leftOutputLog",0
40.990122,"/drivetrain/rightOutputLog",-0
40.990421,"/intake/pos",0
40.990428,"/intake/output",0
40.990687,"/shooter/rpm",7243
40.990712,"/shooter/output",0.3564
40.99077,"/shooter/hasBall",true
40.99081,"/shooter/temperature",42
40.991062,"/climber/rightPos",0
40.991937,"/shooter/setpoint",9000
41.010063,"/drivetrain/leftPos",0
41.010079,"/drivetrain/leftVelocity",0
41.010094,"/drivetrain/rightPos",0
41.010105,"/drivetrain/rightVelocity",0
41.010137,"/drivetrain/heading",-2.319999933242798
41.010146,"/drivetrain/headingVelocity",-0.0610351525247097
41.010152,"/drivetrain/xAcceleration",0.0729999989271164
41.010157,"/drivetrain/yAcceleration",-0.16300000250339508
41.010161,"/drivetrain/leftOutputLog",0
41.010165,"/drivetrain/rightOutputLog",-0
41.010376,"/intake/pos",0
41.010382,"/intake/output",0
41.010696,"/shooter/rpm",7235
41.010718,"/shooter/output",0.3564
41.010776,"/shooter/hasBall",true
41.010823,"/shooter/temperature",42
41.011723,"/climber/rightPos",0
41.012748,"/shooter/setpoint",9000
41.0299,"/drivetrain/leftPos",0
41.029922,"/drivetrain/leftVelocity",0
41.029939,"/drivetrain/rightPos",0
41.029951,"/drivetrain/rightVelocity",0
41.030004,"/drivetrain/heading",-2.319999933242798
41.030014,"/drivetrain/headingVelocity",-0.2441406100988388
41.03002,"/drivetrain/xAcceleration",0.11900000274181366
41.030025,"/drivetrain/yAcceleration",-0.29600000381469727
41.03003,"/drivetrain/leftOutputLog",0
41.030034,"/drivetrain/rightOutputLog",-0
41.030247,"/intake/pos",0
41.030253,"/intake/output",0
41.030545,"/shooter/rpm",7236
41.03057,"/shooter/output",0.35800000000000004
41.030715,"/shooter/hasBall",true
41.030843,"/shooter/temperature",42
41.031034,"/climber/rightPos",0
41.031789,"/shooter/setpoint",9000
41.049538,"/drivetrain/leftPos",0
41.049554,"/drivetrain/leftVelocity",0
41.049569,"/drivetrain/rightPos",0
41.049581,"/drivetrain/rightVelocity",0
41.049613,"/drivetrain/heading",-2.3299999237060547
41.049621,"/drivetrain/headingVelocity",0.3662109076976776
41.049627,"/drivetrain/xAcceleration",-0.07800000160932541
41.049632,"/drivetrain/yAcceleration",-0.10899999737739563
41.049637,"/drivetrain/leftOutputLog",0
41.049641,"/drivetrain/rightOutputLog",-0
41.049849,"/intake/pos",0
41.049854,"/intake/output",0
41.050055,"/shooter/rpm",7243
41.050059,"/shooter/output",0.3578
41.050102,"/shooter/hasBall",true
41.050138,"/shooter/temperature",42
41.050327,"/climber/rightPos",0
41.051231,"/shooter/setpoint",9000
41.070254,"/drivetrain/leftPos",0
41.070275,"/drivetrain/leftVelocity",0
41.070292,"/drivetrain/rightPos",0
41.070304,"/drivetrain/rightVelocity",0
41.070335,"/drivetrain/heading",-2.3299999237060547
41.070344,"/drivetrain/headingVelocity",-0.1831054538488388
41.07035,"/drivetrain/xAcceleration",0.04600000008940697
41.070356,"/drivetrain/yAcceleration",-0.11999999731779099
41.070361,"/drivetrain/leftOutputLog",0
41.070365,"/drivetrain/rightOutputLog",-0
41.070565,"/intake/pos",0
41.07057,"/intake/output",0
41.070797,"/shooter/rpm",7235
41.0708,"/shooter/output",0.3564
41.070843,"/shooter/hasBall",true
41.070871,"/shooter/temperature",42
41.071013,"/climber/rightPos",0
41.071866,"/shooter/setpoint",9000
41.08924,"/drivetrain/leftPos",0
41.089256,"/drivetrain/leftVelocity",0
41.08927,"/drivetrain/rightPos",0
41.089282,"/drivetrain/rightVelocity",0
41.089325,"/drivetrain/heading",-2.3299999237060547
41.089334,"/drivetrain/headingVelocity",-0.2441406100988388
41.08934,"/drivetrain/xAcceleration",0.017999999225139618
41.089345,"/drivetrain/yAcceleration",-0.02800000086426735
41.089349,"/drivetrain/leftOutputLog",0
41.089353,"/drivetrain/rightOutputLog",-0
41.089623,"/intake/pos",0
41.089629,"/intake/output",0
41.090161,"/shooter/rpm",7236
41.090165,"/shooter/output",0.35800000000000004
41.090215,"/shooter/hasBall",true
41.09024,"/shooter/temperature",42
41.090488,"/climber/rightPos",0
41.091634,"/shooter/setpoint",9000
41.109479,"/drivetrain/leftPos",0
41.109497,"/drivetrain/leftVelocity",0
41.109512,"/drivetrain/rightPos",0
41.109523,"/drivetrain/rightVelocity",0
41.109555,"/drivetrain/heading",-2.3299999237060547
41.109563,"/drivetrain/headingVelocity",0.0610351525247097
41.109568,"/drivetrain/xAcceleration",0.09600000083446503
41.109573,"/drivetrain/yAcceleration",0.1589999943971634
41.109578,"/drivetrain/leftOutputLog",0
41.109582,"/drivetrain/rightOutputLog",-0
41.109797,"/intake/pos",0
41.109802,"/intake/output",0
41.110045,"/shooter/rpm",7244
41.110048,"/shooter/output",0.3578
41.110099,"/shooter/hasBall",true
41.110122,"/shooter/temperature",42
41.110297,"/climber/rightPos",0
41.111065,"/shooter/setpoint",9000
41.12934,"/drivetrain/leftPos",0
41.129358,"/drivetrain/leftVelocity",0
41.129376,"/drivetrain/rightPos",0
41.129388,"/drivetrain/rightVelocity",0
41.129434,"/drivetrain/heading",-2.319999933242798
41.129444,"/drivetrain/headingVelocity",-0.30517578125
41.129451,"/drivetrain/xAcceleration",-0.09000000357627869
41.129456,"/drivetrain/yAcceleration",-0.0560000017285347
41.129461,"/drivetrain/leftOutputLog",0
41.129465,"/drivetrain/rightOutputLog",-0
41.129817,"/intake/pos",0
41.129822,"/intake/output",0
41.130122,"/shooter/rpm",7244
41.130126,"/shooter/output",0.3562
41.130153,"/shooter/hasBall",true
41.130244,"/shooter/temperature",42
41.130463,"/climber/rightPos",0
41.131224,"/shooter/setpoint",9000
41.149259,"/drivetrain/leftPos",0
41.149278,"/drivetrain/leftVelocity",0
41.149293,"/drivetrain/rightPos",0
41.149305,"/drivetrain/rightVelocity",0
41.149355,"/drivetrain/heading",-2.319999933242798
41.149364,"/drivetrain/headingVelocity",-0.1831054538488388
41.149371,"/drivetrain/xAcceleration",-0.06700000166893005
41.149376,"/drivetrain/yAcceleration",0.003000000026077032
41.149382,"/drivetrain/leftOutputLog",0
41.149385,"/drivetrain/rightOutputLog",-0
41.149791,"/intake/pos",0
41.149797,"/intake/output",0
41.150194,"/shooter/rpm",7240
41.150198,"/shooter/output",0.3562
41.150248,"/shooter/hasBall",true
41.15029,"/shooter/temperature",42
41.150835,"/climber/rightPos",0
41.151566,"/shooter/setpoint",9000
41.169403,"/drivetrain/leftPos",0
41.169424,"/drivetrain/leftVelocity",0
41.169442,"/drivetrain/rightPos",0
41.169454,"/drivetrain/rightVelocity",0
41.169488,"/drivetrain/heading",-2.319999933242798
41.169499,"/drivetrain/headingVelocity",0
41.169505,"/drivetrain/xAcceleration",0.13099999725818634
41.16951,"/drivetrain/yAcceleration",0.09200000017881393
41.169516,"/drivetrain/leftOutputLog",0
41.16952,"/drivetrain/rightOutputLog",-0
41.169766,"/intake/pos",0
41.169771,"/intake/output",0
41.169999,"/shooter/rpm",7242
41.170003,"/shooter/output",0.35700000000000004
41.170046,"/shooter/hasBall",true
41.170085,"/shooter/temperature",42
41.170332,"/climber/rightPos",0
41.171294,"/shooter/setpoint",9000
41.189389,"/drivetrain/leftPos",0
41.189406,"/drivetrain/leftVelocity",0
41.189423,"/drivetrain/rightPos",0
41.189435,"/drivetrain/rightVelocity",0
41.189927,"/drivetrain/heading",-2.319999933242798
41.189939,"/drivetrain/headingVelocity",0
41.189945,"/drivetrain/xAcceleration",0.06599999964237213
41.189951,"/drivetrain/yAcceleration",0.035999998450279236
41.189956,"/drivetrain/leftOutputLog",0
41.18996,"/drivetrain/rightOutputLog",-0
41.190424,"/intake/pos",0
41.190429,"/intake/output",0
41.190804,"/shooter/rpm",7246
41.190809,"/shooter/output",0.35660000000000003
41.190854,"/shooter/hasBall",true
41.190895,"/shooter/temperature",42
41.191094,"/climber/rightPos",0
41.191915,"/shooter/setpoint",9000
41.209576,"/drivetrain/leftPos",0
41.209596,"/drivetrain/leftVelocity",0
41.209615,"/drivetrain/rightPos",0
41.209627,"/drivetrain/rightVelocity",0
41.209683,"/drivetrain/heading",-2.319999933242798
41.209694,"/drivetrain/headingVelocity",0.0610351525247097
41.209699,"/drivetrain/xAcceleration",-0.07400000095367432
41.209705,"/drivetrain/yAcceleration",0.09200000017881393
41.20971,"/drivetrain/leftOutputLog",0
41.209714,"/drivetrain/rightOutputLog",-0
41.209938,"/intake/pos",0
41.209943,"/intake/output",0
41.210129,"/shooter/rpm",7235
41.210133,"/shooter/output",0.3558
41.210179,"/shooter/hasBall",true
41.210219,"/shooter/temperature",42
41.210373,"/climber/rightPos",0
41.211227,"/shooter/setpoint",9000
41.229357,"/drivetrain/leftPos",0
41.229377,"/drivetrain/leftVelocity",0
41.229393,"/drivetrain/rightPos",0
41.229405,"/drivetrain/rightVelocity",0
41.229459,"/drivetrain/heading",-2.309999942779541
41.229469,"/drivetrain/headingVelocity",-0.1831054538488388
41.229479,"/drivetrain/xAcceleration",0.06599999964237213
41.229485,"/drivetrain/yAcceleration",-0.12200000137090683
41.22949,"/drivetrain/leftOutputLog",0
41.229494,"/drivetrain/rightOutputLog",-0
41.230048,"/intake/pos",0
41.230053,"/intake/output",0
41.230333,"/shooter/rpm",7234
41.230337,"/shooter/output",0.35800000000000004
41.230512,"/shooter/hasBall",true
41.230683,"/shooter/temperature",42
41.230937,"/climber/rightPos",0
41.231849,"/shooter/setpoint",9000
41.24916,"/drivetrain/leftPos",0
41.24928,"/drivetrain/leftVelocity",0
41.249302,"/drivetrain/rightPos",0
41.249315,"/drivetrain/rightVelocity",0
41.249371,"/drivetrain/heading",-2.319999933242798
41.249623,"/drivetrain/headingVelocity",-0.1831054538488388
41.249632,"/drivetrain/xAcceleration",0.03200000151991844
41.249638,"/drivetrain/yAcceleration",-0.16200000047683716
41.249643,"/drivetrain/leftOutputLog",0
41.249647,"/drivetrain/rightOutputLog",-0
41.24991,"/intake/pos",0
41.249915,"/intake/output",0
41.250099,"/shooter/rpm",7240
41.250102,"/shooter/output",0.3582
41.250139,"/shooter/hasBall",true
41.250171,"/shooter/temperature",42
41.250368,"/climber/rightPos",0
41.251779,"/shooter/setpoint",9000
41.269371,"/drivetrain/leftPos",0
41.269389,"/drivetrain/leftVelocity",0
41.269405,"/drivetrain/rightPos",0
41.269417,"/drivetrain/rightVelocity",0
41.269517,"/drivetrain/heading",-2.319999933242798
41.269527,"/drivetrain/headingVelocity",0.0610351525247097
41.269533,"/drivetrain/xAcceleration",0.05299999937415123
41.269539,"/drivetrain/yAcceleration",0.16500000655651093
41.269544,"/drivetrain/leftOutputLog",0
41.269547,"/drivetrain/rightOutputLog",-0
41.269957,"/intake/pos",0
41.270011,"/intake/output",0
41.270237,"/shooter/rpm",7239
41.270241,"/shooter/output",0.35700000000000004
41.270286,"/shooter/hasBall",true
41.270324,"/shooter/temperature",42
41.270583,"/climber/rightPos",0
41.271904,"/shooter/setpoint",9000
41.290233,"/drivetrain/leftPos",0
41.290269,"/drivetrain/leftVelocity",0
41.290287,"/drivetrain/rightPos",0
41.290301,"/drivetrain/rightVelocity",0
41.290343,"/drivetrain/heading",-2.319999933242798
41.290352,"/drivetrain/headingVelocity",0
41.290358,"/drivetrain/xAcceleration",-0.013000000268220901
41.290364,"/drivetrain/yAcceleration",-0.11900000274181366
41.290369,"/drivetrain/leftOutputLog",0
41.290372,"/drivetrain/rightOutputLog",-0
41.290569,"/intake/pos",0
41.290574,"/intake/output",0
41.290914,"/shooter/rpm",7238
41.290918,"/shooter/output",0.3572
41.290962,"/shooter/hasBall",true
41.290998,"/shooter/temperature",42
41.291207,"/climber/rightPos",0
41.292164,"/shooter/setpoint",9000
41.309462,"/drivetrain/leftPos",0
41.309479,"/drivetrain/leftVelocity",0
41.309495,"/drivetrain/rightPos",0
41.309507,"/drivetrain/rightVelocity",0
41.309562,"/drivetrain/heading",-2.319999933242798
41.309572,"/drivetrain/headingVelocity",0.1831054538488388
41.309578,"/drivetrain/xAcceleration",-0.05900000035762787
41.309583,"/drivetrain/yAcceleration",-0.006000000052154064
41.309588,"/drivetrain/leftOutputLog",0
41.309592,"/drivetrain/rightOutputLog",-0
41.310611,"/intake/pos",0
41.310618,"/intake/output",0
41.310905,"/shooter/rpm",7245
41.310909,"/shooter/output",0.3574
41.311612,"/shooter/hasBall",true
41.311681,"/shooter/temperature",42
41.312112,"/climber/rightPos",0
41.313636,"/shooter/setpoint",9000
41.329608,"/drivetrain/leftPos",0
41.329632,"/drivetrain/leftVelocity",0
41.329651,"/drivetrain/rightPos",0
41.329664,"/drivetrain/rightVelocity",0
41.330197,"/drivetrain/heading",-2.3299999237060547
41.330211,"/drivetrain/headingVelocity",0.30517578125
41.330218,"/drivetrain/xAcceleration",0.04600000008940697
41.330223,"/drivetrain/yAcceleration",-0.010999999940395355
41.330229,"/drivetrain/leftOutputLog",0
41.330233,"/drivetrain/rightOutputLog",-0
41.330703,"/intake/pos",0
41.330732,"/intake/output",0
41.331062,"/shooter/rpm",7248
41.331067,"/shooter/output",0.35600000000000004
41.331126,"/shooter/hasBall",true
41.331153,"/shooter/temperature",42
41.33131,"/climber/rightPos",0
41.332211,"/shooter/setpoint",9000
41.349556,"/drivetrain/leftPos",0
41.349576,"/drivetrain/leftVelocity",0
41.349592,"/drivetrain/rightPos",0
41.349603,"/drivetrain/rightVelocity",0
41.349668,"/drivetrain/heading",-2.3299999237060547
41.349679,"/drivetrain/headingVelocity",0.1220703050494194
41.350106,"/drivetrain/xAcceleration",-0.014000000432133675
41.350298,"/drivetrain/yAcceleration",-0.02199999988079071
41.350309,"/drivetrain/leftOutputLog",0
41.350314,"/drivetrain/rightOutputLog",-0
41.350513,"/intake/pos",0
41.350517,"/intake/output",0
41.350689,"/shooter/rpm",7248
41.350693,"/shooter/output",0.3554
41.350716,"/shooter/hasBall",true
41.350739,"/shooter/temperature",42
41.351011,"/climber/rightPos",0
41.369324,"/drivetrain/leftPos",0
41.369343,"/drivetrain/leftVelocity",0
41.369361,"/drivetrain/rightPos",0
41.369374,"/drivetrain/rightVelocity",0
41.369431,"/drivetrain/heading",-2.3399999141693115
41.369441,"/drivetrain/headingVelocity",0.0610351525247097
41.369447,"/drivetrain/xAcceleration",0.061000000685453415
41.369452,"/drivetrain/yAcceleration",0.10700000077486038
41.369457,"/drivetrain/leftOutputLog",0
41.369461,"/drivetrain/rightOutputLog",-0
41.369834,"/intake/pos",0
41.369838,"/intake/output",0
41.370498,"/shooter/rpm",7239
41.370502,"/shooter/output",0.1
41.370554,"/shooter/hasBall",true
41.370598,"/shooter/temperature",42
41.370822,"/climber/rightPos",0
41.389307,"/drivetrain/leftPos",0
41.389326,"/drivetrain/leftVelocity",0
41.389341,"/drivetrain/rightPos",0
41.389353,"/drivetrain/rightVelocity",0
41.38941,"/drivetrain/heading",-2.3399999141693115
41.38942,"/drivetrain/headingVelocity",0.2441406100988388
41.389426,"/drivetrain/xAcceleration",-0.013000000268220901
41.389431,"/drivetrain/yAcceleration",0.004000000189989805
41.389436,"/drivetrain/leftOutputLog",0
41.38944,"/drivetrain/rightOutputLog",-0
41.389884,"/intake/pos",0
41.389888,"/intake/output",0
41.390112,"/shooter/rpm",7231
41.390116,"/shooter/output",0.1
41.390283,"/shooter/hasBall",true
41.390337,"/shooter/temperature",42
41.39063,"/climber/rightPos",0
41.409255,"/drivetrain/leftPos",0
41.409274,"/drivetrain/leftVelocity",0
41.409292,"/drivetrain/rightPos",0
41.409304,"/drivetrain/rightVelocity",0
41.409422,"/drivetrain/heading",-2.3399999141693115
41.409434,"/drivetrain/headingVelocity",0
41.40944,"/drivetrain/xAcceleration",0.041999999433755875
41.409445,"/drivetrain/yAcceleration",0.2680000066757202
41.409451,"/drivetrain/leftOutputLog",0
41.409455,"/drivetrain/rightOutputLog",-0
41.409743,"/intake/pos",0
41.409747,"/intake/output",0
41.410634,"/shooter/rpm",7221
41.410638,"/shooter/output",0.1
41.410691,"/shooter/hasBall",true
41.410737,"/shooter/temperature",42
41.410991,"/climber/rightPos",0
41.429687,"/drivetrain/leftPos",0
41.429711,"/drivetrain/leftVelocity",0
41.429728,"/drivetrain/rightPos",0
41.429739,"/drivetrain/rightVelocity",0
41.429976,"/drivetrain/heading",-2.3399999141693115
41.429987,"/drivetrain/headingVelocity",-0.2441406100988388
41.429993,"/drivetrain/xAcceleration",0.01600000075995922
41.429998,"/drivetrain/yAcceleration",0.20499999821186066
41.430003,"/drivetrain/leftOutputLog",0
41.430007,"/drivetrain/rightOutputLog",-0
41.430219,"/intake/pos",0
41.430223,"/intake/output",0
41.430404,"/shooter/rpm",7204
41.430408,"/shooter/output",0.1
41.430447,"/shooter/hasBall",true
41.430487,"/shooter/temperature",42
41.430785,"/climber/rightPos",0
41.44913,"/drivetrain/leftPos",0
41.449148,"/drivetrain/leftVelocity",0
41.449163,"/drivetrain/rightPos",0
41.449175,"/drivetrain/rightVelocity",0
41.449228,"/drivetrain/heading",-2.3399999141693115
41.449238,"/drivetrain/headingVelocity",0.1220703050494194
41.449244,"/drivetrain/xAcceleration",-0.03799999877810478
41.449248,"/drivetrain/yAcceleration",-0.05700000002980232
41.449253,"/drivetrain/leftOutputLog",0
41.449257,"/drivetrain/rightOutputLog",-0
41.449579,"/intake/pos",0
41.449584,"/intake/output",0
41.449783,"/shooter/rpm",7204
41.449787,"/shooter/output",0.1
41.449812,"/shooter/hasBall",true
41.449858,"/shooter/temperature",42
41.450364,"/climber/rightPos",0
41.469416,"/drivetrain/leftPos",0
41.469433,"/drivetrain/leftVelocity",0
41.469449,"/drivetrain/rightPos",0
41.46946,"/drivetrain/rightVelocity",0
41.469524,"/drivetrain/heading",-2.3299999237060547
41.469535,"/drivetrain/headingVelocity",-0.2441406100988388
41.469541,"/drivetrain/xAcceleration",0.017999999225139618
41.469547,"/drivetrain/yAcceleration",0.12099999934434891
41.469552,"/drivetrain/leftOutputLog",0
41.469556,"/drivetrain/rightOutputLog",-0
41.470101,"/intake/pos",0
41.470107,"/intake/output",0
41.470306,"/shooter/rpm",7152
41.47031,"/shooter/output",0.1
41.470356,"/shooter/hasBall",true
41.470395,"/shooter/temperature",42
41.470552,"/climber/rightPos",0
41.48921,"/drivetrain/leftPos",0
41.489228,"/drivetrain/leftVelocity",0
41.489245,"/drivetrain/rightPos",0
41.489257,"/drivetrain/rightVelocity",0
41.489306,"/drivetrain/heading",-2.3299999237060547
41.489315,"/drivetrain/headingVelocity",-0.2441406100988388
41.489321,"/drivetrain/xAcceleration",0.020999999716877937
41.489326,"/drivetrain/yAcceleration",0.0430000014603138
41.489331,"/drivetrain/leftOutputLog",0
41.489335,"/drivetrain/rightOutputLog",-0
41.489528,"/intake/pos",0
41.489532,"/intake/output",0
41.489728,"/shooter/rpm",7152
41.489732,"/shooter/output",0.1
41.489754,"/shooter/hasBall",true
41.489823,"/shooter/temperature",42
41.49,"/climber/rightPos",0
41.509713,"/drivetrain/leftPos",0
41.50973,"/drivetrain/leftVelocity",0
41.509746,"/drivetrain/rightPos",0
41.509758,"/drivetrain/rightVelocity",0
41.509815,"/drivetrain/heading",-2.3299999237060547
41.509825,"/drivetrain/headingVelocity",0.1220703050494194
41.509831,"/drivetrain/xAcceleration",-0.03500000014901161
41.509836,"/drivetrain/yAcceleration",-0.03400000184774399
41.509841,"/drivetrain/leftOutputLog",0
41.509845,"/drivetrain/rightOutputLog",-0
41.510545,"/intake/pos",0
41.5108,"/intake/output",0
41.511024,"/shooter/rpm",7075
41.511028,"/shooter/output",0.1
41.511071,"/shooter/hasBall",true
41.511107,"/shooter/temperature",42
41.51133,"/climber/rightPos",0
41.529554,"/drivetrain/leftPos",0
41.529572,"/drivetrain/leftVelocity",0
41.529587,"/drivetrain/rightPos",0
41.529599,"/drivetrain/rightVelocity",0
41.52966,"/drivetrain/heading",-2.3299999237060547
41.529669,"/drivetrain/headingVelocity",-0.30517578125
41.529675,"/drivetrain/xAcceleration",0.06700000166893005
41.529681,"/drivetrain/yAcceleration",0.057999998331069946
41.529685,"/drivetrain/leftOutputLog",0
41.529689,"/drivetrain/rightOutputLog",-0
41.530191,"/intake/pos",0
41.530195,"/intake/output",0
41.5308,"/shooter/rpm",7075
41.530804,"/shooter/output",0.1
41.530831,"/shooter/hasBall",true
41.530854,"/shooter/temperature",42
41.53153,"/climber/rightPos",0
41.549152,"/drivetrain/leftPos",0
41.549171,"/drivetrain/leftVelocity",0
41.549186,"/drivetrain/rightPos",0
41.549198,"/drivetrain/rightVelocity",0
41.549245,"/drivetrain/heading",-2.319999933242798
41.549254,"/drivetrain/headingVelocity",-0.3662109076976776
41.54926,"/drivetrain/xAcceleration",0.017000000923871994
41.549264,"/drivetrain/yAcceleration",0.17000000178813934
41.549269,"/drivetrain/leftOutputLog",0
41.549273,"/drivetrain/rightOutputLog",-0
41.549456,"/intake/pos",0
41.549459,"/intake/output",0
41.549632,"/shooter/rpm",7006
41.549636,"/shooter/output",0.1
41.549672,"/shooter/hasBall",true
41.549699,"/shooter/temperature",42
41.550139,"/climber/rightPos",0
41.569543,"/drivetrain/leftPos",0
41.569561,"/drivetrain/leftVelocity",0
41.569576,"/drivetrain/rightPos",0
41.569589,"/drivetrain/rightVelocity",0
41.56965,"/drivetrain/heading",-2.319999933242798
41.56966,"/drivetrain/headingVelocity",-0.2441406100988388
41.569666,"/drivetrain/xAcceleration",0
41.569671,"/drivetrain/yAcceleration",-0.13500000536441803
41.569676,"/drivetrain/leftOutputLog",0
41.56968,"/drivetrain/rightOutputLog",-0
41.570096,"/intake/pos",0
41.5701,"/intake/output",0
41.570281,"/shooter/rpm",6960
41.570285,"/shooter/output",0.1
41.570328,"/shooter/hasBall",true
41.570349,"/shooter/temperature",42
41.570525,"/climber/rightPos",0
41.58973,"/drivetrain/leftPos",0
41.589748,"/drivetrain/leftVelocity",0
41.589765,"/drivetrain/rightPos",0
41.589776,"/drivetrain/rightVelocity",0
41.589898,"/drivetrain/heading",-2.309999942779541
41.589911,"/drivetrain/headingVelocity",-0.1831054538488388
41.589917,"/drivetrain/xAcceleration",-0.05700000002980232
41.589923,"/drivetrain/yAcceleration",0.1809999942779541
41.589928,"/drivetrain/leftOutputLog",0
41.589932,"/drivetrain/rightOutputLog",-0
41.590307,"/intake/pos",0
41.590311,"/intake/output",0
41.590684,"/shooter/rpm",6926
41.590689,"/shooter/output",0.1
41.590741,"/shooter/hasBall",true
41.590765,"/shooter/temperature",42
41.591038,"/climber/rightPos",0
41.609371,"/drivetrain/leftPos",0
41.609388,"/drivetrain/leftVelocity",0
41.609404,"/drivetrain/rightPos",0
41.609415,"/drivetrain/rightVelocity",0
41.609436,"/drivetrain/heading",-2.309999942779541
41.609446,"/drivetrain/headingVelocity",0
41.609452,"/drivetrain/xAcceleration",-0.10400000214576721
41.609457,"/drivetrain/yAcceleration",0.13300000131130219
41.609462,"/drivetrain/leftOutputLog",0
41.609466,"/drivetrain/rightOutputLog",-0
41.610009,"/intake/pos",0
41.610013,"/intake/output",0
41.610219,"/shooter/rpm",6890
41.610223,"/shooter/output",0.1
41.61027,"/shooter/hasBall",true
41.610311,"/shooter/temperature",42
41.610488,"/climber/rightPos",0
41.630105,"/drivetrain/leftPos",0
41.630127,"/drivetrain/leftVelocity",0
41.63058,"/drivetrain/rightPos",0
41.630616,"/drivetrain/rightVelocity",0
41.630633,"/drivetrain/heading",-2.309999942779541
41.630642,"/drivetrain/headingVelocity",0
41.630648,"/drivetrain/xAcceleration",-0.02800000086426735
41.630654,"/drivetrain/yAcceleration",-0.10300000011920929
41.630659,"/drivetrain/leftOutputLog",0
41.630662,"/drivetrain/rightOutputLog",-0
41.630883,"/intake/pos",0
41.630887,"/intake/output",0
41.631097,"/shooter/rpm",6838
41.631101,"/shooter/output",0.1
41.631141,"/shooter/hasBall",true
41.63118,"/shooter/temperature",42
41.631335,"/climber/rightPos",0
41.649149,"/drivetrain/leftPos",0
41.649165,"/drivetrain/leftVelocity",0
41.649181,"/drivetrain/rightPos",0
41.649192,"/drivetrain/rightVelocity",0
41.64921,"/drivetrain/heading",-2.309999942779541
41.649219,"/drivetrain/headingVelocity",0
41.649225,"/drivetrain/xAcceleration",-0.10899999737739563
41.64923,"/drivetrain/yAcceleration",0.04899999871850014
41.649234,"/drivetrain/leftOutputLog",0
41.649238,"/drivetrain/rightOutputLog",-0
41.649429,"/intake/pos",0
41.649433,"/intake/output",0
41.649603,"/shooter/rpm",6838
41.649607,"/shooter/output",0.1
41.649629,"/shooter/hasBall",true
41.649672,"/shooter/temperature",42
41.649961,"/climber/rightPos",0
41.670079,"/drivetrain/leftPos",0
41.670098,"/drivetrain/leftVelocity",0
41.670115,"/drivetrain/rightPos",0
41.670127,"/drivetrain/rightVelocity",0
41.670145,"/drivetrain/heading",-2.309999942779541
41.670155,"/drivetrain/headingVelocity",-0.1831054538488388
41.670161,"/drivetrain/xAcceleration",-0.15600000321865082
41.670166,"/drivetrain/yAcceleration",-0.04800000041723251
41.670172,"/drivetrain/leftOutputLog",0
41.670176,"/drivetrain/rightOutputLog",-0
41.670417,"/intake/pos",0
41.670421,"/intake/output",0
41.670597,"/shooter/rpm",6771
41.670601,"/shooter/output",0.1
41.670641,"/shooter/hasBall",true
41.67068,"/shooter/temperature",42
41.670873,"/climber/rightPos",0
41.689396,"/drivetrain/leftPos",0
41.689415,"/drivetrain/leftVelocity",0
41.689432,"/drivetrain/rightPos",0
41.689444,"/drivetrain/rightVelocity",0
41.689464,"/drivetrain/heading",-2.309999942779541
41.689475,"/drivetrain/headingVelocity",0
41.689481,"/drivetrain/xAcceleration",-0.00800000037997961
41.689487,"/drivetrain/yAcceleration",0.04800000041723251
41.689493,"/drivetrain/leftOutputLog",0
41.689497,"/drivetrain/rightOutputLog",-0
41.689907,"/intake/pos",0
41.689911,"/intake/output",0
41.690168,"/shooter/rpm",6718
41.690172,"/shooter/output",0.1
41.690216,"/shooter/hasBall",true
41.690259,"/shooter/temperature",42
41.690417,"/climber/rightPos",0
41.71028,"/drivetrain/leftPos",0
41.710297,"/drivetrain/leftVelocity",0
41.710314,"/drivetrain/rightPos",0
41.710326,"/drivetrain/rightVelocity",0
41.710344,"/drivetrain/heading",-2.309999942779541
41.710354,"/drivetrain/headingVelocity",-0.0610351525247097
41.71036,"/drivetrain/xAcceleration",0.17900000512599945
41.710365,"/drivetrain/yAcceleration",-0.03999999910593033
41.71037,"/drivetrain/leftOutputLog",0
41.710374,"/drivetrain/rightOutputLog",-0
41.710572,"/intake/pos",0
41.710576,"/intake/output",0
41.710799,"/shooter/rpm",6685
41.710803,"/shooter/output",0.1
41.710845,"/shooter/hasBall",true
41.710879,"/shooter/temperature",42
41.711029,"/climber/rightPos",0
41.729886,"/drivetrain/leftPos",0
41.729903,"/drivetrain/leftVelocity",0
41.729919,"/drivetrain/rightPos",0
41.72993,"/drivetrain/rightVelocity",0
41.729947,"/drivetrain/heading",-2.299999952316284
41.729956,"/drivetrain/headingVelocity",-0.0610351525247097
41.729962,"/drivetrain/xAcceleration",0.1080000028014183
41.729967,"/drivetrain/yAcceleration",0.10700000077486038
41.729972,"/drivetrain/leftOutputLog",0
41.729975,"/drivetrain/rightOutputLog",-0
41.730179,"/intake/pos",0
41.730183,"/intake/output",0
41.730364,"/shooter/rpm",6651
41.730368,"/shooter/output",0.1
41.730409,"/shooter/hasBall",true
41.730442,"/shooter/temperature",42
41.730618,"/climber/rightPos",0
41.749724,"/drivetrain/leftPos",0
41.74974,"/drivetrain/leftVelocity",0
41.749755,"/drivetrain/rightPos",0
41.749766,"/drivetrain/rightVelocity",0
41.749783,"/drivetrain/heading",-2.299999952316284
41.749792,"/drivetrain/headingVelocity",0
41.749798,"/drivetrain/xAcceleration",0.03799999877810478
41.749803,"/drivetrain/yAcceleration",0.013000000268220901
41.749808,"/drivetrain/leftOutputLog",0
41.749812,"/drivetrain/rightOutputLog",-0
41.750124,"/intake/pos",0
41.750128,"/intake/output",0
41.750313,"/shooter/rpm",6600
41.750317,"/shooter/output",0.1
41.750358,"/shooter/hasBall",true
41.750392,"/shooter/temperature",42
41.750576,"/climber/rightPos",0
41.769472,"/drivetrain/leftPos",0
41.76949,"/drivetrain/leftVelocity",0
41.769507,"/drivetrain/rightPos",0
41.769519,"/drivetrain/rightVelocity",0
41.76953,"/drivetrain/heading",-2.299999952316284
41.769539,"/drivetrain/headingVelocity",-0.1831054538488388
41.769545,"/drivetrain/xAcceleration",-0.041999999433755875
41.76955,"/drivetrain/yAcceleration",-0.04699999839067459
41.769555,"/drivetrain/leftOutputLog",0
41.769559,"/drivetrain/rightOutputLog",-0
41.769774,"/intake/pos",0
41.769778,"/intake/output",0
41.770006,"/shooter/rpm",6565
41.77001,"/shooter/output",0.1
41.770048,"/shooter/hasBall",true
41.770082,"/shooter/temperature",42
41.770234,"/climber/rightPos",0
41.789102,"/drivetrain/leftPos",0
41.78912,"/drivetrain/leftVelocity",0
41.789136,"/drivetrain/rightPos",0
41.789148,"/drivetrain/rightVelocity",0
41.789156,"/drivetrain/heading",-2.299999952316284
41.789165,"/drivetrain/headingVelocity",-0.1831054538488388
41.78917,"/drivetrain/xAcceleration",0.029999999329447746
41.789175,"/drivetrain/yAcceleration",0.02199999988079071
41.78918,"/drivetrain/leftOutputLog",0
41.789183,"/drivetrain/rightOutputLog",-0
41.789403,"/intake/pos",0
41.789409,"/intake/output",0
41.790106,"/shooter/rpm",6532
41.79011,"/shooter/output",0.1
41.79016,"/shooter/hasBall",true
41.79019,"/shooter/temperature",42
41.790601,"/climber/rightPos",0
41.809115,"/drivetrain/leftPos",0
41.809132,"/drivetrain/leftVelocity",0
41.809269,"/drivetrain/rightPos",0
41.809287,"/drivetrain/rightVelocity",0
41.809297,"/drivetrain/heading",-2.299999952316284
41.809308,"/drivetrain/headingVelocity",0.1831054538488388
41.809315,"/drivetrain/xAcceleration",-0.017000000923871994
41.80932,"/drivetrain/yAcceleration",-0.11500000208616257
41.809325,"/drivetrain/leftOutputLog",0
41.809329,"/drivetrain/rightOutputLog",-0
41.809834,"/intake/pos",0
41.809838,"/intake/output",0
41.810226,"/shooter/rpm",6491
41.810232,"/shooter/output",0.1
41.810281,"/shooter/hasBall",true
41.810305,"/shooter/temperature",42
41.810805,"/climber/rightPos",0
41.829393,"/drivetrain/leftPos",0
41.829413,"/drivetrain/leftVelocity",0
41.82943,"/drivetrain/rightPos",0
41.829442,"/drivetrain/rightVelocity",0
41.829451,"/drivetrain/heading",-2.299999952316284
41.829461,"/drivetrain/headingVelocity",-0.30517578125
41.829467,"/drivetrain/xAcceleration",0.15800000727176666
41.829472,"/drivetrain/yAcceleration",0.0989999994635582
41.829477,"/drivetrain/leftOutputLog",0
41.829481,"/drivetrain/rightOutputLog",-0
41.829783,"/intake/pos",0
41.829788,"/intake/output",0
41.830406,"/shooter/rpm",6460
41.831018,"/shooter/output",0.1
41.831229,"/shooter/hasBall",true
41.83126,"/shooter/temperature",42
41.831467,"/climber/rightPos",0
41.849556,"/drivetrain/leftPos",0
41.849575,"/drivetrain/leftVelocity",0
41.849593,"/drivetrain/rightPos",0
41.849605,"/drivetrain/rightVelocity",0
41.849615,"/drivetrain/heading",-2.2899999618530273
41.849625,"/drivetrain/headingVelocity",-0.54931640625
41.849631,"/drivetrain/xAcceleration",-0.0949999988079071
41.849685,"/drivetrain/yAcceleration",-0.03999999910593033
41.84969,"/drivetrain/leftOutputLog",0
41.849694,"/drivetrain/rightOutputLog",-0
41.849912,"/intake/pos",0
41.849915,"/intake/output",0
41.850212,"/shooter/rpm",6425
41.850216,"/shooter/output",0.1
41.850256,"/shooter/hasBall",true
41.8503,"/shooter/temperature",42
41.850601,"/climber/rightPos",0
41.869222,"/drivetrain/leftPos",0
41.869241,"/drivetrain/leftVelocity",0
41.869257,"/drivetrain/rightPos",0
41.869269,"/drivetrain/rightVelocity",0
41.869278,"/drivetrain/heading",-2.2899999618530273
41.869287,"/drivetrain/headingVelocity",0.0610351525247097
41.869293,"/drivetrain/xAcceleration",-0.08399999886751175
41.869298,"/drivetrain/yAcceleration",0.11599999666213989
41.869303,"/drivetrain/leftOutputLog",0
41.869307,"/drivetrain/rightOutputLog",-0
41.869543,"/intake/pos",0
41.869547,"/intake/output",0
41.869755,"/shooter/rpm",6425
41.86976,"/shooter/output",0.1
41.869787,"/shooter/hasBall",true
41.871105,"/shooter/temperature",42
41.871292,"/climber/rightPos",0
41.890233,"/drivetrain/leftPos",0
41.890253,"/drivetrain/leftVelocity",0
41.890269,"/drivetrain/rightPos",0
41.890282,"/drivetrain/rightVelocity",0
41.890383,"/drivetrain/heading",-2.2899999618530273
41.890407,"/drivetrain/headingVelocity",-0.3662109076976776
41.890422,"/drivetrain/xAcceleration",0.014000000432133675
41.890436,"/drivetrain/yAcceleration",-0.06499999761581421
41.890441,"/drivetrain/leftOutputLog",0
41.890446,"/drivetrain/rightOutputLog",-0
41.891502,"/intake/pos",0
41.891507,"/intake/output",0
41.893636,"/shooter/rpm",6316
41.89364,"/shooter/output",0.1
41.893692,"/shooter/hasBall",true
41.893736,"/shooter/temperature",42
41.893917,"/climber/rightPos",0
41.910614,"/drivetrain/leftPos",0
41.910631,"/drivetrain/leftVelocity",0
41.910647,"/drivetrain/rightPos",0
41.910659,"/drivetrain/rightVelocity",0
41.910758,"/drivetrain/heading",-2.2799999713897705
41.910767,"/drivetrain/headingVelocity",-0.1220703050494194
41.910773,"/drivetrain/xAcceleration",0.07000000029802322
41.910778,"/drivetrain/yAcceleration",0.023000000044703484
41.910783,"/drivetrain/leftOutputLog",0
41.910787,"/drivetrain/rightOutputLog",-0
41.911125,"/intake/pos",0
41.911129,"/intake/output",0
41.911321,"/shooter/rpm",6316
41.911325,"/shooter/output",0.1
41.911348,"/shooter/hasBall",true
41.91139,"/shooter/temperature",42
41.91154,"/climber/rightPos",0
41.929132,"/drivetrain/leftPos",0
41.92915,"/drivetrain/leftVelocity",0
41.929167,"/drivetrain/rightPos",0
41.929178,"/drivetrain/rightVelocity",0
41.929186,"/drivetrain/heading",-2.2799999713897705
41.929191,"/drivetrain/headingVelocity",-0.2441406100988388
41.929196,"/drivetrain/xAcceleration",-0.050999999046325684
41.929201,"/drivetrain/yAcceleration",-0.027000000700354576
41.929206,"/drivetrain/leftOutputLog",0
41.92921,"/drivetrain/rightOutputLog",-0
41.929462,"/intake/pos",0
41.929466,"/intake/output",0
41.929825,"/shooter/rpm",6270
41.92983,"/shooter/output",0.1
41.929883,"/shooter/hasBall",true
41.929979,"/shooter/temperature",42
41.930261,"/climber/rightPos",0
41.949358,"/drivetrain/leftPos",0
41.949376,"/drivetrain/leftVelocity",0
41.949391,"/drivetrain/rightPos",0
41.949403,"/drivetrain/rightVelocity",0
41.94941,"/drivetrain/heading",-2.2799999713897705
41.949416,"/drivetrain/headingVelocity",0.1831054538488388
41.949422,"/drivetrain/xAcceleration",-0.10199999809265137
41.949426,"/drivetrain/yAcceleration",0
41.949431,"/drivetrain/leftOutputLog",0
41.949435,"/drivetrain/rightOutputLog",-0
41.949686,"/intake/pos",0
41.949689,"/intake/output",0
41.949888,"/shooter/rpm",6233
41.949892,"/shooter/output",0.1
41.949971,"/shooter/hasBall",true
41.950009,"/shooter/temperature",42
41.950176,"/climber/rightPos",0
41.969637,"/drivetrain/leftPos",0
41.969656,"/drivetrain/leftVelocity",0
41.969674,"/drivetrain/rightPos",0
41.969686,"/drivetrain/rightVelocity",0
41.969694,"/drivetrain/heading",-2.2799999713897705
41.969701,"/drivetrain/headingVelocity",0.4882812201976776
41.969706,"/drivetrain/xAcceleration",-0.05700000002980232
41.969712,"/drivetrain/yAcceleration",-0.006000000052154064
41.969717,"/drivetrain/leftOutputLog",0
41.969721,"/drivetrain/rightOutputLog",-0
41.970114,"/intake/pos",0
41.970118,"/intake/output",0
41.970339,"/shooter/rpm",6200
41.970342,"/shooter/output",0.1
41.970382,"/shooter/hasBall",true
41.970419,"/shooter/temperature",42
41.970581,"/climber/rightPos",0
41.989273,"/drivetrain/leftPos",0
41.989292,"/drivetrain/leftVelocity",0
41.989309,"/drivetrain/rightPos",0
41.989321,"/drivetrain/rightVelocity",0
41.989328,"/drivetrain/heading",-2.2799999713897705
41.989335,"/drivetrain/headingVelocity",-0.2441406100988388
41.98934,"/drivetrain/xAcceleration",-0.0729999989271164
41.989345,"/drivetrain/yAcceleration",-0.04899999871850014
41.98935,"/drivetrain/leftOutputLog",0
41.989354,"/drivetrain/rightOutputLog",-0
41.990122,"/intake/pos",0
41.990127,"/intake/output",0
41.99046,"/shooter/rpm",6153
41.990464,"/shooter/output",0.1
41.990507,"/shooter/hasBall",true
41.990544,"/shooter/temperature",42
41.990729,"/climber/rightPos",0
42.009454,"/drivetrain/leftPos",0
42.009479,"/drivetrain/leftVelocity",0
42.009495,"/drivetrain/rightPos",0
42.009507,"/drivetrain/rightVelocity",0
42.009514,"/drivetrain/heading",-2.2899999618530273
42.00952,"/drivetrain/headingVelocity",0.6103515625
42.009526,"/drivetrain/xAcceleration",-0.09099999815225601
42.009531,"/drivetrain/yAcceleration",0.10100000351667404
42.009535,"/drivetrain/leftOutputLog",0
42.009539,"/drivetrain/rightOutputLog",-0
42.009742,"/intake/pos",0
42.009746,"/intake/output",0
42.010065,"/shooter/rpm",6118
42.010069,"/shooter/output",0.1
42.010111,"/shooter/hasBall",true
42.010146,"/shooter/temperature",42
42.010287,"/climber/rightPos",0
42.030142,"/drivetrain/leftPos",0
42.030158,"/drivetrain/leftVelocity",0
42.030173,"/drivetrain/rightPos",0
42.030185,"/drivetrain/rightVelocity",0
42.030192,"/drivetrain/heading",-2.2899999618530273
42.030197,"/drivetrain/headingVelocity",0.30517578125
42.030203,"/drivetrain/xAcceleration",-0.029999999329447746
42.030208,"/drivetrain/yAcceleration",0.12200000137090683
42.030212,"/drivetrain/leftOutputLog",0
42.030216,"/drivetrain/rightOutputLog",-0
42.030391,"/intake/pos",0
42.030395,"/intake/output",0
42.030569,"/shooter/rpm",6089
42.030573,"/shooter/output",0.1
42.030611,"/shooter/hasBall",true
42.03064,"/shooter/temperature",42
42.030809,"/climber/rightPos",0
42.049417,"/drivetrain/leftPos",0
42.049435,"/drivetrain/leftVelocity",0
42.04945,"/drivetrain/rightPos",0
42.049462,"/drivetrain/rightVelocity",0
42.049469,"/drivetrain/heading",-2.2899999618530273
42.049475,"/drivetrain/headingVelocity",0
42.04948,"/drivetrain/xAcceleration",-0.003000000026077032
42.049485,"/drivetrain/yAcceleration",-0.11999999731779099
42.04949,"/drivetrain/leftOutputLog",0
42.049494,"/drivetrain/rightOutputLog",-0
42.050318,"/intake/pos",0
42.050322,"/intake/output",0
42.050535,"/shooter/rpm",6056
42.050539,"/shooter/output",0.1
42.050583,"/shooter/hasBall",true
42.050606,"/shooter/temperature",42
42.050756,"/climber/rightPos",0
42.06915,"/drivetrain/leftPos",0
42.069169,"/drivetrain/leftVelocity",0
42.069184,"/drivetrain/rightPos",0
42.069196,"/drivetrain/rightVelocity",0
42.069203,"/drivetrain/heading",-2.2899999618530273
42.069209,"/drivetrain/headingVelocity",0.1220703050494194
42.069214,"/drivetrain/xAcceleration",0.014000000432133675
42.069219,"/drivetrain/yAcceleration",-0.10599999874830246
42.069224,"/drivetrain/leftOutputLog",0
42.069228,"/drivetrain/rightOutputLog",-0
42.069446,"/intake/pos",0
42.06945,"/intake/output",0
42.070119,"/shooter/rpm",6016
42.070123,"/shooter/output",0.1
42.070171,"/shooter/hasBall",true
42.070196,"/shooter/temperature",42
42.070541,"/climber/rightPos",0
42.089381,"/drivetrain/leftPos",0
42.089401,"/drivetrain/leftVelocity",0
42.089417,"/drivetrain/rightPos",0
42.089429,"/drivetrain/rightVelocity",0
42.089437,"/drivetrain/heading",-2.2899999618530273
42.089444,"/drivetrain/headingVelocity",-0.1220703050494194
42.08945,"/drivetrain/xAcceleration",-0.04899999871850014
42.089455,"/drivetrain/yAcceleration",-0.050999999046325684
42.089459,"/drivetrain/leftOutputLog",0
42.089463,"/drivetrain/rightOutputLog",-0
42.090322,"/intake/pos",0
42.090326,"/intake/output",0
42.090715,"/shooter/rpm",5987
42.090719,"/shooter/output",0.1
42.090764,"/shooter/hasBall",true
42.090905,"/shooter/temperature",42
42.091404,"/climber/rightPos",0
42.109823,"/drivetrain/leftPos",0
42.10984,"/drivetrain/leftVelocity",0
42.109855,"/drivetrain/rightPos",0
42.109867,"/drivetrain/rightVelocity",0
42.109874,"/drivetrain/heading",-2.299999952316284
42.10988,"/drivetrain/headingVelocity",0.30517578125
42.109885,"/drivetrain/xAcceleration",-0.08799999952316284
42.109889,"/drivetrain/yAcceleration",0.06800000369548798
42.109894,"/drivetrain/leftOutputLog",0
42.109898,"/drivetrain/rightOutputLog",-0
42.11008,"/intake/pos",0
42.110084,"/intake/output",0
42.110274,"/shooter/rpm",5954
42.110278,"/shooter/output",0.1
42.110324,"/shooter/hasBall",true
42.110393,"/shooter/temperature",42
42.11058,"/climber/rightPos",0
42.130281,"/drivetrain/leftPos",0
42.130298,"/drivetrain/leftVelocity",0
42.130315,"/drivetrain/rightPos",0
42.130327,"/drivetrain/rightVelocity",0
42.130334,"/drivetrain/heading",-2.299999952316284
42.130339,"/drivetrain/headingVelocity",0.30517578125
42.130344,"/drivetrain/xAcceleration",-0.12300000339746475
42.130349,"/drivetrain/yAcceleration",0.03799999877810478
42.130354,"/drivetrain/leftOutputLog",0
42.130358,"/drivetrain/rightOutputLog",-0
42.130673,"/intake/pos",0
42.130677,"/intake/output",0
42.130863,"/shooter/rpm",5912
42.130867,"/shooter/output",0.1
42.130908,"/shooter/hasBall",true
42.130994,"/shooter/temperature",42
42.131157,"/climber/rightPos",0
42.149149,"/drivetrain/leftPos",0
42.149168,"/drivetrain/leftVelocity",0
42.149183,"/drivetrain/rightPos",0
42.149195,"/drivetrain/rightVelocity",0
42.149202,"/drivetrain/heading",-2.309999942779541
42.149208,"/drivetrain/headingVelocity",0.4272460639476776
42.149213,"/drivetrain/xAcceleration",-0.06499999761581421
42.149218,"/drivetrain/yAcceleration",0.07100000232458115
42.149223,"/drivetrain/leftOutputLog",0
42.149275,"/drivetrain/rightOutputLog",-0
42.149461,"/intake/pos",0
42.149465,"/intake/output",0
42.149678,"/shooter/rpm",5912
42.149682,"/shooter/output",0.1
42.149704,"/shooter/hasBall",true
42.149749,"/shooter/temperature",42
42.150057,"/climber/rightPos",0
42.169167,"/drivetrain/leftPos",0
42.169184,"/drivetrain/leftVelocity",0
42.1692,"/drivetrain/rightPos",0
42.169211,"/drivetrain/rightVelocity",0
42.169329,"/drivetrain/heading",-2.299999952316284
42.169337,"/drivetrain/headingVelocity",-0.1220703050494194
42.169343,"/drivetrain/xAcceleration",0.09099999815225601
42.169348,"/drivetrain/yAcceleration",0.02800000086426735
42.169436,"/drivetrain/leftOutputLog",0
42.169442,"/drivetrain/rightOutputLog",-0
42.170529,"/intake/pos",0
42.170535,"/intake/output",0
42.170756,"/shooter/rpm",5844
42.17076,"/shooter/output",0.1
42.170803,"/shooter/hasBall",true
42.170844,"/shooter/temperature",42
42.171066,"/climber/rightPos",0
42.189199,"/drivetrain/leftPos",0
42.189235,"/drivetrain/leftVelocity",0
42.189265,"/drivetrain/rightPos",0
42.189289,"/drivetrain/rightVelocity",0
42.189306,"/drivetrain/heading",-2.309999942779541
42.189322,"/drivetrain/headingVelocity",-0.2441406100988388
42.189336,"/drivetrain/xAcceleration",0.09600000083446503
42.189348,"/drivetrain/yAcceleration",0
42.189353,"/drivetrain/leftOutputLog",0
42.189357,"/drivetrain/rightOutputLog",-0
42.189845,"/intake/pos",0
42.189849,"/intake/output",0
42.195847,"/shooter/rpm",5772
42.196534,"/shooter/output",0.1
42.196618,"/shooter/hasBall",true
42.198234,"/shooter/temperature",42
42.198474,"/climber/rightPos",0
42.210977,"/drivetrain/leftPos",0
42.211046,"/drivetrain/leftVelocity",0
42.211184,"/drivetrain/rightPos",0
42.211319,"/drivetrain/rightVelocity",0
42.211588,"/drivetrain/heading",-2.309999942779541
42.211615,"/drivetrain/headingVelocity",0.3662109076976776
42.211713,"/drivetrain/xAcceleration",0.028999999165534973
42.211741,"/drivetrain/yAcceleration",0.1080000028014183
42.211765,"/drivetrain/leftOutputLog",0
42.211789,"/drivetrain/rightOutputLog",-0
42.212556,"/intake/pos",0
42.21256,"/intake/output",0
42.212854,"/shooter/rpm",5772
42.212857,"/shooter/output",0.1
42.212958,"/shooter/hasBall",true
42.212984,"/shooter/temperature",42
42.213247,"/climber/rightPos",0
42.229639,"/drivetrain/leftPos",0
42.229717,"/drivetrain/leftVelocity",0
42.229733,"/drivetrain/rightPos",0
42.229743,"/drivetrain/rightVelocity",0
42.229748,"/drivetrain/heading",-2.309999942779541
42.229751,"/drivetrain/headingVelocity",-0.30517578125
42.229755,"/drivetrain/xAcceleration",0.014999999664723873
42.229758,"/drivetrain/yAcceleration",-0.1550000011920929
42.229761,"/drivetrain/leftOutputLog",0
42.229765,"/drivetrain/rightOutputLog",-0
42.230683,"/intake/pos",0
42.230687,"/intake/output",0
42.230889,"/shooter/rpm",5742
42.230893,"/shooter/output",0.1
42.230939,"/shooter/hasBall",true
42.231024,"/shooter/temperature",42
42.231215,"/climber/rightPos",0
42.250703,"/drivetrain/leftPos",0
42.250757,"/drivetrain/leftVelocity",0
42.250771,"/drivetrain/rightPos",0
42.250782,"/drivetrain/rightVelocity",0
42.250786,"/drivetrain/heading",-2.309999942779541
42.25079,"/drivetrain/headingVelocity",0.0610351525247097
42.250793,"/drivetrain/xAcceleration",-0.04399999976158142
42.250796,"/drivetrain/yAcceleration",-0.04600000008940697
42.2508,"/drivetrain/leftOutputLog",0
42.250803,"/drivetrain/rightOutputLog",-0
42.251008,"/intake/pos",0
42.251012,"/intake/output",0
42.251187,"/shooter/rpm",5712
42.251191,"/shooter/output",0.1
42.25123,"/shooter/hasBall",true
42.251263,"/shooter/temperature",42
42.251461,"/climber/rightPos",0
42.270298,"/drivetrain/leftPos",0
42.270322,"/drivetrain/leftVelocity",0
42.270338,"/drivetrain/rightPos",0
42.270356,"/drivetrain/rightVelocity",0
42.270361,"/drivetrain/heading",-2.299999952316284
42.270365,"/drivetrain/headingVelocity",-0.3662109076976776
42.270368,"/drivetrain/xAcceleration",0.06599999964237213
42.270371,"/drivetrain/yAcceleration",0.05000000074505806
42.270375,"/drivetrain/leftOutputLog",0
42.270378,"/drivetrain/rightOutputLog",-0
42.270572,"/intake/pos",0
42.270576,"/intake/output",0
42.270739,"/shooter/rpm",5712
42.270744,"/shooter/output",0.1
42.270765,"/shooter/hasBall",true
42.270788,"/shooter/temperature",42
42.270934,"/climber/rightPos",0
42.289118,"/drivetrain/leftPos",0
42.289133,"/drivetrain/leftVelocity",0
42.289147,"/drivetrain/rightPos",0
42.289157,"/drivetrain/rightVelocity",0
42.289161,"/drivetrain/heading",-2.309999942779541
42.289165,"/drivetrain/headingVelocity",0.30517578125
42.289168,"/drivetrain/xAcceleration",0.08100000023841858
42.289171,"/drivetrain/yAcceleration",0.05900000035762787
42.289175,"/drivetrain/leftOutputLog",0
42.289178,"/drivetrain/rightOutputLog",-0
42.289438,"/intake/pos",0
42.289442,"/intake/output",0
42.289841,"/shooter/rpm",5639
42.289844,"/shooter/output",0.1
42.28989,"/shooter/hasBall",true
42.289925,"/shooter/temperature",42
42.290417,"/climber/rightPos",0
42.310462,"/drivetrain/leftPos",0
42.310492,"/drivetrain/leftVelocity",0
42.310508,"/drivetrain/rightPos",0
42.310518,"/drivetrain/rightVelocity",0
42.310523,"/drivetrain/heading",-2.309999942779541
42.310526,"/drivetrain/headingVelocity",0
42.310529,"/drivetrain/xAcceleration",0.11299999803304672
42.310533,"/drivetrain/yAcceleration",0.08799999952316284
42.310536,"/drivetrain/leftOutputLog",0
42.310539,"/drivetrain/rightOutputLog",-0
42.310904,"/intake/pos",0
42.310908,"/intake/output",0
42.311106,"/shooter/rpm",5611
42.31111,"/shooter/output",0.1
42.311153,"/shooter/hasBall",true
42.311176,"/shooter/temperature",42
42.311359,"/climber/rightPos",0
42.329179,"/drivetrain/leftPos",0
42.329192,"/drivetrain/leftVelocity",0
42.329205,"/drivetrain/rightPos",0
42.329214,"/drivetrain/rightVelocity",0
42.329218,"/drivetrain/heading",-2.309999942779541
42.329222,"/drivetrain/headingVelocity",0.0610351525247097
42.329225,"/drivetrain/xAcceleration",-0.10599999874830246
42.329228,"/drivetrain/yAcceleration",-0.07100000232458115
42.329231,"/drivetrain/leftOutputLog",0
42.329234,"/drivetrain/rightOutputLog",-0
42.329426,"/intake/pos",0
42.32943,"/intake/output",0
42.330146,"/shooter/rpm",5611
42.33015,"/shooter/output",0.1
42.330307,"/shooter/hasBall",true
42.330333,"/shooter/temperature",42
42.330926,"/climber/rightPos",0
42.349272,"/drivetrain/leftPos",0
42.349286,"/drivetrain/leftVelocity",0
42.3493,"/drivetrain/rightPos",0
42.349311,"/drivetrain/rightVelocity",0
42.349317,"/drivetrain/heading",-2.309999942779541
42.349321,"/drivetrain/headingVelocity",0.30517578125
42.349324,"/drivetrain/xAcceleration",0
42.349327,"/drivetrain/yAcceleration",0.05900000035762787
42.349331,"/drivetrain/leftOutputLog",0
42.349334,"/drivetrain/rightOutputLog",-0
42.350822,"/intake/pos",0
42.350826,"/intake/output",0
42.351277,"/shooter/rpm",5542
42.351281,"/shooter/output",0.1
42.351321,"/shooter/hasBall",true
42.351365,"/shooter/temperature",42
42.351518,"/climber/rightPos",0
42.369992,"/drivetrain/leftPos",0
42.370006,"/drivetrain/leftVelocity",0
42.37002,"/drivetrain/rightPos",0
42.370031,"/drivetrain/rightVelocity",0
42.370036,"/drivetrain/heading",-2.299999952316284
42.370039,"/drivetrain/headingVelocity",0.1831054538488388
42.370043,"/drivetrain/xAcceleration",0.024000000208616257
42.370046,"/drivetrain/yAcceleration",0.2849999964237213
42.370049,"/drivetrain/leftOutputLog",0
42.370052,"/drivetrain/rightOutputLog",-0
42.370437,"/intake/pos",0
42.370441,"/intake/output",0
42.370634,"/shooter/rpm",5542
42.370638,"/shooter/output",0.1
42.370661,"/shooter/hasBall",true
42.370707,"/shooter/temperature",42
42.370852,"/climber/rightPos",0
42.389233,"/drivetrain/leftPos",0
42.389246,"/drivetrain/leftVelocity",0
42.38926,"/drivetrain/rightPos",0
42.389271,"/drivetrain/rightVelocity",0
42.389275,"/drivetrain/heading",-2.299999952316284
42.389279,"/drivetrain/headingVelocity",-0.1220703050494194
42.389389,"/drivetrain/xAcceleration",-0.10499999672174454
42.389397,"/drivetrain/yAcceleration",-0.2160000056028366
42.3894,"/drivetrain/leftOutputLog",0
42.389404,"/drivetrain/rightOutputLog",-0
42.390056,"/intake/pos",0
42.39006,"/intake/output",0
42.390318,"/shooter/rpm",5476
42.390322,"/shooter/output",0.1
42.390777,"/shooter/hasBall",true
42.390843,"/shooter/temperature",42
42.391115,"/climber/rightPos",0
42.409674,"/drivetrain/leftPos",0
42.409689,"/drivetrain/leftVelocity",0
42.409754,"/drivetrain/rightPos",0
42.409771,"/drivetrain/rightVelocity",0
42.409775,"/drivetrain/heading",-2.299999952316284
42.409779,"/drivetrain/headingVelocity",0.0610351525247097
42.409782,"/drivetrain/xAcceleration",0.0689999982714653
42.409785,"/drivetrain/yAcceleration",0.23899999260902405
42.409789,"/drivetrain/leftOutputLog",0
42.409792,"/drivetrain/rightOutputLog",-0
42.410131,"/intake/pos",0
42.410135,"/intake/output",0
42.410599,"/shooter/rpm",5436
42.410605,"/shooter/output",0.1
42.410658,"/shooter/hasBall",true
42.410709,"/shooter/temperature",42
42.41109,"/climber/rightPos",0
42.429523,"/drivetrain/leftPos",0
42.429536,"/drivetrain/leftVelocity",0
42.429549,"/drivetrain/rightPos",0
42.42956,"/drivetrain/rightVelocity",0
42.429564,"/drivetrain/heading",-2.299999952316284
42.429568,"/drivetrain/headingVelocity",0
42.429571,"/drivetrain/xAcceleration",0.020999999716877937
42.429574,"/drivetrain/yAcceleration",0.17599999904632568
42.429577,"/drivetrain/leftOutputLog",0
42.42958,"/drivetrain/rightOutputLog",-0
42.429805,"/intake/pos",0
42.42981,"/intake/output",0
42.430426,"/shooter/rpm",5406
42.43043,"/shooter/output",0.1
42.430677,"/shooter/hasBall",true
42.430734,"/shooter/temperature",42
42.43097,"/climber/rightPos",0
42.44929,"/drivetrain/leftPos",0
42.449303,"/drivetrain/leftVelocity",0
42.449317,"/drivetrain/rightPos",0
42.449327,"/drivetrain/rightVelocity",0
42.449331,"/drivetrain/heading",-2.299999952316284
42.449335,"/drivetrain/headingVelocity",0
42.449338,"/drivetrain/xAcceleration",-0.03799999877810478
42.449341,"/drivetrain/yAcceleration",-0.11699999868869781
42.449345,"/drivetrain/leftOutputLog",0
42.449348,"/drivetrain/rightOutputLog",-0
42.449547,"/intake/pos",0
42.449551,"/intake/output",0
42.44974,"/shooter/rpm",5406
42.449743,"/shooter/output",0.1
42.449766,"/shooter/hasBall",true
42.4498,"/shooter/temperature",42
42.449974,"/climber/rightPos",0
42.46987,"/drivetrain/leftPos",0
42.469885,"/drivetrain/leftVelocity",0
42.469899,"/drivetrain/rightPos",0
42.469909,"/drivetrain/rightVelocity",0
42.469914,"/drivetrain/heading",-2.309999942779541
42.469918,"/drivetrain/headingVelocity",0.2441406100988388
42.469921,"/drivetrain/xAcceleration",-0.050999999046325684
42.469924,"/drivetrain/yAcceleration",0.08500000089406967
42.469927,"/drivetrain/leftOutputLog",0
42.469931,"/drivetrain/rightOutputLog",-0
42.472005,"/intake/pos",0
42.472009,"/intake/output",0
42.476591,"/shooter/rpm",5316
42.476595,"/shooter/output",0.1
42.476652,"/shooter/hasBall",true
42.476696,"/shooter/temperature",42
42.47978,"/climber/rightPos",0
42.490478,"/drivetrain/leftPos",0
42.490492,"/drivetrain/leftVelocity",0
42.490506,"/drivetrain/rightPos",0
42.490606,"/drivetrain/rightVelocity",0
42.490611,"/drivetrain/heading",-2.309999942779541
42.490615,"/drivetrain/headingVelocity",0.2441406100988388
42.490618,"/drivetrain/xAcceleration",0.014000000432133675
42.490621,"/drivetrain/yAcceleration",-0.003000000026077032
42.490625,"/drivetrain/leftOutputLog",0
42.490628,"/drivetrain/rightOutputLog",-0
42.491124,"/intake/pos",0
42.491127,"/intake/output",0
42.491299,"/shooter/rpm",5316
42.491303,"/shooter/output",0.1
42.491325,"/shooter/hasBall",true
42.491347,"/shooter/temperature",42
42.491483,"/climber/rightPos",0
42.509802,"/drivetrain/leftPos",0
42.509817,"/drivetrain/leftVelocity",0
42.509832,"/drivetrain/rightPos",0
42.509842,"/drivetrain/rightVelocity",0
42.509846,"/drivetrain/heading",-2.299999952316284
42.50985,"/drivetrain/headingVelocity",-0.2441406100988388
42.509853,"/drivetrain/xAcceleration",0.08299999684095383
42.509856,"/drivetrain/yAcceleration",0.06199999898672104
42.509859,"/drivetrain/leftOutputLog",0
42.509863,"/drivetrain/rightOutputLog",-0
42.510453,"/intake/pos",0
42.510457,"/intake/output",0
42.512026,"/shooter/rpm",5287
42.51203,"/shooter/output",0.1
42.512089,"/shooter/hasBall",true
42.512122,"/shooter/temperature",42
42.51558,"/climber/rightPos",0
42.529681,"/drivetrain/leftPos",0
42.529695,"/drivetrain/leftVelocity",0
42.52971,"/drivetrain/rightPos",0
42.529721,"/drivetrain/rightVelocity",0
42.529725,"/drivetrain/heading",-2.299999952316284
42.529729,"/drivetrain/headingVelocity",-0.1220703050494194
42.529732,"/drivetrain/xAcceleration",0.050999999046325684
42.529736,"/drivetrain/yAcceleration",-0.02800000086426735
42.529739,"/drivetrain/leftOutputLog",0
42.529742,"/drivetrain/rightOutputLog",-0
42.530045,"/intake/pos",0
42.530048,"/intake/output",0
42.531075,"/shooter/rpm",5287
42.53108,"/shooter/output",0.1
42.531108,"/shooter/hasBall",true
42.53113,"/shooter/temperature",42
42.531294,"/climber/rightPos",0
42.550498,"/drivetrain/leftPos",0
42.550512,"/drivetrain/leftVelocity",0
42.550526,"/drivetrain/rightPos",0
42.550536,"/drivetrain/rightVelocity",0
42.550541,"/drivetrain/heading",-2.299999952316284
42.550544,"/drivetrain/headingVelocity",-0.1831054538488388
42.550548,"/drivetrain/xAcceleration",0
42.550553,"/drivetrain/yAcceleration",0.024000000208616257
42.550557,"/drivetrain/leftOutputLog",0
42.55056,"/drivetrain/rightOutputLog",-0
42.550898,"/intake/pos",0
42.550902,"/intake/output",0
42.551123,"/shooter/rpm",5220
42.551128,"/shooter/output",0.1
42.551177,"/shooter/hasBall",true
42.551201,"/shooter/temperature",42
42.55138,"/climber/rightPos",0
42.569329,"/drivetrain/leftPos",0
42.569343,"/drivetrain/leftVelocity",0
42.569356,"/drivetrain/rightPos",0
42.569365,"/drivetrain/rightVelocity",0
42.56937,"/drivetrain/heading",-2.299999952316284
42.569373,"/drivetrain/headingVelocity",0.1831054538488388
42.569376,"/drivetrain/xAcceleration",-0.08900000154972076
42.56938,"/drivetrain/yAcceleration",0.05700000002980232
42.569383,"/drivetrain/leftOutputLog",0
42.569386,"/drivetrain/rightOutputLog",-0
42.569605,"/intake/pos",0
42.569609,"/intake/output",0
42.569833,"/shooter/rpm",5220
42.569837,"/shooter/output",0.1
42.56996,"/shooter/hasBall",true
42.570015,"/shooter/temperature",42
42.570239,"/climber/rightPos",0
42.589539,"/drivetrain/leftPos",0
42.589554,"/drivetrain/leftVelocity",0
42.589568,"/drivetrain/rightPos",0
42.589578,"/drivetrain/rightVelocity",0
42.589692,"/drivetrain/heading",-2.299999952316284
42.589701,"/drivetrain/headingVelocity",0
42.589705,"/drivetrain/xAcceleration",0.04899999871850014
42.589708,"/drivetrain/yAcceleration",0.010999999940395355
42.589711,"/drivetrain/leftOutputLog",0
42.589715,"/drivetrain/rightOutputLog",-0
42.590304,"/intake/pos",0
42.590308,"/intake/output",0
42.590537,"/shooter/rpm",5159
42.590541,"/shooter/output",0.1
42.590583,"/shooter/hasBall",true
42.590624,"/shooter/temperature",42
42.590808,"/climber/rightPos",0
42.609938,"/drivetrain/leftPos",0
42.609956,"/drivetrain/leftVelocity",0
42.60997,"/drivetrain/rightPos",0
42.609981,"/drivetrain/rightVelocity",0
42.609986,"/drivetrain/heading",-2.299999952316284
42.60999,"/drivetrain/headingVelocity",0.1831054538488388
42.609993,"/drivetrain/xAcceleration",0.04100000113248825
42.609997,"/drivetrain/yAcceleration",0.04100000113248825
42.61,"/drivetrain/leftOutputLog",0
42.610004,"/drivetrain/rightOutputLog",-0
42.610209,"/intake/pos",0
42.610212,"/intake/output",0
42.610401,"/shooter/rpm",5124
42.610405,"/shooter/output",0.1
42.610448,"/shooter/hasBall",true
42.610488,"/shooter/temperature",42
42.610716,"/climber/rightPos",0
42.629641,"/drivetrain/leftPos",0
42.629658,"/drivetrain/leftVelocity",0
42.629672,"/drivetrain/rightPos",0
42.629863,"/drivetrain/rightVelocity",0
42.629868,"/drivetrain/heading",-2.299999952316284
42.629872,"/drivetrain/headingVelocity",-0.1220703050494194
42.629875,"/drivetrain/xAcceleration",-0.04100000113248825
42.629984,"/drivetrain/yAcceleration",-0.008999999612569809
42.629992,"/drivetrain/leftOutputLog",0
42.629996,"/drivetrain/rightOutputLog",-0
42.630321,"/intake/pos",0
42.630325,"/intake/output",0
42.630523,"/shooter/rpm",5098
42.630528,"/shooter/output",0.1
42.63057,"/shooter/hasBall",true
42.630608,"/shooter/temperature",42
42.630844,"/climber/rightPos",0
42.649371,"/drivetrain/leftPos",0
42.649386,"/drivetrain/leftVelocity",0
42.6494,"/drivetrain/rightPos",0
42.649411,"/drivetrain/rightVelocity",0
42.649415,"/drivetrain/heading",-2.299999952316284
42.649419,"/drivetrain/headingVelocity",-0.1220703050494194
42.649422,"/drivetrain/xAcceleration",-0.0430000014603138
42.649425,"/drivetrain/yAcceleration",-0.039000000804662704
42.649429,"/drivetrain/leftOutputLog",0
42.649432,"/drivetrain/rightOutputLog",-0
42.649692,"/intake/pos",0
42.649696,"/intake/output",0
42.650397,"/shooter/rpm",5061
42.650401,"/shooter/output",0.1
42.650447,"/shooter/hasBall",true
42.650821,"/shooter/temperature",42
42.651005,"/climber/rightPos",0
42.669322,"/drivetrain/leftPos",0
42.669336,"/drivetrain/leftVelocity",0
42.669349,"/drivetrain/rightPos",0
42.669359,"/drivetrain/rightVelocity",0
42.669363,"/drivetrain/heading",-2.299999952316284
42.669367,"/drivetrain/headingVelocity",0
42.66937,"/drivetrain/xAcceleration",0.05999999865889549
42.669373,"/drivetrain/yAcceleration",0.028999999165534973
42.669376,"/drivetrain/leftOutputLog",0
42.669379,"/drivetrain/rightOutputLog",-0
42.669575,"/intake/pos",0
42.669578,"/intake/output",0
42.669769,"/shooter/rpm",5061
42.669773,"/shooter/output",0.1
42.669793,"/shooter/hasBall",true
42.669828,"/shooter/temperature",42
42.670063,"/climber/rightPos",0
42.689989,"/drivetrain/leftPos",0
42.690005,"/drivetrain/leftVelocity",0
42.690019,"/drivetrain/rightPos",0
42.690163,"/drivetrain/rightVelocity",0
42.690168,"/drivetrain/heading",-2.299999952316284
42.690171,"/drivetrain/headingVelocity",0.0610351525247097
42.690175,"/drivetrain/xAcceleration",0.061000000685453415
42.690178,"/drivetrain/yAcceleration",-0.03799999877810478
42.690182,"/drivetrain/leftOutputLog",0
42.690185,"/drivetrain/rightOutputLog",-0
42.690393,"/intake/pos",0
42.690397,"/intake/output",0
42.690577,"/shooter/rpm",4996
42.690581,"/shooter/output",0.1
42.690621,"/shooter/hasBall",true
42.690657,"/shooter/temperature",42
42.690816,"/climber/rightPos",0
42.709547,"/drivetrain/leftPos",0
42.709615,"/drivetrain/leftVelocity",0
42.709637,"/drivetrain/rightPos",0
42.709647,"/drivetrain/rightVelocity",0
42.709652,"/drivetrain/heading",-2.309999942779541
42.709656,"/drivetrain/headingVelocity",0.30517578125
42.709659,"/drivetrain/xAcceleration",-0.12099999934434891
42.709662,"/drivetrain/yAcceleration",0
42.709666,"/drivetrain/leftOutputLog",0
42.709669,"/drivetrain/rightOutputLog",-0
42.710119,"/intake/pos",0
42.710123,"/intake/output",0
42.710515,"/shooter/rpm",4971
42.710519,"/shooter/output",0.1
42.71057,"/shooter/hasBall",true
42.710607,"/shooter/temperature",42
42.711013,"/climber/rightPos",0
42.729986,"/drivetrain/leftPos",0
42.730014,"/drivetrain/leftVelocity",0
42.730029,"/drivetrain/rightPos",0
42.73004,"/drivetrain/rightVelocity",0
42.730044,"/drivetrain/heading",-2.309999942779541
42.730048,"/drivetrain/headingVelocity",0.1220703050494194
42.730051,"/drivetrain/xAcceleration",0.027000000700354576
42.730054,"/drivetrain/yAcceleration",0.05400000140070915
42.730058,"/drivetrain/leftOutputLog",0
42.730061,"/drivetrain/rightOutputLog",-0
42.730303,"/intake/pos",0
42.730307,"/intake/output",0
42.730501,"/shooter/rpm",4935
42.730505,"/shooter/output",0.1
42.730547,"/shooter/hasBall",true
42.730581,"/shooter/temperature",42
42.730794,"/climber/rightPos",0
42.749221,"/drivetrain/leftPos",0
42.749235,"/drivetrain/leftVelocity",0
42.749248,"/drivetrain/rightPos",0
42.749258,"/drivetrain/rightVelocity",0
42.749263,"/drivetrain/heading",-2.319999933242798
42.749267,"/drivetrain/headingVelocity",0.3662109076976776
42.74927,"/drivetrain/xAcceleration",-0.035999998450279236
42.749274,"/drivetrain/yAcceleration",-0.052000001072883606
42.749277,"/drivetrain/leftOutputLog",0
42.74928,"/drivetrain/rightOutputLog",-0
42.749478,"/intake/pos",0
42.749482,"/intake/output",0
42.749673,"/shooter/rpm",4935
42.749677,"/shooter/output",0.1
42.749698,"/shooter/hasBall",true
42.74972,"/shooter/temperature",42
42.749885,"/climber/rightPos",0
42.769796,"/drivetrain/leftPos",0
42.769811,"/drivetrain/leftVelocity",0
42.769826,"/drivetrain/rightPos",0
42.769836,"/drivetrain/rightVelocity",0
42.76984,"/drivetrain/heading",-2.319999933242798
42.769844,"/drivetrain/headingVelocity",-0.0610351525247097
42.769847,"/drivetrain/xAcceleration",0.02500000037252903
42.76985,"/drivetrain/yAcceleration",0.010999999940395355
42.769853,"/drivetrain/leftOutputLog",0
42.769857,"/drivetrain/rightOutputLog",-0
42.770226,"/intake/pos",0
42.77023,"/intake/output",0
42.770616,"/shooter/rpm",4879
42.77062,"/shooter/output",0.1
42.771037,"/shooter/hasBall",true
42.771076,"/shooter/temperature",42
42.77141,"/climber/rightPos",0
42.789626,"/drivetrain/leftPos",0
42.78964,"/drivetrain/leftVelocity",0
42.789654,"/drivetrain/rightPos",0
42.789664,"/drivetrain/rightVelocity",0
42.789669,"/drivetrain/heading",-2.319999933242798
42.789672,"/drivetrain/headingVelocity",0.0610351525247097
42.789676,"/drivetrain/xAcceleration",-0.03099999949336052
42.789679,"/drivetrain/yAcceleration",-0.014999999664723873
42.789682,"/drivetrain/leftOutputLog",0
42.789686,"/drivetrain/rightOutputLog",-0
42.790065,"/intake/pos",0
42.790069,"/intake/output",0
42.790672,"/shooter/rpm",4855
42.790676,"/shooter/output",0.1
42.790722,"/shooter/hasBall",true
42.790744,"/shooter/temperature",42
42.790933,"/climber/rightPos",0
42.810092,"/drivetrain/leftPos",0
42.810107,"/drivetrain/leftVelocity",0
42.810121,"/drivetrain/rightPos",0
42.810131,"/drivetrain/rightVelocity",0
42.810136,"/drivetrain/heading",-2.319999933242798
42.81014,"/drivetrain/headingVelocity",0.1220703050494194
42.810143,"/drivetrain/xAcceleration",-0.052000001072883606
42.810147,"/drivetrain/yAcceleration",0.07699999958276749
42.81015,"/drivetrain/leftOutputLog",0
42.810153,"/drivetrain/rightOutputLog",-0
42.810386,"/intake/pos",0
42.810389,"/intake/output",0
42.810569,"/shooter/rpm",4824
42.810573,"/shooter/output",0.1
42.810613,"/shooter/hasBall",true
42.810634,"/shooter/temperature",42
42.810798,"/climber/rightPos",0
42.82923,"/drivetrain/leftPos",0
42.829244,"/drivetrain/leftVelocity",0
42.829258,"/drivetrain/rightPos",0
42.829268,"/drivetrain/rightVelocity",0
42.829273,"/drivetrain/heading",-2.319999933242798
42.829276,"/drivetrain/headingVelocity",-0.1220703050494194
42.82928,"/drivetrain/xAcceleration",0.07199999690055847
42.829283,"/drivetrain/yAcceleration",-0.06199999898672104
42.829286,"/drivetrain/leftOutputLog",0
42.829289,"/drivetrain/rightOutputLog",-0
42.829535,"/intake/pos",0
42.829539,"/intake/output",0
42.829768,"/shooter/rpm",4824
42.829772,"/shooter/output",0.1
42.829795,"/shooter/hasBall",true
42.829839,"/shooter/temperature",42
42.829993,"/climber/rightPos",0
42.849224,"/drivetrain/leftPos",0
42.849237,"/drivetrain/leftVelocity",0
42.84925,"/drivetrain/rightPos",0
42.84926,"/drivetrain/rightVelocity",0
42.849264,"/drivetrain/heading",-2.319999933242798
42.849268,"/drivetrain/headingVelocity",-0.0610351525247097
42.849271,"/drivetrain/xAcceleration",0.061000000685453415
42.849274,"/drivetrain/yAcceleration",0.04899999871850014
42.849278,"/drivetrain/leftOutputLog",0
42.849281,"/drivetrain/rightOutputLog",-0
42.849466,"/intake/pos",0
42.84947,"/intake/output",0
42.849649,"/shooter/rpm",4770
42.849653,"/shooter/output",0.1
42.850029,"/shooter/hasBall",true
42.850096,"/shooter/temperature",42
42.850303,"/climber/rightPos",0
42.869247,"/drivetrain/leftPos",0
42.86926,"/drivetrain/leftVelocity",0
42.869274,"/drivetrain/rightPos",0
42.869284,"/drivetrain/rightVelocity",0
42.869288,"/drivetrain/heading",-2.319999933242798
42.869292,"/drivetrain/headingVelocity",-0.0610351525247097
42.869295,"/drivetrain/xAcceleration",0.061000000685453415
42.869298,"/drivetrain/yAcceleration",0.04899999871850014
42.869301,"/drivetrain/leftOutputLog",0
42.869304,"/drivetrain/rightOutputLog",-0
42.869492,"/intake/pos",0
42.869495,"/intake/output",0
42.870287,"/shooter/rpm",4735
42.870291,"/shooter/output",0.1
42.870341,"/shooter/hasBall",true
42.870389,"/shooter/temperature",42
42.870619,"/climber/rightPos",0
42.889213,"/drivetrain/leftPos",0
42.889228,"/drivetrain/leftVelocity",0
42.889241,"/drivetrain/rightPos",0
42.889251,"/drivetrain/rightVelocity",0
42.889256,"/drivetrain/heading",-2.319999933242798
42.88926,"/drivetrain/headingVelocity",-0.0610351525247097
42.889263,"/drivetrain/xAcceleration",0.061000000685453415
42.889266,"/drivetrain/yAcceleration",0.04899999871850014
42.889269,"/drivetrain/leftOutputLog",0
42.889273,"/drivetrain/rightOutputLog",-0
42.88945,"/intake/pos",0
42.889454,"/intake/output",0
42.889622,"/shooter/rpm",4735
42.889626,"/shooter/output",0.1
42.889649,"/shooter/hasBall",true
42.889695,"/shooter/temperature",42
42.889907,"/climber/rightPos",0
42.909405,"/drivetrain/leftPos",0
42.909418,"/drivetrain/leftVelocity",0
42.909431,"/drivetrain/rightPos",0
42.909441,"/drivetrain/rightVelocity",0
42.909446,"/drivetrain/heading",-2.319999933242798
42.909449,"/drivetrain/headingVelocity",-0.1220703050494194
42.909452,"/drivetrain/xAcceleration",0.009999999776482582
42.909456,"/drivetrain/yAcceleration",-0.057999998331069946
42.909459,"/drivetrain/leftOutputLog",0
42.909462,"/drivetrain/rightOutputLog",-0
42.909645,"/intake/pos",0
42.909649,"/intake/output",0
42.90983,"/shooter/rpm",4672
42.909833,"/shooter/output",0.1
42.909873,"/shooter/hasBall",true
42.909913,"/shooter/temperature",42
42.910135,"/climber/rightPos",0
42.931058,"/drivetrain/leftPos",0
42.931071,"/drivetrain/leftVelocity",0
42.931084,"/drivetrain/rightPos",0
42.931093,"/drivetrain/rightVelocity",0
42.931098,"/drivetrain/heading",-2.319999933242798
42.931101,"/drivetrain/headingVelocity",-0.2441406100988388
42.931105,"/drivetrain/xAcceleration",0.0560000017285347
42.931108,"/drivetrain/yAcceleration",0.08799999952316284
42.931111,"/drivetrain/leftOutputLog",0
42.931114,"/drivetrain/rightOutputLog",-0
42.931309,"/intake/pos",0
42.931313,"/intake/output",0
42.931494,"/shooter/rpm",4643
42.931497,"/shooter/output",0.1
42.931537,"/shooter/hasBall",true
42.93157,"/shooter/temperature",42
42.931755,"/climber/rightPos",0
42.950276,"/drivetrain/leftPos",0
42.950291,"/drivetrain/leftVelocity",0
42.950303,"/drivetrain/rightPos",0
42.950314,"/drivetrain/rightVelocity",0
42.950319,"/drivetrain/heading",-2.319999933242798
42.950322,"/drivetrain/headingVelocity",-0.0610351525247097
42.950326,"/drivetrain/xAcceleration",0
42.950329,"/drivetrain/yAcceleration",-0.017999999225139618
42.950332,"/drivetrain/leftOutputLog",0
42.950336,"/drivetrain/rightOutputLog",-0
42.950838,"/intake/pos",0
42.950842,"/intake/output",0
42.951355,"/shooter/rpm",4606
42.951359,"/shooter/output",0.1
42.951446,"/shooter/hasBall",true
42.951485,"/shooter/temperature",42
42.951726,"/climber/rightPos",0
42.969416,"/drivetrain/leftPos",0
42.96943,"/drivetrain/leftVelocity",0
42.969445,"/drivetrain/rightPos",0
42.969455,"/drivetrain/rightVelocity",0
42.96946,"/drivetrain/heading",-2.309999942779541
42.969463,"/drivetrain/headingVelocity",-0.1831054538488388
42.969467,"/drivetrain/xAcceleration",0.09000000357627869
42.96947,"/drivetrain/yAcceleration",0.027000000700354576
42.969473,"/drivetrain/leftOutputLog",0
42.969477,"/drivetrain/rightOutputLog",-0
42.969945,"/intake/pos",0
42.969949,"/intake/output",0
42.970262,"/shooter/rpm",4606
42.970266,"/shooter/output",0.1
42.97029,"/shooter/hasBall",true
42.970313,"/shooter/temperature",42
42.970491,"/climber/rightPos",0
42.989367,"/drivetrain/leftPos",0
42.98938,"/drivetrain/leftVelocity",0
42.989393,"/drivetrain/rightPos",0
42.989404,"/drivetrain/rightVelocity",0
42.989409,"/drivetrain/heading",-2.309999942779541
42.989412,"/drivetrain/headingVelocity",0.1220703050494194
42.989415,"/drivetrain/xAcceleration",-0.03400000184774399
42.989418,"/drivetrain/yAcceleration",0.039000000804662704
42.989422,"/drivetrain/leftOutputLog",0
42.989425,"/drivetrain/rightOutputLog",-0
42.989686,"/intake/pos",0
42.98969,"/intake/output",0
42.989953,"/shooter/rpm",4552
42.989957,"/shooter/output",0.1
42.990001,"/shooter/hasBall",true
42.990029,"/shooter/temperature",42
42.990882,"/climber/rightPos",0
43.009608,"/drivetrain/leftPos",0
43.009623,"/drivetrain/leftVelocity",0
43.009637,"/drivetrain/rightPos",0
43.009646,"/drivetrain/rightVelocity",0
43.009651,"/drivetrain/heading",-2.309999942779541
43.009654,"/drivetrain/headingVelocity",-0.1220703050494194
43.009658,"/drivetrain/xAcceleration",-0.07000000029802322
43.009661,"/drivetrain/yAcceleration",-0.01899999938905239
43.009664,"/drivetrain/leftOutputLog",0
43.009667,"/drivetrain/rightOutputLog",-0
43.009866,"/intake/pos",0
43.009869,"/intake/output",0
43.010041,"/shooter/rpm",4526
43.010045,"/shooter/output",0.1
43.010084,"/shooter/hasBall",true
43.010105,"/shooter/temperature",42
43.010352,"/climber/rightPos",0
43.029517,"/drivetrain/leftPos",0
43.029529,"/drivetrain/leftVelocity",0
43.029543,"/drivetrain/rightPos",0
43.029553,"/drivetrain/rightVelocity",0
43.029557,"/drivetrain/heading",-2.309999942779541
43.029561,"/drivetrain/headingVelocity",0.0610351525247097
43.029564,"/drivetrain/xAcceleration",-0.039000000804662704
43.029567,"/drivetrain/yAcceleration",-0.03400000184774399
43.02957,"/drivetrain/leftOutputLog",0
43.029574,"/drivetrain/rightOutputLog",-0
43.029778,"/intake/pos",0
43.029782,"/intake/output",0
43.029959,"/shooter/rpm",4500
43.029963,"/shooter/output",0.1
43.029999,"/shooter/hasBall",true
43.030021,"/shooter/temperature",42
43.030191,"/climber/rightPos",0
43.049605,"/drivetrain/leftPos",0
43.04962,"/drivetrain/leftVelocity",0
43.049634,"/drivetrain/rightPos",0
43.049644,"/drivetrain/rightVelocity",0
43.049649,"/drivetrain/heading",-2.309999942779541
43.049652,"/drivetrain/headingVelocity",-0.0610351525247097
43.049656,"/drivetrain/xAcceleration",-0.057999998331069946
43.049659,"/drivetrain/yAcceleration",-0.07699999958276749
43.049662,"/drivetrain/leftOutputLog",0
43.049665,"/drivetrain/rightOutputLog",-0
43.049921,"/intake/pos",0
43.049927,"/intake/output",0
43.050135,"/shooter/rpm",4483
43.050139,"/shooter/output",0.1
43.050221,"/shooter/hasBall",true
43.050266,"/shooter/temperature",42
43.05046,"/climber/rightPos",0
43.070204,"/drivetrain/leftPos",0
43.070219,"/drivetrain/leftVelocity",0
43.070235,"/drivetrain/rightPos",0
43.070246,"/drivetrain/rightVelocity",0
43.070251,"/drivetrain/heading",-2.299999952316284
43.070255,"/drivetrain/headingVelocity",-0.1220703050494194
43.070258,"/drivetrain/xAcceleration",0.09700000286102295
43.070262,"/drivetrain/yAcceleration",0.04699999839067459
43.070265,"/drivetrain/leftOutputLog",0
43.070268,"/drivetrain/rightOutputLog",-0
43.070751,"/intake/pos",0
43.070756,"/intake/output",0
43.07119,"/shooter/rpm",4451
43.071194,"/shooter/output",0.1
43.071279,"/shooter/hasBall",true
43.07133,"/shooter/temperature",42
43.071507,"/climber/rightPos",0
43.08995,"/drivetrain/leftPos",0
43.089965,"/drivetrain/leftVelocity",0
43.089978,"/drivetrain/rightPos",0
43.089988,"/drivetrain/rightVelocity",0
43.089993,"/drivetrain/heading",-2.299999952316284
43.089997,"/drivetrain/headingVelocity",-0.1831054538488388
43.09,"/drivetrain/xAcceleration",0.01899999938905239
43.090003,"/drivetrain/yAcceleration",0.11900000274181366
43.090007,"/drivetrain/leftOutputLog",0
43.09001,"/drivetrain/rightOutputLog",-0
43.09024,"/intake/pos",0
43.090243,"/intake/output",0
43.090463,"/shooter/rpm",4451
43.090467,"/shooter/output",0.1
43.090489,"/shooter/hasBall",true
43.090532,"/shooter/temperature",42
43.090709,"/climber/rightPos",0
43.109617,"/drivetrain/leftPos",0
43.109631,"/drivetrain/leftVelocity",0
43.109646,"/drivetrain/rightPos",0
43.109655,"/drivetrain/rightVelocity",0
43.10966,"/drivetrain/heading",-2.299999952316284
43.109663,"/drivetrain/headingVelocity",-0.3662109076976776
43.109667,"/drivetrain/xAcceleration",-0.012000000104308128
43.10967,"/drivetrain/yAcceleration",-0.03799999877810478
43.109673,"/drivetrain/leftOutputLog",0
43.109677,"/drivetrain/rightOutputLog",-0
43.110037,"/intake/pos",0
43.110041,"/intake/output",0
43.11024,"/shooter/rpm",4399
43.110244,"/shooter/output",0.1
43.110287,"/shooter/hasBall",true
43.110329,"/shooter/temperature",42
43.110558,"/climber/rightPos",0
43.129322,"/drivetrain/leftPos",0
43.129336,"/drivetrain/leftVelocity",0
43.129349,"/drivetrain/rightPos",0
43.129358,"/drivetrain/rightVelocity",0
43.129363,"/drivetrain/heading",-2.2899999618530273
43.129367,"/drivetrain/headingVelocity",0
43.12937,"/drivetrain/xAcceleration",-0.028999999165534973
43.129373,"/drivetrain/yAcceleration",0.017999999225139618
43.129376,"/drivetrain/leftOutputLog",0
43.12938,"/drivetrain/rightOutputLog",-0
43.129621,"/intake/pos",0
43.129627,"/intake/output",0
43.12978,"/shooter/rpm",4399
43.129784,"/shooter/output",0.1
43.129804,"/shooter/hasBall",true
43.129844,"/shooter/temperature",42
43.130026,"/climber/rightPos",0
43.14927,"/drivetrain/leftPos",0
43.149284,"/drivetrain/leftVelocity",0
43.149299,"/drivetrain/rightPos",0
43.14931,"/drivetrain/rightVelocity",0
43.149314,"/drivetrain/heading",-2.2899999618530273
43.149318,"/drivetrain/headingVelocity",-0.30517578125
43.149321,"/drivetrain/xAcceleration",0.04699999839067459
43.149324,"/drivetrain/yAcceleration",-0.08299999684095383
43.149328,"/drivetrain/leftOutputLog",0
43.149331,"/drivetrain/rightOutputLog",-0
43.149577,"/intake/pos",0
43.149624,"/intake/output",0
43.1501,"/shooter/rpm",4336
43.150105,"/shooter/output",0.1
43.150155,"/shooter/hasBall",true
43.150196,"/shooter/temperature",42
43.150437,"/climber/rightPos",0
43.169537,"/drivetrain/leftPos",0
43.169551,"/drivetrain/leftVelocity",0
43.169565,"/drivetrain/rightPos",0
43.169575,"/drivetrain/rightVelocity",0
43.16958,"/drivetrain/heading",-2.2899999618530273
43.169584,"/drivetrain/headingVelocity",0.1220703050494194
43.169587,"/drivetrain/xAcceleration",0.03400000184774399
43.16959,"/drivetrain/yAcceleration",-0.00800000037997961
43.169594,"/drivetrain/leftOutputLog",0
43.169598,"/drivetrain/rightOutputLog",-0
43.169973,"/intake/pos",0
43.169977,"/intake/output",0
43.170239,"/shooter/rpm",4311
43.170243,"/shooter/output",0.1
43.170346,"/shooter/hasBall",true
43.17039,"/shooter/temperature",42
43.170659,"/climber/rightPos",0
43.189587,"/drivetrain/leftPos",0
43.189602,"/drivetrain/leftVelocity",0
43.189615,"/drivetrain/rightPos",0
43.189626,"/drivetrain/rightVelocity",0
43.18963,"/drivetrain/heading",-2.299999952316284
43.189634,"/drivetrain/headingVelocity",0
43.189637,"/drivetrain/xAcceleration",-0.019999999552965164
43.189641,"/drivetrain/yAcceleration",0.032999999821186066
43.189644,"/drivetrain/leftOutputLog",0
43.189647,"/drivetrain/rightOutputLog",-0
43.189901,"/intake/pos",0
43.189905,"/intake/output",0
43.190283,"/shooter/rpm",4287
43.190541,"/shooter/output",0.1
43.190599,"/shooter/hasBall",true
43.190646,"/shooter/temperature",42
43.190966,"/climber/rightPos",0
43.209597,"/drivetrain/leftPos",0
43.209612,"/drivetrain/leftVelocity",0
43.209626,"/drivetrain/rightPos",0
43.209636,"/drivetrain/rightVelocity",0
43.20964,"/drivetrain/heading",-2.299999952316284
43.209644,"/drivetrain/headingVelocity",0
43.209647,"/drivetrain/xAcceleration",0.019999999552965164
43.20965,"/drivetrain/yAcceleration",0.003000000026077032
43.209654,"/drivetrain/leftOutputLog",0
43.209657,"/drivetrain/rightOutputLog",-0
43.21007,"/intake/pos",0
43.210074,"/intake/output",0
43.210288,"/shooter/rpm",4262
43.210292,"/shooter/output",0.1
43.210337,"/shooter/hasBall",true
43.210398,"/shooter/temperature",42
43.21056,"/climber/rightPos",0
43.229519,"/drivetrain/leftPos",0
43.229539,"/drivetrain/leftVelocity",0
43.229665,"/drivetrain/rightPos",0
43.229682,"/drivetrain/rightVelocity",0
43.229687,"/drivetrain/heading",-2.299999952316284
43.229691,"/drivetrain/headingVelocity",0.2441406100988388
43.229694,"/drivetrain/xAcceleration",-0.019999999552965164
43.229698,"/drivetrain/yAcceleration",-0.03500000014901161
43.229701,"/drivetrain/leftOutputLog",0
43.229705,"/drivetrain/rightOutputLog",-0
43.230116,"/intake/pos",0
43.23012,"/intake/output",0
43.23053,"/shooter/rpm",4238
43.230534,"/shooter/output",0.1
43.230585,"/shooter/hasBall",true
43.23062,"/shooter/temperature",42
43.230909,"/climber/rightPos",0
43.249305,"/drivetrain/leftPos",0
43.249319,"/drivetrain/leftVelocity",0
43.249333,"/drivetrain/rightPos",0
43.249342,"/drivetrain/rightVelocity",0
43.249347,"/drivetrain/heading",-2.299999952316284
43.24935,"/drivetrain/headingVelocity",-0.1831054538488388
43.249353,"/drivetrain/xAcceleration",0.07100000232458115
43.249356,"/drivetrain/yAcceleration",0.02500000037252903
43.24936,"/drivetrain/leftOutputLog",0
43.249363,"/drivetrain/rightOutputLog",-0
43.249695,"/intake/pos",0
43.249699,"/intake/output",0
43.250039,"/shooter/rpm",4210
43.250043,"/shooter/output",0.1
43.250355,"/shooter/hasBall",true
43.250383,"/shooter/temperature",42
43.250784,"/climber/rightPos",0
43.270105,"/drivetrain/leftPos",0
43.270133,"/drivetrain/leftVelocity",0
43.27015,"/drivetrain/rightPos",0
43.270161,"/drivetrain/rightVelocity",0
43.270166,"/drivetrain/heading",-2.299999952316284
43.27017,"/drivetrain/headingVelocity",0.1220703050494194
43.270173,"/drivetrain/xAcceleration",-0.0560000017285347
43.270176,"/drivetrain/yAcceleration",-0.009999999776482582
43.27018,"/drivetrain/leftOutputLog",0
43.270183,"/drivetrain/rightOutputLog",-0
43.270415,"/intake/pos",0
43.270419,"/intake/output",0
43.270624,"/shooter/rpm",4181
43.270628,"/shooter/output",0.1
43.270665,"/shooter/hasBall",true
43.270687,"/shooter/temperature",42
43.270957,"/climber/rightPos",0
43.289246,"/drivetrain/leftPos",0
43.289261,"/drivetrain/leftVelocity",0
43.289274,"/drivetrain/rightPos",0
43.289284,"/drivetrain/rightVelocity",0
43.289288,"/drivetrain/heading",-2.299999952316284
43.289292,"/drivetrain/headingVelocity",0
43.289295,"/drivetrain/xAcceleration",-0.05700000002980232
43.289298,"/drivetrain/yAcceleration",0.02199999988079071
43.289301,"/drivetrain/leftOutputLog",0
43.289305,"/drivetrain/rightOutputLog",-0
43.289488,"/intake/pos",0
43.289492,"/intake/output",0
43.289695,"/shooter/rpm",4181
43.289738,"/shooter/output",0.1
43.289762,"/shooter/hasBall",true
43.289915,"/shooter/temperature",42
43.290348,"/climber/rightPos",0
43.310149,"/drivetrain/leftPos",0
43.310164,"/drivetrain/leftVelocity",0
43.310178,"/drivetrain/rightPos",0
43.310188,"/drivetrain/rightVelocity",0
43.310193,"/drivetrain/heading",-2.2899999618530273
43.310197,"/drivetrain/headingVelocity",0.1220703050494194
43.310201,"/drivetrain/xAcceleration",0.035999998450279236
43.310204,"/drivetrain/yAcceleration",0
43.310208,"/drivetrain/leftOutputLog",0
43.310211,"/drivetrain/rightOutputLog",-0
43.310586,"/intake/pos",0
43.31059,"/intake/output",0
43.310774,"/shooter/rpm",4132
43.310778,"/shooter/output",0.1
43.310819,"/shooter/hasBall",true
43.31086,"/shooter/temperature",42
43.311013,"/climber/rightPos",0
43.329243,"/drivetrain/leftPos",0
43.329258,"/drivetrain/leftVelocity",0
43.329271,"/drivetrain/rightPos",0
43.329281,"/drivetrain/rightVelocity",0
43.329286,"/drivetrain/heading",-2.299999952316284
43.329289,"/drivetrain/headingVelocity",0.1220703050494194
43.329293,"/drivetrain/xAcceleration",-0.035999998450279236
43.329296,"/drivetrain/yAcceleration",-0.019999999552965164
43.329299,"/drivetrain/leftOutputLog",0
43.329302,"/drivetrain/rightOutputLog",-0
43.329491,"/intake/pos",0
43.329495,"/intake/output",0
43.329658,"/shooter/rpm",4132
43.329662,"/shooter/output",0.1
43.329683,"/shooter/hasBall",true
43.329725,"/shooter/temperature",42
43.330288,"/climber/rightPos",0
43.350903,"/drivetrain/leftPos",0
43.350918,"/drivetrain/leftVelocity",0
43.350931,"/drivetrain/rightPos",0
43.350941,"/drivetrain/rightVelocity",0
43.350946,"/drivetrain/heading",-2.2899999618530273
43.350949,"/drivetrain/headingVelocity",-0.2441406100988388
43.350952,"/drivetrain/xAcceleration",-0.017999999225139618
43.350956,"/drivetrain/yAcceleration",0.014999999664723873
43.350959,"/drivetrain/leftOutputLog",0
43.350962,"/drivetrain/rightOutputLog",-0
43.351199,"/intake/pos",0
43.351203,"/intake/output",0
43.351501,"/shooter/rpm",4081
43.351505,"/shooter/output",0.1
43.351552,"/shooter/hasBall",true
43.351596,"/shooter/temperature",42
43.351893,"/climber/rightPos",0
43.370187,"/drivetrain/leftPos",0
43.370203,"/drivetrain/leftVelocity",0
43.370219,"/drivetrain/rightPos",0
43.370229,"/drivetrain/rightVelocity",0
43.370234,"/drivetrain/heading",-2.299999952316284
43.370238,"/drivetrain/headingVelocity",0.3662109076976776
43.370241,"/drivetrain/xAcceleration",-0.07900000363588333
43.370244,"/drivetrain/yAcceleration",0.010999999940395355
43.370355,"/drivetrain/leftOutputLog",0
43.370364,"/drivetrain/rightOutputLog",-0
43.372555,"/intake/pos",0
43.37256,"/intake/output",0
43.372904,"/shooter/rpm",4033
43.372908,"/shooter/output",0.1
43.373009,"/shooter/hasBall",true
43.373053,"/shooter/temperature",42
43.373345,"/climber/rightPos",0
43.389582,"/drivetrain/leftPos",0
43.389598,"/drivetrain/leftVelocity",0
43.389612,"/drivetrain/rightPos",0
43.389622,"/drivetrain/rightVelocity",0
43.389627,"/drivetrain/heading",-2.2899999618530273
43.389631,"/drivetrain/headingVelocity",-0.2441406100988388
43.389634,"/drivetrain/xAcceleration",0.004000000189989805
43.389638,"/drivetrain/yAcceleration",0.00800000037997961
43.389641,"/drivetrain/leftOutputLog",0
43.389644,"/drivetrain/rightOutputLog",-0
43.390077,"/intake/pos",0
43.390084,"/intake/output",0
43.39064,"/shooter/rpm",4033
43.390644,"/shooter/output",0.1
43.390754,"/shooter/hasBall",true
43.390798,"/shooter/temperature",42
43.393218,"/climber/rightPos",0
43.410384,"/drivetrain/leftPos",0
43.410397,"/drivetrain/leftVelocity",0
43.41041,"/drivetrain/rightPos",0
43.41042,"/drivetrain/rightVelocity",0
43.410424,"/drivetrain/heading",-2.2899999618530273
43.410428,"/drivetrain/headingVelocity",-0.30517578125
43.410431,"/drivetrain/xAcceleration",0.09399999678134918
43.410434,"/drivetrain/yAcceleration",0.014000000432133675
43.410438,"/drivetrain/leftOutputLog",0
43.410441,"/drivetrain/rightOutputLog",-0
43.410804,"/intake/pos",0
43.410808,"/intake/output",0
43.410995,"/shooter/rpm",4008
43.410999,"/shooter/output",0.1
43.411042,"/shooter/hasBall",true
43.411077,"/shooter/temperature",42
43.411232,"/climber/rightPos",0
43.429343,"/drivetrain/leftPos",0
43.429357,"/drivetrain/leftVelocity",0
43.42937,"/drivetrain/rightPos",0
43.42938,"/drivetrain/rightVelocity",0
43.429384,"/drivetrain/heading",-2.2899999618530273
43.429388,"/drivetrain/headingVelocity",-0.0610351525247097
43.429391,"/drivetrain/xAcceleration",-0.0430000014603138
43.429394,"/drivetrain/yAcceleration",-0.02199999988079071
43.429397,"/drivetrain/leftOutputLog",0
43.429401,"/drivetrain/rightOutputLog",-0
43.430388,"/intake/pos",0
43.430392,"/intake/output",0
43.430846,"/shooter/rpm",4008
43.430855,"/shooter/output",0.1
43.430912,"/shooter/hasBall",true
43.430947,"/shooter/temperature",42
43.431197,"/climber/rightPos",0
43.449625,"/drivetrain/leftPos",0
43.449642,"/drivetrain/leftVelocity",0
43.449655,"/drivetrain/rightPos",0
43.449665,"/drivetrain/rightVelocity",0
43.449669,"/drivetrain/heading",-2.2799999713897705
43.449673,"/drivetrain/headingVelocity",-0.54931640625
43.449676,"/drivetrain/xAcceleration",0.01600000075995922
43.44968,"/drivetrain/yAcceleration",0.02800000086426735
43.449683,"/drivetrain/leftOutputLog",0
43.449686,"/drivetrain/rightOutputLog",-0
43.449935,"/intake/pos",0
43.449939,"/intake/output",0
43.450272,"/shooter/rpm",3980
43.450276,"/shooter/output",0.1
43.45042,"/shooter/hasBall",true
43.45045,"/shooter/temperature",42
43.450945,"/climber/rightPos",0
43.469235,"/drivetrain/leftPos",0
43.469249,"/drivetrain/leftVelocity",0
43.46926,"/drivetrain/rightPos",0
43.46927,"/drivetrain/rightVelocity",0
43.469275,"/drivetrain/heading",-2.2799999713897705
43.469278,"/drivetrain/headingVelocity",0
43.469282,"/drivetrain/xAcceleration",0.08699999749660492
43.469285,"/drivetrain/yAcceleration",0
43.469288,"/drivetrain/leftOutputLog",0
43.469291,"/drivetrain/rightOutputLog",-0
43.469475,"/intake/pos",0
43.469479,"/intake/output",0
43.469989,"/shooter/rpm",3936
43.469993,"/shooter/output",0.1
43.470043,"/shooter/hasBall",true
43.470076,"/shooter/temperature",42
43.470603,"/climber/rightPos",0
43.489882,"/drivetrain/leftPos",0
43.489896,"/drivetrain/leftVelocity",0
43.48991,"/drivetrain/rightPos",0
43.48992,"/drivetrain/rightVelocity",0
43.489925,"/drivetrain/heading",-2.2799999713897705
43.489928,"/drivetrain/headingVelocity",-0.1220703050494194
43.489932,"/drivetrain/xAcceleration",0.08299999684095383
43.489935,"/drivetrain/yAcceleration",-0.02800000086426735
43.489938,"/drivetrain/leftOutputLog",0
43.489942,"/drivetrain/rightOutputLog",-0
43.490303,"/intake/pos",0
43.490307,"/intake/output",0
43.490478,"/shooter/rpm",3913
43.490482,"/shooter/output",0.1
43.49052,"/shooter/hasBall",true
43.490541,"/shooter/temperature",42
43.490801,"/climber/rightPos",0
43.510406,"/drivetrain/leftPos",0
43.510419,"/drivetrain/leftVelocity",0
43.510433,"/drivetrain/rightPos",0
43.510442,"/drivetrain/rightVelocity",0
43.510447,"/drivetrain/heading",-2.2899999618530273
43.510451,"/drivetrain/headingVelocity",0.54931640625
43.510454,"/drivetrain/xAcceleration",-0.02199999988079071
43.510457,"/drivetrain/yAcceleration",-0.029999999329447746
43.51046,"/drivetrain/leftOutputLog",0
43.510464,"/drivetrain/rightOutputLog",-0
43.51067,"/intake/pos",0
43.510674,"/intake/output",0
43.510887,"/shooter/rpm",3886
43.510891,"/shooter/output",0.1
43.510932,"/shooter/hasBall",true
43.510953,"/shooter/temperature",42
43.511112,"/climber/rightPos",0
43.529254,"/drivetrain/leftPos",0
43.529268,"/drivetrain/leftVelocity",0
43.529282,"/drivetrain/rightPos",0
43.529292,"/drivetrain/rightVelocity",0
43.529296,"/drivetrain/heading",-2.2899999618530273
43.5293,"/drivetrain/headingVelocity",0.1220703050494194
43.529303,"/drivetrain/xAcceleration",-0.04699999839067459
43.529306,"/drivetrain/yAcceleration",0.03400000184774399
43.529309,"/drivetrain/leftOutputLog",0
43.529312,"/drivetrain/rightOutputLog",-0
43.529509,"/intake/pos",0
43.529554,"/intake/output",0
43.530058,"/shooter/rpm",3886
43.530062,"/shooter/output",0.1
43.530089,"/shooter/hasBall",true
43.530141,"/shooter/temperature",42
43.530354,"/climber/rightPos",0
43.549486,"/drivetrain/leftPos",0
43.5495,"/drivetrain/leftVelocity",0
43.549515,"/drivetrain/rightPos",0
43.549524,"/drivetrain/rightVelocity",0
43.549529,"/drivetrain/heading",-2.2799999713897705
43.549532,"/drivetrain/headingVelocity",-0.4272460639476776
43.549535,"/drivetrain/xAcceleration",0.03099999949336052
43.549539,"/drivetrain/yAcceleration",-0.024000000208616257
43.549542,"/drivetrain/leftOutputLog",0
43.549545,"/drivetrain/rightOutputLog",-0
43.549767,"/intake/pos",0
43.549771,"/intake/output",0
43.550118,"/shooter/rpm",3843
43.550122,"/shooter/output",0.1
43.550167,"/shooter/hasBall",true
43.550313,"/shooter/temperature",42
43.550808,"/climber/rightPos",0
43.569272,"/drivetrain/leftPos",0
43.569286,"/drivetrain/leftVelocity",0
43.569298,"/drivetrain/rightPos",0
43.569307,"/drivetrain/rightVelocity",0
43.569311,"/drivetrain/heading",-2.2899999618530273
43.569315,"/drivetrain/headingVelocity",0.4272460639476776
43.569318,"/drivetrain/xAcceleration",-0.05900000035762787
43.569321,"/drivetrain/yAcceleration",-0.003000000026077032
43.569325,"/drivetrain/leftOutputLog",0
43.569328,"/drivetrain/rightOutputLog",-0
43.569566,"/intake/pos",0
43.56957,"/intake/output",0
43.569753,"/shooter/rpm",3843
43.569757,"/shooter/output",0.1
43.569777,"/shooter/hasBall",true
43.569861,"/shooter/temperature",42
43.570197,"/climber/rightPos",0
43.589346,"/drivetrain/leftPos",0
43.58936,"/drivetrain/leftVelocity",0
43.589373,"/drivetrain/rightPos",0
43.589383,"/drivetrain/rightVelocity",0
43.589387,"/drivetrain/heading",-2.2899999618530273
43.589391,"/drivetrain/headingVelocity",-0.4882812201976776
43.589394,"/drivetrain/xAcceleration",-0.017000000923871994
43.589397,"/drivetrain/yAcceleration",-0.03700000047683716
43.589401,"/drivetrain/leftOutputLog",0
43.589404,"/drivetrain/rightOutputLog",-0
43.589668,"/intake/pos",0
43.589672,"/intake/output",0
43.590029,"/shooter/rpm",3786
43.590033,"/shooter/output",0.1
43.590081,"/shooter/hasBall",true
43.590126,"/shooter/temperature",42
43.590492,"/climber/rightPos",0
43.609213,"/drivetrain/leftPos",0
43.609226,"/drivetrain/leftVelocity",0
43.609239,"/drivetrain/rightPos",0
43.609249,"/drivetrain/rightVelocity",0
43.609254,"/drivetrain/heading",-2.2799999713897705
43.609257,"/drivetrain/headingVelocity",-0.30517578125
43.60926,"/drivetrain/xAcceleration",0.03099999949336052
43.609264,"/drivetrain/yAcceleration",-0.006000000052154064
43.609267,"/drivetrain/leftOutputLog",0
43.60927,"/drivetrain/rightOutputLog",-0
43.609476,"/intake/pos",0
43.60948,"/intake/output",0
43.609741,"/shooter/rpm",3786
43.609745,"/shooter/output",0.1
43.609804,"/shooter/hasBall",true
43.60985,"/shooter/temperature",42
43.610096,"/climber/rightPos",0
43.62959,"/drivetrain/leftPos",0
43.629605,"/drivetrain/leftVelocity",0
43.629618,"/drivetrain/rightPos",0
43.629628,"/drivetrain/rightVelocity",0
43.629632,"/drivetrain/heading",-2.2899999618530273
43.629636,"/drivetrain/headingVelocity",0.1220703050494194
43.629639,"/drivetrain/xAcceleration",-0.061000000685453415
43.629642,"/drivetrain/yAcceleration",-0.014000000432133675
43.629646,"/drivetrain/leftOutputLog",0
43.629649,"/drivetrain/rightOutputLog",-0
43.629907,"/intake/pos",0
43.629911,"/intake/output",0
43.630109,"/shooter/rpm",3750
43.630113,"/shooter/output",0.1
43.630192,"/shooter/hasBall",true
43.63023,"/shooter/temperature",42
43.630413,"/climber/rightPos",0
43.649211,"/drivetrain/leftPos",0
43.649224,"/drivetrain/leftVelocity",0
43.649237,"/drivetrain/rightPos",0
43.649247,"/drivetrain/rightVelocity",0
43.649251,"/drivetrain/heading",-2.2799999713897705
43.649255,"/drivetrain/headingVelocity",-0.54931640625
43.649258,"/drivetrain/xAcceleration",0.04399999976158142
43.649261,"/drivetrain/yAcceleration",0.003000000026077032
43.649265,"/drivetrain/leftOutputLog",0
43.649268,"/drivetrain/rightOutputLog",-0
43.649579,"/intake/pos",0
43.649583,"/intake/output",0
43.650242,"/shooter/rpm",3726
43.650246,"/shooter/output",0.1
43.650705,"/shooter/hasBall",true
43.650752,"/shooter/temperature",42
43.651043,"/climber/rightPos",0
43.669549,"/drivetrain/leftPos",0
43.669561,"/drivetrain/leftVelocity",0
43.669574,"/drivetrain/rightPos",0
43.669583,"/drivetrain/rightVelocity",0
43.669587,"/drivetrain/heading",-2.2899999618530273
43.669591,"/drivetrain/headingVelocity",0.4882812201976776
43.669594,"/drivetrain/xAcceleration",-0.03099999949336052
43.669597,"/drivetrain/yAcceleration",0.04600000008940697
43.6696,"/drivetrain/leftOutputLog",0
43.669603,"/drivetrain/rightOutputLog",-0
43.671441,"/intake/pos",0
43.67145,"/intake/output",0
43.671712,"/shooter/rpm",3702
43.671716,"/shooter/output",0.1
43.671757,"/shooter/hasBall",true
43.671792,"/shooter/temperature",42
43.672002,"/climber/rightPos",0
43.689409,"/drivetrain/leftPos",0
43.689423,"/drivetrain/leftVelocity",0
43.689436,"/drivetrain/rightPos",0
43.689446,"/drivetrain/rightVelocity",0
43.689451,"/drivetrain/heading",-2.2899999618530273
43.689454,"/drivetrain/headingVelocity",-0.0610351525247097
43.689457,"/drivetrain/xAcceleration",-0.03500000014901161
43.68946,"/drivetrain/yAcceleration",-0.014000000432133675
43.689464,"/drivetrain/leftOutputLog",0
43.689467,"/drivetrain/rightOutputLog",-0
43.689686,"/intake/pos",0
43.68969,"/intake/output",0
43.690572,"/shooter/rpm",3702
43.690577,"/shooter/output",0.1
43.690608,"/shooter/hasBall",true
43.690634,"/shooter/temperature",42
43.690813,"/climber/rightPos",0
43.709353,"/drivetrain/leftPos",0
43.709367,"/drivetrain/leftVelocity",0
43.709381,"/drivetrain/rightPos",0
43.709392,"/drivetrain/rightVelocity",0
43.709397,"/drivetrain/heading",-2.2899999618530273
43.7094,"/drivetrain/headingVelocity",-0.30517578125
43.709403,"/drivetrain/xAcceleration",0.0689999982714653
43.709407,"/drivetrain/yAcceleration",-0.007000000216066837
43.70941,"/drivetrain/leftOutputLog",0
43.709413,"/drivetrain/rightOutputLog",-0
43.71032,"/intake/pos",0
43.710324,"/intake/output",0
43.710691,"/shooter/rpm",3665
43.710696,"/shooter/output",0.1
43.710741,"/shooter/hasBall",true
43.710768,"/shooter/temperature",42
43.710989,"/climber/rightPos",0
43.729243,"/drivetrain/leftPos",0
43.729258,"/drivetrain/leftVelocity",0
43.729272,"/drivetrain/rightPos",0
43.729282,"/drivetrain/rightVelocity",0
43.729286,"/drivetrain/heading",-2.299999952316284
43.72929,"/drivetrain/headingVelocity",0.2441406100988388
43.729293,"/drivetrain/xAcceleration",-0.03799999877810478
43.729296,"/drivetrain/yAcceleration",0.024000000208616257
43.7293,"/drivetrain/leftOutputLog",0
43.729303,"/drivetrain/rightOutputLog",-0
43.729508,"/intake/pos",0
43.729511,"/intake/output",0
43.730186,"/shooter/rpm",3641
43.73019,"/shooter/output",0.1
43.730238,"/shooter/hasBall",true
43.730262,"/shooter/temperature",42
43.730529,"/climber/rightPos",0
43.749764,"/drivetrain/leftPos",0
43.749779,"/drivetrain/leftVelocity",0
43.749794,"/drivetrain/rightPos",0
43.74997,"/drivetrain/rightVelocity",0
43.749979,"/drivetrain/heading",-2.2899999618530273
43.749983,"/drivetrain/headingVelocity",-0.30517578125
43.749987,"/drivetrain/xAcceleration",0
43.74999,"/drivetrain/yAcceleration",-0.004000000189989805
43.749993,"/drivetrain/leftOutputLog",0
43.749997,"/drivetrain/rightOutputLog",-0
43.750311,"/intake/pos",0
43.750315,"/intake/output",0
43.750513,"/shooter/rpm",3612
43.750516,"/shooter/output",0.1
43.750555,"/shooter/hasBall",true
43.750579,"/shooter/temperature",42
43.750731,"/climber/rightPos",0
43.7696,"/drivetrain/leftPos",0
43.769613,"/drivetrain/leftVelocity",0
43.769627,"/drivetrain/rightPos",0
43.769637,"/drivetrain/rightVelocity",0
43.769641,"/drivetrain/heading",-2.2899999618530273
43.769645,"/drivetrain/headingVelocity",-0.1831054538488388
43.769648,"/drivetrain/xAcceleration",0.01600000075995922
43.769651,"/drivetrain/yAcceleration",-0.026000000536441803
43.769655,"/drivetrain/leftOutputLog",0
43.769658,"/drivetrain/rightOutputLog",-0
43.770181,"/intake/pos",0
43.770186,"/intake/output",0
43.770984,"/shooter/rpm",3594
43.770988,"/shooter/output",0.1
43.77104,"/shooter/hasBall",true
43.771163,"/shooter/temperature",42
43.771388,"/climber/rightPos",0
43.789857,"/drivetrain/leftPos",0
43.789871,"/drivetrain/leftVelocity",0
43.789884,"/drivetrain/rightPos",0
43.789895,"/drivetrain/rightVelocity",0
43.7899,"/drivetrain/heading",-2.299999952316284
43.789904,"/drivetrain/headingVelocity",0.1220703050494194
43.789907,"/drivetrain/xAcceleration",-0.013000000268220901
43.78991,"/drivetrain/yAcceleration",-0.03500000014901161
43.789914,"/drivetrain/leftOutputLog",0
43.789917,"/drivetrain/rightOutputLog",-0
43.790425,"/intake/pos",0
43.790429,"/intake/output",0
43.790664,"/shooter/rpm",3576
43.790668,"/shooter/output",0.1
43.790709,"/shooter/hasBall",true
43.790751,"/shooter/temperature",42
43.790906,"/climber/rightPos",0
43.809351,"/drivetrain/leftPos",0
43.80937,"/drivetrain/leftVelocity",0
43.809385,"/drivetrain/rightPos",0
43.809394,"/drivetrain/rightVelocity",0
43.809641,"/drivetrain/heading",-2.299999952316284
43.809645,"/drivetrain/headingVelocity",0
43.809648,"/drivetrain/xAcceleration",0.03200000151991844
43.809651,"/drivetrain/yAcceleration",-0.008999999612569809
43.809655,"/drivetrain/leftOutputLog",0
43.809658,"/drivetrain/rightOutputLog",-0
43.810233,"/intake/pos",0
43.810237,"/intake/output",0
43.810543,"/shooter/rpm",3544
43.810547,"/shooter/output",0.1
43.810593,"/shooter/hasBall",true
43.810633,"/shooter/temperature",42
43.81088,"/climber/rightPos",0
43.829408,"/drivetrain/leftPos",0
43.829422,"/drivetrain/leftVelocity",0
43.829438,"/drivetrain/rightPos",0
43.829499,"/drivetrain/rightVelocity",0
43.829505,"/drivetrain/heading",-2.299999952316284
43.829508,"/drivetrain/headingVelocity",0.0610351525247097
43.829512,"/drivetrain/xAcceleration",-0.007000000216066837
43.829515,"/drivetrain/yAcceleration",-0.03200000151991844
43.829518,"/drivetrain/leftOutputLog",0
43.829522,"/drivetrain/rightOutputLog",-0
43.830113,"/intake/pos",0
43.830117,"/intake/output",0
43.830466,"/shooter/rpm",3527
43.83047,"/shooter/output",0.1
43.830514,"/shooter/hasBall",true
43.830557,"/shooter/temperature",42
43.831158,"/climber/rightPos",0
43.84979,"/drivetrain/leftPos",0
43.849804,"/drivetrain/leftVelocity",0
43.849817,"/drivetrain/rightPos",0
43.849827,"/drivetrain/rightVelocity",0
43.849832,"/drivetrain/heading",-2.299999952316284
43.849836,"/drivetrain/headingVelocity",-0.1831054538488388
43.849839,"/drivetrain/xAcceleration",0.01899999938905239
43.850068,"/drivetrain/yAcceleration",-0.05700000002980232
43.850076,"/drivetrain/leftOutputLog",0
43.850079,"/drivetrain/rightOutputLog",-0
43.850419,"/intake/pos",0
43.850423,"/intake/output",0
43.850693,"/shooter/rpm",3509
43.850697,"/shooter/output",0.1
43.850741,"/shooter/hasBall",true
43.850781,"/shooter/temperature",42
43.850938,"/climber/rightPos",0
43.869902,"/drivetrain/leftPos",0
43.869946,"/drivetrain/leftVelocity",0
43.869962,"/drivetrain/rightPos",0
43.869973,"/drivetrain/rightVelocity",0
43.869978,"/drivetrain/heading",-2.299999952316284
43.869982,"/drivetrain/headingVelocity",-0.1220703050494194
43.869986,"/drivetrain/xAcceleration",0.009999999776482582
43.869989,"/drivetrain/yAcceleration",-0.028999999165534973
43.869992,"/drivetrain/leftOutputLog",0
43.869996,"/drivetrain/rightOutputLog",-0
43.870754,"/intake/pos",0
43.870758,"/intake/output",0
43.870944,"/shooter/rpm",3480
43.870948,"/shooter/output",0.1
43.870989,"/shooter/hasBall",true
43.871022,"/shooter/temperature",42
43.871243,"/climber/rightPos",0
43.889434,"/drivetrain/leftPos",0
43.889447,"/drivetrain/leftVelocity",0
43.88946,"/drivetrain/rightPos",0
43.889469,"/drivetrain/rightVelocity",0
43.889474,"/drivetrain/heading",-2.299999952316284
43.889477,"/drivetrain/headingVelocity",0
43.88948,"/drivetrain/xAcceleration",-0.01899999938905239
43.889483,"/drivetrain/yAcceleration",-0.01600000075995922
43.889487,"/drivetrain/leftOutputLog",0
43.88949,"/drivetrain/rightOutputLog",-0
43.889805,"/intake/pos",0
43.889808,"/intake/output",0
43.890303,"/shooter/rpm",3480
43.890307,"/shooter/output",0.1
43.890335,"/shooter/hasBall",true
43.890359,"/shooter/temperature",42
43.890699,"/climber/rightPos",0
43.90981,"/drivetrain/leftPos",0
43.909825,"/drivetrain/leftVelocity",0
43.909838,"/drivetrain/rightPos",0
43.909848,"/drivetrain/rightVelocity",0
43.909852,"/drivetrain/heading",-2.299999952316284
43.909856,"/drivetrain/headingVelocity",0.2441406100988388
43.909859,"/drivetrain/xAcceleration",0.014000000432133675
43.909862,"/drivetrain/yAcceleration",-0.013000000268220901
43.909866,"/drivetrain/leftOutputLog",0
43.909869,"/drivetrain/rightOutputLog",-0
43.910401,"/intake/pos",0
43.910405,"/intake/output",0
43.910639,"/shooter/rpm",3443
43.910643,"/shooter/output",0.1
43.910684,"/shooter/hasBall",true
43.910721,"/shooter/temperature",42
43.910879,"/climber/rightPos",0
43.929226,"/drivetrain/leftPos",0
43.929238,"/drivetrain/leftVelocity",0
43.92937,"/drivetrain/rightPos",0
43.929385,"/drivetrain/rightVelocity",0
43.92939,"/drivetrain/heading",-2.299999952316284
43.929393,"/drivetrain/headingVelocity",0.0610351525247097
43.929397,"/drivetrain/xAcceleration",-0.035999998450279236
43.9294,"/drivetrain/yAcceleration",-0.02500000037252903
43.929404,"/drivetrain/leftOutputLog",0
43.929407,"/drivetrain/rightOutputLog",-0
43.929668,"/intake/pos",0
43.929672,"/intake/output",0
43.930012,"/shooter/rpm",3416
43.930016,"/shooter/output",0.1
43.93065,"/shooter/hasBall",true
43.930692,"/shooter/temperature",42
43.930879,"/climber/rightPos",0
43.949313,"/drivetrain/leftPos",0
43.949327,"/drivetrain/leftVelocity",0
43.949341,"/drivetrain/rightPos",0
43.94935,"/drivetrain/rightVelocity",0
43.949355,"/drivetrain/heading",-2.299999952316284
43.949358,"/drivetrain/headingVelocity",-0.1220703050494194
43.949362,"/drivetrain/xAcceleration",-0.009999999776482582
43.949365,"/drivetrain/yAcceleration",0.01600000075995922
43.949368,"/drivetrain/leftOutputLog",0
43.949371,"/drivetrain/rightOutputLog",-0
43.949567,"/intake/pos",0
43.949571,"/intake/output",0
43.949736,"/shooter/rpm",3416
43.949741,"/shooter/output",0.1
43.949763,"/shooter/hasBall",true
43.949791,"/shooter/temperature",42
43.950613,"/climber/rightPos",0
43.970273,"/drivetrain/leftPos",0
43.970287,"/drivetrain/leftVelocity",0
43.970299,"/drivetrain/rightPos",0
43.970308,"/drivetrain/rightVelocity",0
43.970313,"/drivetrain/heading",-2.299999952316284
43.970316,"/drivetrain/headingVelocity",0.1831054538488388
43.970319,"/drivetrain/xAcceleration",-0.008999999612569809
43.970322,"/drivetrain/yAcceleration",0.023000000044703484
43.970326,"/drivetrain/leftOutputLog",0
43.970329,"/drivetrain/rightOutputLog",-0
43.970513,"/intake/pos",0
43.970517,"/intake/output",0
43.970748,"/shooter/rpm",3380
43.970752,"/shooter/output",0.1
43.970793,"/shooter/hasBall",true
43.970821,"/shooter/temperature",42
43.970964,"/climber/rightPos",0
43.989645,"/drivetrain/leftPos",0
43.98966,"/drivetrain/leftVelocity",0
43.989674,"/drivetrain/rightPos",0
43.989684,"/drivetrain/rightVelocity",0
43.989689,"/drivetrain/heading",-2.299999952316284
43.989693,"/drivetrain/headingVelocity",-0.0610351525247097
43.989696,"/drivetrain/xAcceleration",-0.06199999898672104
43.989699,"/drivetrain/yAcceleration",-0.023000000044703484
43.989703,"/drivetrain/leftOutputLog",0
43.989707,"/drivetrain/rightOutputLog",-0
43.990103,"/intake/pos",0
43.990107,"/intake/output",0
43.99034,"/shooter/rpm",3354
43.990344,"/shooter/output",0.1
43.990385,"/shooter/hasBall",true
43.990407,"/shooter/temperature",42
43.990595,"/climber/rightPos",0
44.010263,"/drivetrain/leftPos",0
44.010278,"/drivetrain/leftVelocity",0
44.010292,"/drivetrain/rightPos",0
44.010301,"/drivetrain/rightVelocity",0
44.010306,"/drivetrain/heading",-2.299999952316284
44.010309,"/drivetrain/headingVelocity",-0.4882812201976776
44.010312,"/drivetrain/xAcceleration",0.008999999612569809
44.010316,"/drivetrain/yAcceleration",-0.020999999716877937
44.010319,"/drivetrain/leftOutputLog",0
44.010322,"/drivetrain/rightOutputLog",-0
44.010592,"/intake/pos",0
44.010595,"/intake/output",0
44.010875,"/shooter/rpm",3335
44.010879,"/shooter/output",0.1
44.010925,"/shooter/hasBall",true
44.010948,"/shooter/temperature",42
44.011157,"/climber/rightPos",0
44.029223,"/drivetrain/leftPos",0
44.029236,"/drivetrain/leftVelocity",0
44.029249,"/drivetrain/rightPos",0
44.029259,"/drivetrain/rightVelocity",0
44.029263,"/drivetrain/heading",-2.299999952316284
44.029267,"/drivetrain/headingVelocity",0.0610351525247097
44.02927,"/drivetrain/xAcceleration",0.017999999225139618
44.029273,"/drivetrain/yAcceleration",-0.024000000208616257
44.029277,"/drivetrain/leftOutputLog",0
44.02928,"/drivetrain/rightOutputLog",-0
44.029596,"/intake/pos",0
44.0296,"/intake/output",0
44.029941,"/shooter/rpm",3316
44.029945,"/shooter/output",0.1
44.029995,"/shooter/hasBall",true
44.030088,"/shooter/temperature",42
44.030436,"/climber/rightPos",0
44.049224,"/drivetrain/leftPos",0
44.049238,"/drivetrain/leftVelocity",0
44.049251,"/drivetrain/rightPos",0
44.04926,"/drivetrain/rightVelocity",0
44.049265,"/drivetrain/heading",-2.2899999618530273
44.049268,"/drivetrain/headingVelocity",-0.0610351525247097
44.049272,"/drivetrain/xAcceleration",0
44.049275,"/drivetrain/yAcceleration",0.017999999225139618
44.049278,"/drivetrain/leftOutputLog",0
44.049281,"/drivetrain/rightOutputLog",-0
44.049484,"/intake/pos",0
44.049488,"/intake/output",0
44.049682,"/shooter/rpm",3316
44.049686,"/shooter/output",0.1
44.049708,"/shooter/hasBall",true
44.049748,"/shooter/temperature",42
44.049914,"/climber/rightPos",0
44.069299,"/drivetrain/leftPos",0
44.069311,"/drivetrain/leftVelocity",0
44.069324,"/drivetrain/rightPos",0
44.069333,"/drivetrain/rightVelocity",0
44.069338,"/drivetrain/heading",-2.2899999618530273
44.069341,"/drivetrain/headingVelocity",-0.1220703050494194
44.069345,"/drivetrain/xAcceleration",0.032999999821186066
44.069348,"/drivetrain/yAcceleration",0.010999999940395355
44.069467,"/drivetrain/leftOutputLog",0
44.069472,"/drivetrain/rightOutputLog",-0
44.069886,"/intake/pos",0
44.06989,"/intake/output",0
44.07024,"/shooter/rpm",3273
44.070244,"/shooter/output",0.1
44.070582,"/shooter/hasBall",true
44.070644,"/shooter/temperature",42
44.07083,"/climber/rightPos",0
44.090316,"/drivetrain/leftPos",0
44.090329,"/drivetrain/leftVelocity",0
44.090342,"/drivetrain/rightPos",0
44.090352,"/drivetrain/rightVelocity",0
44.090356,"/drivetrain/heading",-2.299999952316284
44.09036,"/drivetrain/headingVelocity",0.3662109076976776
44.090363,"/drivetrain/xAcceleration",-0.017000000923871994
44.090366,"/drivetrain/yAcceleration",0
44.090369,"/drivetrain/leftOutputLog",0
44.090373,"/drivetrain/rightOutputLog",-0
44.090591,"/intake/pos",0
44.090595,"/intake/output",0
44.090802,"/shooter/rpm",3254
44.090806,"/shooter/output",0.1
44.090847,"/shooter/hasBall",true
44.090887,"/shooter/temperature",42
44.091103,"/climber/rightPos",0
44.109814,"/drivetrain/leftPos",0
44.10984,"/drivetrain/leftVelocity",0
44.109855,"/drivetrain/rightPos",0
44.109864,"/drivetrain/rightVelocity",0
44.109869,"/drivetrain/heading",-2.299999952316284
44.109873,"/drivetrain/headingVelocity",0.0610351525247097
44.109876,"/drivetrain/xAcceleration",-0.02500000037252903
44.109879,"/drivetrain/yAcceleration",-0.02800000086426735
44.109883,"/drivetrain/leftOutputLog",0
44.109887,"/drivetrain/rightOutputLog",-0
44.11008,"/intake/pos",0
44.110084,"/intake/output",0
44.110311,"/shooter/rpm",3227
44.110315,"/shooter/output",0.1
44.11036,"/shooter/hasBall",true
44.110401,"/shooter/temperature",42
44.110588,"/climber/rightPos",0
44.129233,"/drivetrain/leftPos",0
44.129248,"/drivetrain/leftVelocity",0
44.129261,"/drivetrain/rightPos",0
44.129271,"/drivetrain/rightVelocity",0
44.129275,"/drivetrain/heading",-2.299999952316284
44.129279,"/drivetrain/headingVelocity",-0.1220703050494194
44.129282,"/drivetrain/xAcceleration",0.007000000216066837
44.129285,"/drivetrain/yAcceleration",0.03099999949336052
44.129289,"/drivetrain/leftOutputLog",0
44.129292,"/drivetrain/rightOutputLog",-0
44.129898,"/intake/pos",0
44.129902,"/intake/output",0
44.130501,"/shooter/rpm",3207
44.130506,"/shooter/output",0.1
44.130556,"/shooter/hasBall",true
44.130593,"/shooter/temperature",42
44.131016,"/climber/rightPos",0
44.150048,"/drivetrain/leftPos",0
44.150062,"/drivetrain/leftVelocity",0
44.150076,"/drivetrain/rightPos",0
44.150086,"/drivetrain/rightVelocity",0
44.150091,"/drivetrain/heading",-2.299999952316284
44.150094,"/drivetrain/headingVelocity",0.0610351525247097
44.150097,"/drivetrain/xAcceleration",0
44.150101,"/drivetrain/yAcceleration",-0.003000000026077032
44.150104,"/drivetrain/leftOutputLog",0
44.150107,"/drivetrain/rightOutputLog",-0
44.150426,"/intake/pos",0
44.15043,"/intake/output",0
44.150635,"/shooter/rpm",3189
44.150638,"/shooter/output",0.1
44.150716,"/shooter/hasBall",true
44.150753,"/shooter/temperature",42
44.150922,"/climber/rightPos",0
44.16937,"/drivetrain/leftPos",0
44.169384,"/drivetrain/leftVelocity",0
44.169398,"/drivetrain/rightPos",0
44.169407,"/drivetrain/rightVelocity",0
44.169412,"/drivetrain/heading",-2.299999952316284
44.169415,"/drivetrain/headingVelocity",0
44.169419,"/drivetrain/xAcceleration",-0.07999999821186066
44.169422,"/drivetrain/yAcceleration",-0.008999999612569809
44.169425,"/drivetrain/leftOutputLog",0
44.169428,"/drivetrain/rightOutputLog",-0
44.169698,"/intake/pos",0
44.169702,"/intake/output",0
44.170518,"/shooter/rpm",3161
44.170522,"/shooter/output",0.1
44.170566,"/shooter/hasBall",true
44.170602,"/shooter/temperature",42
44.170756,"/climber/rightPos",0
44.189434,"/drivetrain/leftPos",0
44.189451,"/drivetrain/leftVelocity",0
44.189464,"/drivetrain/rightPos",0
44.189474,"/drivetrain/rightVelocity",0
44.189479,"/drivetrain/heading",-2.299999952316284
44.189482,"/drivetrain/headingVelocity",0.1220703050494194
44.189485,"/drivetrain/xAcceleration",0.020999999716877937
44.189488,"/drivetrain/yAcceleration",0.028999999165534973
44.189492,"/drivetrain/leftOutputLog",0
44.189495,"/drivetrain/rightOutputLog",-0
44.189687,"/intake/pos",0
44.189691,"/intake/output",0
44.189855,"/shooter/rpm",3161
44.189858,"/shooter/output",0.1
44.189904,"/shooter/hasBall",true
44.189931,"/shooter/temperature",42
44.190504,"/climber/rightPos",0
44.209597,"/drivetrain/leftPos",0
44.209619,"/drivetrain/leftVelocity",0
44.209634,"/drivetrain/rightPos",0
44.209643,"/drivetrain/rightVelocity",0
44.209648,"/drivetrain/heading",-2.299999952316284
44.209652,"/drivetrain/headingVelocity",0.1831054538488388
44.209655,"/drivetrain/xAcceleration",-0.019999999552965164
44.209659,"/drivetrain/yAcceleration",0.014000000432133675
44.209662,"/drivetrain/leftOutputLog",0
44.209665,"/drivetrain/rightOutputLog",-0
44.21017,"/intake/pos",0
44.210175,"/intake/output",0
44.210379,"/shooter/rpm",3122
44.210383,"/shooter/output",0.1
44.210429,"/shooter/hasBall",true
44.210452,"/shooter/temperature",42
44.210618,"/climber/rightPos",0
44.229746,"/drivetrain/leftPos",0
44.229759,"/drivetrain/leftVelocity",0
44.229774,"/drivetrain/rightPos",0
44.229962,"/drivetrain/rightVelocity",0
44.229967,"/drivetrain/heading",-2.299999952316284
44.229971,"/drivetrain/headingVelocity",0.1831054538488388
44.229974,"/drivetrain/xAcceleration",-0.05700000002980232
44.229977,"/drivetrain/yAcceleration",-0.009999999776482582
44.229981,"/drivetrain/leftOutputLog",0
44.230151,"/drivetrain/rightOutputLog",-0
44.230347,"/intake/pos",0
44.230351,"/intake/output",0
44.230568,"/shooter/rpm",3104
44.230572,"/shooter/output",0.1
44.230608,"/shooter/hasBall",true
44.23063,"/shooter/temperature",42
44.230803,"/climber/rightPos",0
44.249531,"/drivetrain/leftPos",0
44.249545,"/drivetrain/leftVelocity",0
44.249559,"/drivetrain/rightPos",0
44.249568,"/drivetrain/rightVelocity",0
44.249573,"/drivetrain/heading",-2.299999952316284
44.249576,"/drivetrain/headingVelocity",-0.0610351525247097
44.24958,"/drivetrain/xAcceleration",0.014999999664723873
44.249583,"/drivetrain/yAcceleration",0.014999999664723873
44.249586,"/drivetrain/leftOutputLog",0
44.249589,"/drivetrain/rightOutputLog",-0
44.250207,"/intake/pos",0
44.250212,"/intake/output",0
44.250414,"/shooter/rpm",3084
44.250418,"/shooter/output",0.1
44.250506,"/shooter/hasBall",true
44.25055,"/shooter/temperature",42
44.25077,"/climber/rightPos",0
44.26955,"/drivetrain/leftPos",0
44.269563,"/drivetrain/leftVelocity",0
44.269577,"/drivetrain/rightPos",0
44.269587,"/drivetrain/rightVelocity",0
44.269592,"/drivetrain/heading",-2.299999952316284
44.269596,"/drivetrain/headingVelocity",0.1220703050494194
44.269599,"/drivetrain/xAcceleration",-0.026000000536441803
44.269603,"/drivetrain/yAcceleration",0.014000000432133675
44.269606,"/drivetrain/leftOutputLog",0
44.26961,"/drivetrain/rightOutputLog",-0
44.270036,"/intake/pos",0
44.27004,"/intake/output",0
44.270599,"/shooter/rpm",3069
44.270603,"/shooter/output",0.1
44.270654,"/shooter/hasBall",true
44.270834,"/shooter/temperature",42
44.27101,"/climber/rightPos",0
44.290701,"/drivetrain/leftPos",0
44.290715,"/drivetrain/leftVelocity",0
44.290729,"/drivetrain/rightPos",0
44.290739,"/drivetrain/rightVelocity",0
44.290743,"/drivetrain/heading",-2.299999952316284
44.290746,"/drivetrain/headingVelocity",-0.0610351525247097
44.29075,"/drivetrain/xAcceleration",-0.01600000075995922
44.290753,"/drivetrain/yAcceleration",0.014000000432133675
44.290756,"/drivetrain/leftOutputLog",0
44.290759,"/drivetrain/rightOutputLog",-0
44.291013,"/intake/pos",0
44.291017,"/intake/output",0
44.291212,"/shooter/rpm",3053
44.291216,"/shooter/output",0.1
44.291295,"/shooter/hasBall",true
44.291338,"/shooter/temperature",42
44.291618,"/climber/rightPos",0
44.30966,"/drivetrain/leftPos",0
44.309675,"/drivetrain/leftVelocity",0
44.30969,"/drivetrain/rightPos",0
44.309699,"/drivetrain/rightVelocity",0
44.309704,"/drivetrain/heading",-2.2899999618530273
44.309708,"/drivetrain/headingVelocity",-0.30517578125
44.309711,"/drivetrain/xAcceleration",0.01899999938905239
44.309714,"/drivetrain/yAcceleration",-0.013000000268220901
44.309745,"/drivetrain/leftOutputLog",0
44.309751,"/drivetrain/rightOutputLog",-0
44.310221,"/intake/pos",0
44.310224,"/intake/output",0
44.310754,"/shooter/rpm",3053
44.310758,"/shooter/output",0.1
44.310885,"/shooter/hasBall",true
44.310987,"/shooter/temperature",42
44.311228,"/climber/rightPos",0
44.329209,"/drivetrain/leftPos",0
44.329222,"/drivetrain/leftVelocity",0
44.329235,"/drivetrain/rightPos",0
44.329245,"/drivetrain/rightVelocity",0
44.329249,"/drivetrain/heading",-2.2899999618530273
44.329253,"/drivetrain/headingVelocity",-0.0610351525247097
44.329256,"/drivetrain/xAcceleration",-0.007000000216066837
44.329259,"/drivetrain/yAcceleration",-0.03999999910593033
44.329262,"/drivetrain/leftOutputLog",0
44.329265,"/drivetrain/rightOutputLog",-0
44.329516,"/intake/pos",0
44.32975,"/intake/output",0
44.330363,"/shooter/rpm",3005
44.330367,"/shooter/output",0.1
44.330418,"/shooter/hasBall",true
44.330463,"/shooter/temperature",42
44.330796,"/climber/rightPos",0
44.349542,"/drivetrain/leftPos",0
44.349556,"/drivetrain/leftVelocity",0
44.34957,"/drivetrain/rightPos",0
44.34958,"/drivetrain/rightVelocity",0
44.349584,"/drivetrain/heading",-2.2899999618530273
44.349588,"/drivetrain/headingVelocity",0
44.349591,"/drivetrain/xAcceleration",0.028999999165534973
44.349594,"/drivetrain/yAcceleration",0.02800000086426735
44.349597,"/drivetrain/leftOutputLog",0
44.3496,"/drivetrain/rightOutputLog",-0
44.349801,"/intake/pos",0
44.349805,"/intake/output",0
44.350154,"/shooter/rpm",2986
44.35016,"/shooter/output",0.1
44.35021,"/shooter/hasBall",true
44.350757,"/shooter/temperature",42
44.351046,"/climber/rightPos",0
44.37001,"/drivetrain/leftPos",0
44.370024,"/drivetrain/leftVelocity",0
44.370038,"/drivetrain/rightPos",0
44.370047,"/drivetrain/rightVelocity",0
44.370053,"/drivetrain/heading",-2.2899999618530273
44.370056,"/drivetrain/headingVelocity",-0.0610351525247097
44.37006,"/drivetrain/xAcceleration",-0.03099999949336052
44.370063,"/drivetrain/yAcceleration",-0.02500000037252903
44.370066,"/drivetrain/leftOutputLog",0
44.37007,"/drivetrain/rightOutputLog",-0
44.370385,"/intake/pos",0
44.370389,"/intake/output",0
44.370609,"/shooter/rpm",2961
44.370613,"/shooter/output",0.1
44.370698,"/shooter/hasBall",true
44.370738,"/shooter/temperature",42
44.370919,"/climber/rightPos",0
44.390272,"/drivetrain/leftPos",0
44.390285,"/drivetrain/leftVelocity",0
44.390297,"/drivetrain/rightPos",0
44.390307,"/drivetrain/rightVelocity",0
44.390311,"/drivetrain/heading",-2.2899999618530273
44.390315,"/drivetrain/headingVelocity",-0.2441406100988388
44.390318,"/drivetrain/xAcceleration",0.05400000140070915
44.390321,"/drivetrain/yAcceleration",-0.01600000075995922
44.390325,"/drivetrain/leftOutputLog",0
44.390328,"/drivetrain/rightOutputLog",-0
44.390623,"/intake/pos",0
44.390627,"/intake/output",0
44.390814,"/shooter/rpm",2938
44.390818,"/shooter/output",0.1
44.390858,"/shooter/hasBall",true
44.390891,"/shooter/temperature",42
44.39104,"/climber/rightPos",0
44.409615,"/drivetrain/leftPos",0
44.40963,"/drivetrain/leftVelocity",0
44.409645,"/drivetrain/rightPos",0
44.409654,"/drivetrain/rightVelocity",0
44.409659,"/drivetrain/heading",-2.2899999618530273
44.409663,"/drivetrain/headingVelocity",0.0610351525247097
44.409666,"/drivetrain/xAcceleration",0.02500000037252903
44.409669,"/drivetrain/yAcceleration",0.01899999938905239
44.409672,"/drivetrain/leftOutputLog",0
44.409676,"/drivetrain/rightOutputLog",-0
44.409966,"/intake/pos",0
44.40997,"/intake/output",0
44.410352,"/shooter/rpm",2922
44.410356,"/shooter/output",0.1
44.410446,"/shooter/hasBall",true
44.410471,"/shooter/temperature",42
44.410797,"/climber/rightPos",0
44.429314,"/drivetrain/leftPos",0
44.429328,"/drivetrain/leftVelocity",0
44.429341,"/drivetrain/rightPos",0
44.429351,"/drivetrain/rightVelocity",0
44.429356,"/drivetrain/heading",-2.2899999618530273
44.42936,"/drivetrain/headingVelocity",0.1220703050494194
44.429363,"/drivetrain/xAcceleration",-0.03500000014901161
44.429366,"/drivetrain/yAcceleration",-0.006000000052154064
44.42937,"/drivetrain/leftOutputLog",0
44.429373,"/drivetrain/rightOutputLog",-0
44.429601,"/intake/pos",0
44.429605,"/intake/output",0
44.429922,"/shooter/rpm",2908
44.429926,"/shooter/output",0.1
44.429968,"/shooter/hasBall",true
44.429998,"/shooter/temperature",42
44.430415,"/climber/rightPos",0
44.449254,"/drivetrain/leftPos",0
44.449267,"/drivetrain/leftVelocity",0
44.44928,"/drivetrain/rightPos",0
44.449289,"/drivetrain/rightVelocity",0
44.449293,"/drivetrain/heading",-2.2899999618530273
44.449297,"/drivetrain/headingVelocity",-0.0610351525247097
44.4493,"/drivetrain/xAcceleration",0.017000000923871994
44.449303,"/drivetrain/yAcceleration",-0.027000000700354576
44.449306,"/drivetrain/leftOutputLog",0
44.44931,"/drivetrain/rightOutputLog",-0
44.449472,"/intake/pos",0
44.449476,"/intake/output",0
44.449807,"/shooter/rpm",2908
44.449812,"/shooter/output",0.1
44.449835,"/shooter/hasBall",true
44.449857,"/shooter/temperature",42
44.4501,"/climber/rightPos",0
44.469254,"/drivetrain/leftPos",0
44.469267,"/drivetrain/leftVelocity",0
44.469279,"/drivetrain/rightPos",0
44.46929,"/drivetrain/rightVelocity",0
44.469294,"/drivetrain/heading",-2.2899999618530273
44.469298,"/drivetrain/headingVelocity",-0.0610351525247097
44.469301,"/drivetrain/xAcceleration",-0.004999999888241291
44.469304,"/drivetrain/yAcceleration",-0.014999999664723873
44.469307,"/drivetrain/leftOutputLog",0
44.469311,"/drivetrain/rightOutputLog",-0
44.469476,"/intake/pos",0
44.46948,"/intake/output",0
44.470505,"/shooter/rpm",2867
44.470509,"/shooter/output",0.1
44.470559,"/shooter/hasBall",true
44.470583,"/shooter/temperature",42
44.470797,"/climber/rightPos",0
44.489247,"/drivetrain/leftPos",0
44.48926,"/drivetrain/leftVelocity",0
44.489273,"/drivetrain/rightPos",0
44.489283,"/drivetrain/rightVelocity",0
44.489289,"/drivetrain/heading",-2.299999952316284
44.489292,"/drivetrain/headingVelocity",0.1220703050494194
44.489296,"/drivetrain/xAcceleration",0.024000000208616257
44.489299,"/drivetrain/yAcceleration",0.06199999898672104
44.489303,"/drivetrain/leftOutputLog",0
44.489306,"/drivetrain/rightOutputLog",-0
44.489501,"/intake/pos",0
44.489505,"/intake/output",0
44.489708,"/shooter/rpm",2867
44.48975,"/shooter/output",0.1
44.489777,"/shooter/hasBall",true
44.489819,"/shooter/temperature",42
44.490063,"/climber/rightPos",0
44.509646,"/drivetrain/leftPos",0
44.509818,"/drivetrain/leftVelocity",0
44.509847,"/drivetrain/rightPos",0
44.50986,"/drivetrain/rightVelocity",0
44.509864,"/drivetrain/heading",-2.299999952316284
44.509868,"/drivetrain/headingVelocity",0.0610351525247097
44.509871,"/drivetrain/xAcceleration",-0.003000000026077032
44.509875,"/drivetrain/yAcceleration",-0.03799999877810478
44.509878,"/drivetrain/leftOutputLog",0
44.509881,"/drivetrain/rightOutputLog",-0
44.510102,"/intake/pos",0
44.510108,"/intake/output",0
44.510276,"/shooter/rpm",2828
44.51028,"/shooter/output",0.1
44.510365,"/shooter/hasBall",true
44.510409,"/shooter/temperature",42
44.510583,"/climber/rightPos",0
44.529496,"/drivetrain/leftPos",0
44.529511,"/drivetrain/leftVelocity",0
44.529526,"/drivetrain/rightPos",0
44.529536,"/drivetrain/rightVelocity",0
44.529541,"/drivetrain/heading",-2.2899999618530273
44.529544,"/drivetrain/headingVelocity",-0.1220703050494194
44.529548,"/drivetrain/xAcceleration",0.01600000075995922
44.529551,"/drivetrain/yAcceleration",-0.013000000268220901
44.529554,"/drivetrain/leftOutputLog",0
44.529558,"/drivetrain/rightOutputLog",-0
44.530101,"/intake/pos",0
44.530105,"/intake/output",0
44.531598,"/shooter/rpm",2801
44.531603,"/shooter/output",0.1
44.53166,"/shooter/hasBall",true
44.53171,"/shooter/temperature",42
44.531947,"/climber/rightPos",0
44.551423,"/drivetrain/leftPos",0
44.551437,"/drivetrain/leftVelocity",0
44.551451,"/drivetrain/rightPos",0
44.551461,"/drivetrain/rightVelocity",0
44.551466,"/drivetrain/heading",-2.2899999618530273
44.551469,"/drivetrain/headingVelocity",0.0610351525247097
44.551473,"/drivetrain/xAcceleration",0.003000000026077032
44.551476,"/drivetrain/yAcceleration",0.008999999612569809
44.551479,"/drivetrain/leftOutputLog",0
44.551483,"/drivetrain/rightOutputLog",-0
44.551688,"/intake/pos",0
44.551692,"/intake/output",0
44.55198,"/shooter/rpm",2787
44.551984,"/shooter/output",0.1
44.552028,"/shooter/hasBall",true
44.552072,"/shooter/temperature",42
44.552335,"/climber/rightPos",0
44.569311,"/drivetrain/leftPos",0
44.569325,"/drivetrain/leftVelocity",0
44.569338,"/drivetrain/rightPos",0
44.569348,"/drivetrain/rightVelocity",0
44.569353,"/drivetrain/heading",-2.299999952316284
44.569356,"/drivetrain/headingVelocity",0.0610351525247097
44.569359,"/drivetrain/xAcceleration",0.02500000037252903
44.569362,"/drivetrain/yAcceleration",0.05900000035762787
44.569366,"/drivetrain/leftOutputLog",0
44.569369,"/drivetrain/rightOutputLog",-0
44.569599,"/intake/pos",0
44.569603,"/intake/output",0
44.569777,"/shooter/rpm",2787
44.569781,"/shooter/output",0.1
44.569803,"/shooter/hasBall",true
44.569847,"/shooter/temperature",42
44.570016,"/climber/rightPos",0
44.589266,"/drivetrain/leftPos",0
44.589279,"/drivetrain/leftVelocity",0
44.589292,"/drivetrain/rightPos",0
44.589302,"/drivetrain/rightVelocity",0
44.589306,"/drivetrain/heading",-2.2899999618530273
44.589309,"/drivetrain/headingVelocity",-0.1220703050494194
44.589313,"/drivetrain/xAcceleration",0.014999999664723873
44.589316,"/drivetrain/yAcceleration",-0.019999999552965164
44.589319,"/drivetrain/leftOutputLog",0
44.589322,"/drivetrain/rightOutputLog",-0
44.589524,"/intake/pos",0
44.589527,"/intake/output",0
44.589723,"/shooter/rpm",2752
44.589727,"/shooter/output",0.1
44.589768,"/shooter/hasBall",true
44.589923,"/shooter/temperature",42
44.590152,"/climber/rightPos",0
44.609265,"/drivetrain/leftPos",0
44.609278,"/drivetrain/leftVelocity",0
44.609291,"/drivetrain/rightPos",0
44.609301,"/drivetrain/rightVelocity",0
44.609305,"/drivetrain/heading",-2.2899999618530273
44.609309,"/drivetrain/headingVelocity",-0.1220703050494194
44.609312,"/drivetrain/xAcceleration",0.004999999888241291
44.609315,"/drivetrain/yAcceleration",0
44.609318,"/drivetrain/leftOutputLog",0
44.609321,"/drivetrain/rightOutputLog",-0
44.609529,"/intake/pos",0
44.609533,"/intake/output",0
44.610585,"/shooter/rpm",2727
44.61059,"/shooter/output",0.1
44.610641,"/shooter/hasBall",true
44.610681,"/shooter/temperature",42
44.610939,"/climber/rightPos",0
44.62945,"/drivetrain/leftPos",0
44.629464,"/drivetrain/leftVelocity",0
44.629478,"/drivetrain/rightPos",0
44.629488,"/drivetrain/rightVelocity",0
44.629493,"/drivetrain/heading",-2.2899999618530273
44.629496,"/drivetrain/headingVelocity",0.0610351525247097
44.6295,"/drivetrain/xAcceleration",0
44.629503,"/drivetrain/yAcceleration",0.03400000184774399
44.629506,"/drivetrain/leftOutputLog",0
44.62951,"/drivetrain/rightOutputLog",-0
44.629986,"/intake/pos",0
44.62999,"/intake/output",0
44.630428,"/shooter/rpm",2716
44.630432,"/shooter/output",0.1
44.630475,"/shooter/hasBall",true
44.63051,"/shooter/temperature",42
44.631187,"/climber/rightPos",0
44.64973,"/drivetrain/leftPos",0
44.649745,"/drivetrain/leftVelocity",0
44.649759,"/drivetrain/rightPos",0
44.649769,"/drivetrain/rightVelocity",0
44.649774,"/drivetrain/heading",-2.299999952316284
44.649777,"/drivetrain/headingVelocity",0.0610351525247097
44.649781,"/drivetrain/xAcceleration",-0.009999999776482582
44.649784,"/drivetrain/yAcceleration",-0.008999999612569809
44.649787,"/drivetrain/leftOutputLog",0
44.649791,"/drivetrain/rightOutputLog",-0
44.650195,"/intake/pos",0
44.650199,"/intake/output",0
44.650439,"/shooter/rpm",2695
44.650443,"/shooter/output",0.1
44.650529,"/shooter/hasBall",true
44.650567,"/shooter/temperature",42
44.650803,"/climber/rightPos",0
44.669543,"/drivetrain/leftPos",0
44.669555,"/drivetrain/leftVelocity",0
44.669568,"/drivetrain/rightPos",0
44.669578,"/drivetrain/rightVelocity",0
44.669583,"/drivetrain/heading",-2.299999952316284
44.669587,"/drivetrain/headingVelocity",-0.0610351525247097
44.66959,"/drivetrain/xAcceleration",0
44.669593,"/drivetrain/yAcceleration",-0.03999999910593033
44.669596,"/drivetrain/leftOutputLog",0
44.6696,"/drivetrain/rightOutputLog",-0
44.669866,"/intake/pos",0
44.669873,"/intake/output",0
44.67009,"/shooter/rpm",2677
44.670093,"/shooter/output",0.1
44.670135,"/shooter/hasBall",true
44.670164,"/shooter/temperature",42
44.670463,"/climber/rightPos",0
44.689598,"/drivetrain/leftPos",0
44.689772,"/drivetrain/leftVelocity",0
44.689791,"/drivetrain/rightPos",0
44.689802,"/drivetrain/rightVelocity",0
44.689806,"/drivetrain/heading",-2.2899999618530273
44.68981,"/drivetrain/headingVelocity",-0.1220703050494194
44.689813,"/drivetrain/xAcceleration",-0.008999999612569809
44.689816,"/drivetrain/yAcceleration",-0.008999999612569809
44.68982,"/drivetrain/leftOutputLog",0
44.689823,"/drivetrain/rightOutputLog",-0
44.690192,"/intake/pos",0
44.690196,"/intake/output",0
44.690424,"/shooter/rpm",2652
44.690427,"/shooter/output",0.1
44.690468,"/shooter/hasBall",true
44.69049,"/shooter/temperature",42
44.690652,"/climber/rightPos",0
44.709706,"/drivetrain/leftPos",0
44.709721,"/drivetrain/leftVelocity",0
44.709734,"/drivetrain/rightPos",0
44.709744,"/drivetrain/rightVelocity",0
44.709748,"/drivetrain/heading",-2.2899999618530273
44.709751,"/drivetrain/headingVelocity",0.0610351525247097
44.709755,"/drivetrain/xAcceleration",0.009999999776482582
44.709758,"/drivetrain/yAcceleration",0
44.709761,"/drivetrain/leftOutputLog",0
44.709765,"/drivetrain/rightOutputLog",-0
44.710088,"/intake/pos",0
44.710092,"/intake/output",0
44.71047,"/shooter/rpm",2641
44.710474,"/shooter/output",0.1
44.710518,"/shooter/hasBall",true
44.71054,"/shooter/temperature",42
44.710704,"/climber/rightPos",0
44.729254,"/drivetrain/leftPos",0
44.72927,"/drivetrain/leftVelocity",0
44.72954,"/drivetrain/rightPos",0
44.729556,"/drivetrain/rightVelocity",0
44.729561,"/drivetrain/heading",-2.299999952316284
44.729565,"/drivetrain/headingVelocity",0.1831054538488388
44.729568,"/drivetrain/xAcceleration",0
44.729571,"/drivetrain/yAcceleration",0
44.729575,"/drivetrain/leftOutputLog",0
44.729578,"/drivetrain/rightOutputLog",-0
44.729917,"/intake/pos",0
44.729921,"/intake/output",0
44.730302,"/shooter/rpm",2621
44.730306,"/shooter/output",0.1
44.730577,"/shooter/hasBall",true
44.730625,"/shooter/temperature",42
44.730886,"/climber/rightPos",0
44.749484,"/drivetrain/leftPos",0
44.749497,"/drivetrain/leftVelocity",0
44.749509,"/drivetrain/rightPos",0
44.749519,"/drivetrain/rightVelocity",0
44.749523,"/drivetrain/heading",-2.299999952316284
44.749527,"/drivetrain/headingVelocity",0
44.74953,"/drivetrain/xAcceleration",0.014999999664723873
44.749533,"/drivetrain/yAcceleration",0
44.749537,"/drivetrain/leftOutputLog",0
44.74954,"/drivetrain/rightOutputLog",-0
44.749858,"/intake/pos",0
44.749863,"/intake/output",0
44.750788,"/shooter/rpm",2601
44.750941,"/shooter/output",0.1
44.751264,"/shooter/hasBall",true
44.75133,"/shooter/temperature",42
44.751527,"/climber/rightPos",0
44.76923,"/drivetrain/leftPos",0
44.769243,"/drivetrain/leftVelocity",0
44.769256,"/drivetrain/rightPos",0
44.769265,"/drivetrain/rightVelocity",0
44.76927,"/drivetrain/heading",-2.299999952316284
44.769273,"/drivetrain/headingVelocity",0
44.769276,"/drivetrain/xAcceleration",0
44.76928,"/drivetrain/yAcceleration",0
44.769283,"/drivetrain/leftOutputLog",0
44.769286,"/drivetrain/rightOutputLog",-0
44.76957,"/intake/pos",0
44.769573,"/intake/output",0
44.76979,"/shooter/rpm",2601
44.769796,"/shooter/output",0.1
44.76982,"/shooter/hasBall",true
44.769862,"/shooter/temperature",42
44.77002,"/climber/rightPos",0
44.78928,"/drivetrain/leftPos",0
44.789292,"/drivetrain/leftVelocity",0
44.789304,"/drivetrain/rightPos",0
44.789314,"/drivetrain/rightVelocity",0
44.789318,"/drivetrain/heading",-2.299999952316284
44.789322,"/drivetrain/headingVelocity",0.0610351525247097
44.789325,"/drivetrain/xAcceleration",-0.003000000026077032
44.789328,"/drivetrain/yAcceleration",0.03799999877810478
44.789331,"/drivetrain/leftOutputLog",0
44.789334,"/drivetrain/rightOutputLog",-0
44.789521,"/intake/pos",0
44.789524,"/intake/output",0
44.789697,"/shooter/rpm",2567
44.7897,"/shooter/output",0.1
44.789739,"/shooter/hasBall",true
44.789777,"/shooter/temperature",42
44.789918,"/climber/rightPos",0
44.810599,"/drivetrain/leftPos",0
44.810613,"/drivetrain/leftVelocity",0
44.810627,"/drivetrain/rightPos",0
44.810637,"/drivetrain/rightVelocity",0
44.810642,"/drivetrain/heading",-2.299999952316284
44.810645,"/drivetrain/headingVelocity",0.1220703050494194
44.810649,"/drivetrain/xAcceleration",0.02199999988079071
44.810652,"/drivetrain/yAcceleration",-0.004000000189989805
44.810655,"/drivetrain/leftOutputLog",0
44.810658,"/drivetrain/rightOutputLog",-0
44.810876,"/intake/pos",0
44.81088,"/intake/output",0
44.811083,"/shooter/rpm",2549
44.811087,"/shooter/output",0.1
44.81113,"/shooter/hasBall",true
44.811171,"/shooter/temperature",42
44.811316,"/climber/rightPos",0
44.829535,"/drivetrain/leftPos",0
44.829549,"/drivetrain/leftVelocity",0
44.829566,"/drivetrain/rightPos",0
44.829577,"/drivetrain/rightVelocity",0
44.829582,"/drivetrain/heading",-2.299999952316284
44.829586,"/drivetrain/headingVelocity",0.0610351525247097
44.829589,"/drivetrain/xAcceleration",0.017999999225139618
44.829592,"/drivetrain/yAcceleration",0
44.829596,"/drivetrain/leftOutputLog",0
44.829599,"/drivetrain/rightOutputLog",-0
44.829867,"/intake/pos",0
44.829872,"/intake/output",0
44.830255,"/shooter/rpm",2549
44.83026,"/shooter/output",0.1
44.830478,"/shooter/hasBall",true
44.83063,"/shooter/temperature",42
44.831023,"/climber/rightPos",0
44.850209,"/drivetrain/leftPos",0
44.850223,"/drivetrain/leftVelocity",0
44.850236,"/drivetrain/rightPos",0
44.850246,"/drivetrain/rightVelocity",0
44.850251,"/drivetrain/heading",-2.309999942779541
44.850255,"/drivetrain/headingVelocity",0.1220703050494194
44.850258,"/drivetrain/xAcceleration",0
44.850261,"/drivetrain/yAcceleration",0.023000000044703484
44.850264,"/drivetrain/leftOutputLog",0
44.850268,"/drivetrain/rightOutputLog",-0
44.850463,"/intake/pos",0
44.850467,"/intake/output",0
44.850639,"/shooter/rpm",2507
44.850643,"/shooter/output",0.1
44.850682,"/shooter/hasBall",true
44.850717,"/shooter/temperature",42
44.85087,"/climber/rightPos",0
44.870494,"/drivetrain/leftPos",0
44.870507,"/drivetrain/leftVelocity",0
44.870522,"/drivetrain/rightPos",0
44.870532,"/drivetrain/rightVelocity",0
44.870537,"/drivetrain/heading",-2.309999942779541
44.870541,"/drivetrain/headingVelocity",0.2441406100988388
44.870544,"/drivetrain/xAcceleration",-0.00800000037997961
44.870547,"/drivetrain/yAcceleration",-0.010999999940395355
44.87055,"/drivetrain/leftOutputLog",0
44.870554,"/drivetrain/rightOutputLog",-0
44.870818,"/intake/pos",0
44.870823,"/intake/output",0
44.871015,"/shooter/rpm",2497
44.871019,"/shooter/output",0.1
44.871059,"/shooter/hasBall",true
44.871097,"/shooter/temperature",42
44.871256,"/climber/rightPos",0
44.889977,"/drivetrain/leftPos",0
44.889992,"/drivetrain/leftVelocity",0
44.890006,"/drivetrain/rightPos",0
44.890015,"/drivetrain/rightVelocity",0
44.890356,"/drivetrain/heading",-2.319999933242798
44.890366,"/drivetrain/headingVelocity",0.1220703050494194
44.890369,"/drivetrain/xAcceleration",-0.014000000432133675
44.890372,"/drivetrain/yAcceleration",0.023000000044703484
44.890376,"/drivetrain/leftOutputLog",0
44.890379,"/drivetrain/rightOutputLog",-0
44.890842,"/intake/pos",0
44.890845,"/intake/output",0
44.891086,"/shooter/rpm",2477
44.89109,"/shooter/output",0.1
44.891166,"/shooter/hasBall",true
44.891202,"/shooter/temperature",42
44.891416,"/climber/rightPos",0
44.909844,"/drivetrain/leftPos",0
44.909858,"/drivetrain/leftVelocity",0
44.909872,"/drivetrain/rightPos",0
44.909883,"/drivetrain/rightVelocity",0
44.909888,"/drivetrain/heading",-2.319999933242798
44.909891,"/drivetrain/headingVelocity",-0.1220703050494194
44.909895,"/drivetrain/xAcceleration",-0.019999999552965164
44.909898,"/drivetrain/yAcceleration",-0.004999999888241291
44.909902,"/drivetrain/leftOutputLog",0
44.909905,"/drivetrain/rightOutputLog",-0
44.910879,"/intake/pos",0
44.910883,"/intake/output",0
44.911116,"/shooter/rpm",2457
44.91112,"/shooter/output",0.1
44.911162,"/shooter/hasBall",true
44.911189,"/shooter/temperature",42
44.911343,"/climber/rightPos",0
44.929446,"/drivetrain/leftPos",0
44.929459,"/drivetrain/leftVelocity",0
44.929472,"/drivetrain/rightPos",0
44.929481,"/drivetrain/rightVelocity",0
44.929486,"/drivetrain/heading",-2.309999942779541
44.92949,"/drivetrain/headingVelocity",-0.1220703050494194
44.929493,"/drivetrain/xAcceleration",0.004000000189989805
44.929496,"/drivetrain/yAcceleration",0.03200000151991844
44.929499,"/drivetrain/leftOutputLog",0
44.929503,"/drivetrain/rightOutputLog",-0
44.929858,"/intake/pos",0
44.929862,"/intake/output",0
44.930347,"/shooter/rpm",2457
44.930352,"/shooter/output",0.1
44.93038,"/shooter/hasBall",true
44.930405,"/shooter/temperature",42
44.930596,"/climber/rightPos",0
44.949597,"/drivetrain/leftPos",0
44.949611,"/drivetrain/leftVelocity",0
44.949775,"/drivetrain/rightPos",0
44.949812,"/drivetrain/rightVelocity",0
44.949817,"/drivetrain/heading",-2.319999933242798
44.949821,"/drivetrain/headingVelocity",0.1831054538488388
44.949824,"/drivetrain/xAcceleration",0
44.949996,"/drivetrain/yAcceleration",-0.013000000268220901
44.95,"/drivetrain/leftOutputLog",0
44.950004,"/drivetrain/rightOutputLog",-0
44.950287,"/intake/pos",0
44.950291,"/intake/output",0
44.950541,"/shooter/rpm",2426
44.950545,"/shooter/output",0.1
44.950588,"/shooter/hasBall",true
44.95061,"/shooter/temperature",42
44.950755,"/climber/rightPos",0
44.970131,"/drivetrain/leftPos",0
44.970145,"/drivetrain/leftVelocity",0
44.97016,"/drivetrain/rightPos",0
44.97017,"/drivetrain/rightVelocity",0
44.970175,"/drivetrain/heading",-2.319999933242798
44.970179,"/drivetrain/headingVelocity",0.0610351525247097
44.970182,"/drivetrain/xAcceleration",0.010999999940395355
44.970185,"/drivetrain/yAcceleration",-0.01600000075995922
44.970189,"/drivetrain/leftOutputLog",0
44.970192,"/drivetrain/rightOutputLog",-0
44.970396,"/intake/pos",0
44.9704,"/intake/output",0
44.970578,"/shooter/rpm",2403
44.970581,"/shooter/output",0.1
44.97062,"/shooter/hasBall",true
44.970659,"/shooter/temperature",42
44.970906,"/climber/rightPos",0
44.989388,"/drivetrain/leftPos",0
44.989404,"/drivetrain/leftVelocity",0
44.989418,"/drivetrain/rightPos",0
44.989429,"/drivetrain/rightVelocity",0
44.989434,"/drivetrain/heading",-2.319999933242798
44.989437,"/drivetrain/headingVelocity",-0.0610351525247097
44.989441,"/drivetrain/xAcceleration",0
44.989444,"/drivetrain/yAcceleration",-0.007000000216066837
44.989447,"/drivetrain/leftOutputLog",0
44.98945,"/drivetrain/rightOutputLog",-0
44.990037,"/intake/pos",0
44.990041,"/intake/output",0
44.990597,"/shooter/rpm",2386
44.990601,"/shooter/output",0.1
44.990643,"/shooter/hasBall",true
44.990688,"/shooter/temperature",42
44.990901,"/climber/rightPos",0
45.009932,"/drivetrain/leftPos",0
45.009944,"/drivetrain/leftVelocity",0
45.009957,"/drivetrain/rightPos",0
45.009966,"/drivetrain/rightVelocity",0
45.009971,"/drivetrain/heading",-2.309999942779541
45.009974,"/drivetrain/headingVelocity",-0.2441406100988388
45.009978,"/drivetrain/xAcceleration",-0.003000000026077032
45.009981,"/drivetrain/yAcceleration",0.013000000268220901
45.009984,"/drivetrain/leftOutputLog",0
45.009988,"/drivetrain/rightOutputLog",-0
45.010265,"/intake/pos",0
45.010269,"/intake/output",0
45.01046,"/shooter/rpm",2366
45.010464,"/shooter/output",0.1
45.010507,"/shooter/hasBall",true
45.010547,"/shooter/temperature",42
45.010747,"/climber/rightPos",0
45.029203,"/drivetrain/leftPos",0
45.029216,"/drivetrain/leftVelocity",0
45.029229,"/drivetrain/rightPos",0
45.029239,"/drivetrain/rightVelocity",0
45.029243,"/drivetrain/heading",-2.309999942779541
45.029247,"/drivetrain/headingVelocity",-0.0610351525247097
45.02925,"/drivetrain/xAcceleration",0
45.029253,"/drivetrain/yAcceleration",0.020999999716877937
45.029257,"/drivetrain/leftOutputLog",0
45.02926,"/drivetrain/rightOutputLog",-0
45.029422,"/intake/pos",0
45.029426,"/intake/output",0
45.029578,"/shooter/rpm",2366
45.029582,"/shooter/output",0.1
45.029604,"/shooter/hasBall",true
45.029645,"/shooter/temperature",42
45.029795,"/climber/rightPos",0
45.049328,"/drivetrain/leftPos",0
45.049343,"/drivetrain/leftVelocity",0
45.049357,"/drivetrain/rightPos",0
45.049366,"/drivetrain/rightVelocity",0
45.049371,"/drivetrain/heading",-2.309999942779541
45.049375,"/drivetrain/headingVelocity",0.1220703050494194
45.049378,"/drivetrain/xAcceleration",0
45.049381,"/drivetrain/yAcceleration",-0.010999999940395355
45.049385,"/drivetrain/leftOutputLog",0
45.049388,"/drivetrain/rightOutputLog",-0
45.049646,"/intake/pos",0
45.04965,"/intake/output",0
45.049912,"/shooter/rpm",2330
45.049916,"/shooter/output",0.1
45.049959,"/shooter/hasBall",true
45.050001,"/shooter/temperature",42
45.05016,"/climber/rightPos",0
45.070156,"/drivetrain/leftPos",0
45.07017,"/drivetrain/leftVelocity",0
45.070184,"/drivetrain/rightPos",0
45.070195,"/drivetrain/rightVelocity",0
45.0702,"/drivetrain/heading",-2.309999942779541
45.070203,"/drivetrain/headingVelocity",0
45.070207,"/drivetrain/xAcceleration",-0.003000000026077032
45.07021,"/drivetrain/yAcceleration",-0.027000000700354576
45.070213,"/drivetrain/leftOutputLog",0
45.070216,"/drivetrain/rightOutputLog",-0
45.070406,"/intake/pos",0
45.07041,"/intake/output",0
45.070614,"/shooter/rpm",2315
45.070618,"/shooter/output",0.1
45.070701,"/shooter/hasBall",true
45.070741,"/shooter/temperature",42
45.070919,"/climber/rightPos",0
45.08954,"/drivetrain/leftPos",0
45.089553,"/drivetrain/leftVelocity",0
45.089566,"/drivetrain/rightPos",0
45.089576,"/drivetrain/rightVelocity",0
45.08958,"/drivetrain/heading",-2.309999942779541
45.089584,"/drivetrain/headingVelocity",-0.1220703050494194
45.089587,"/drivetrain/xAcceleration",-0.003000000026077032
45.089591,"/drivetrain/yAcceleration",0.017000000923871994
45.089594,"/drivetrain/leftOutputLog",0
45.089597,"/drivetrain/rightOutputLog",-0
45.08993,"/intake/pos",0
45.089934,"/intake/output",0
45.090342,"/shooter/rpm",2298
45.090346,"/shooter/output",0.1
45.090387,"/shooter/hasBall",true
45.090423,"/shooter/temperature",42
45.090656,"/climber/rightPos",0
45.109399,"/drivetrain/leftPos",0
45.109423,"/drivetrain/leftVelocity",0
45.109437,"/drivetrain/rightPos",0
45.109447,"/drivetrain/rightVelocity",0
45.109452,"/drivetrain/heading",-2.299999952316284
45.109456,"/drivetrain/headingVelocity",-0.1220703050494194
45.109459,"/drivetrain/xAcceleration",0.003000000026077032
45.109463,"/drivetrain/yAcceleration",-0.014000000432133675
45.109466,"/drivetrain/leftOutputLog",0
45.10947,"/drivetrain/rightOutputLog",-0
45.113583,"/intake/pos",0
45.113587,"/intake/output",0
45.113896,"/shooter/rpm",2265
45.113901,"/shooter/output",0.1
45.113947,"/shooter/hasBall",true
45.113983,"/shooter/temperature",42
45.114178,"/climber/rightPos",0
45.129225,"/drivetrain/leftPos",0
45.129239,"/drivetrain/leftVelocity",0
45.129251,"/drivetrain/rightPos",0
45.12926,"/drivetrain/rightVelocity",0
45.129265,"/drivetrain/heading",-2.309999942779541
45.129269,"/drivetrain/headingVelocity",0.3662109076976776
45.129272,"/drivetrain/xAcceleration",0.006000000052154064
45.129275,"/drivetrain/yAcceleration",0
45.129278,"/drivetrain/leftOutputLog",0
45.129281,"/drivetrain/rightOutputLog",-0
45.12951,"/intake/pos",0
45.129514,"/intake/output",0
45.129678,"/shooter/rpm",2265
45.129682,"/shooter/output",0.1
45.129703,"/shooter/hasBall",true
45.129725,"/shooter/temperature",42
45.129886,"/climber/rightPos",0
45.149449,"/drivetrain/leftPos",0
45.14953,"/drivetrain/leftVelocity",0
45.149584,"/drivetrain/rightPos",0
45.149601,"/drivetrain/rightVelocity",0
45.149606,"/drivetrain/heading",-2.319999933242798
45.14961,"/drivetrain/headingVelocity",0.1831054538488388
45.149613,"/drivetrain/xAcceleration",-0.014999999664723873
45.149616,"/drivetrain/yAcceleration",0.004000000189989805
45.14962,"/drivetrain/leftOutputLog",0
45.149623,"/drivetrain/rightOutputLog",-0
45.149893,"/intake/pos",0
45.149896,"/intake/output",0
45.1501,"/shooter/rpm",2248
45.150104,"/shooter/output",0.1
45.150146,"/shooter/hasBall",true
45.150173,"/shooter/temperature",42
45.150339,"/climber/rightPos",0
45.169327,"/drivetrain/leftPos",0
45.169342,"/drivetrain/leftVelocity",0
45.169355,"/drivetrain/rightPos",0
45.169365,"/drivetrain/rightVelocity",0
45.16937,"/drivetrain/heading",-2.319999933242798
45.169374,"/drivetrain/headingVelocity",-0.0610351525247097
45.169378,"/drivetrain/xAcceleration",-0.009999999776482582
45.169381,"/drivetrain/yAcceleration",-0.019999999552965164
45.169384,"/drivetrain/leftOutputLog",0
45.169388,"/drivetrain/rightOutputLog",-0
45.169812,"/intake/pos",0
45.169819,"/intake/output",0
45.170197,"/shooter/rpm",2231
45.170202,"/shooter/output",0.1
45.170248,"/shooter/hasBall",true
45.17027,"/shooter/temperature",42
45.170635,"/climber/rightPos",0
45.189282,"/drivetrain/leftPos",0
45.189297,"/drivetrain/leftVelocity",0
45.18931,"/drivetrain/rightPos",0
45.189319,"/drivetrain/rightVelocity",0
45.189324,"/drivetrain/heading",-2.299999952316284
45.189328,"/drivetrain/headingVelocity",-0.4272460639476776
45.189331,"/drivetrain/xAcceleration",0.01899999938905239
45.189334,"/drivetrain/yAcceleration",0
45.189337,"/drivetrain/leftOutputLog",0
45.189341,"/drivetrain/rightOutputLog",-0
45.189541,"/intake/pos",0
45.189545,"/intake/output",0
45.189736,"/shooter/rpm",2231
45.18974,"/shooter/output",0.1
45.189761,"/shooter/hasBall",true
45.189783,"/shooter/temperature",42
45.189951,"/climber/rightPos",0
45.209211,"/drivetrain/leftPos",0
45.209225,"/drivetrain/leftVelocity",0
45.209238,"/drivetrain/rightPos",0
45.209247,"/drivetrain/rightVelocity",0
45.209252,"/drivetrain/heading",-2.299999952316284
45.209255,"/drivetrain/headingVelocity",-0.1220703050494194
45.209259,"/drivetrain/xAcceleration",0.00800000037997961
45.209262,"/drivetrain/yAcceleration",0.014000000432133675
45.209265,"/drivetrain/leftOutputLog",0
45.209268,"/drivetrain/rightOutputLog",-0
45.209467,"/intake/pos",0
45.209471,"/intake/output",0
45.209669,"/shooter/rpm",2200
45.209673,"/shooter/output",0.1
45.209714,"/shooter/hasBall",true
45.209876,"/shooter/temperature",42
45.210058,"/climber/rightPos",0
45.229251,"/drivetrain/leftPos",0
45.229265,"/drivetrain/leftVelocity",0
45.229279,"/drivetrain/rightPos",0
45.229289,"/drivetrain/rightVelocity",0
45.229363,"/drivetrain/heading",-2.299999952316284
45.229367,"/drivetrain/headingVelocity",0.0610351525247097
45.229371,"/drivetrain/xAcceleration",0.003000000026077032
45.229374,"/drivetrain/yAcceleration",0.010999999940395355
45.229377,"/drivetrain/leftOutputLog",0
45.229381,"/drivetrain/rightOutputLog",-0
45.229637,"/intake/pos",0
45.229641,"/intake/output",0
45.23005,"/shooter/rpm",2179
45.230054,"/shooter/output",0.1
45.230104,"/shooter/hasBall",true
45.230155,"/shooter/temperature",42
45.230481,"/climber/rightPos",0
45.249292,"/drivetrain/leftPos",0
45.249306,"/drivetrain/leftVelocity",0
45.249365,"/drivetrain/rightPos",0
45.249382,"/drivetrain/rightVelocity",0
45.249388,"/drivetrain/heading",-2.299999952316284
45.249392,"/drivetrain/headingVelocity",0
45.249395,"/drivetrain/xAcceleration",-0.01600000075995922
45.249398,"/drivetrain/yAcceleration",-0.0430000014603138
45.249401,"/drivetrain/leftOutputLog",0
45.249404,"/drivetrain/rightOutputLog",-0
45.249663,"/intake/pos",0
45.249667,"/intake/output",0
45.249857,"/shooter/rpm",2179
45.249898,"/shooter/output",0.1
45.249946,"/shooter/hasBall",true
45.249985,"/shooter/temperature",42
45.250134,"/climber/rightPos",0
45.269225,"/drivetrain/leftPos",0
45.269239,"/drivetrain/leftVelocity",0
45.269252,"/drivetrain/rightPos",0
45.269262,"/drivetrain/rightVelocity",0
45.269267,"/drivetrain/heading",-2.299999952316284
45.26927,"/drivetrain/headingVelocity",-0.2441406100988388
45.269273,"/drivetrain/xAcceleration",-0.009999999776482582
45.269276,"/drivetrain/yAcceleration",-0.008999999612569809
45.26928,"/drivetrain/leftOutputLog",0
45.269283,"/drivetrain/rightOutputLog",-0
45.269446,"/intake/pos",0
45.26945,"/intake/output",0
45.269648,"/shooter/rpm",2165
45.269652,"/shooter/output",0.1
45.269673,"/shooter/hasBall",true
45.269713,"/shooter/temperature",42
45.269971,"/climber/rightPos",0
45.289384,"/drivetrain/leftPos",0
45.289397,"/drivetrain/leftVelocity",0
45.28941,"/drivetrain/rightPos",0
45.289419,"/drivetrain/rightVelocity",0
45.289424,"/drivetrain/heading",-2.2899999618530273
45.289427,"/drivetrain/headingVelocity",-0.3662109076976776
45.289431,"/drivetrain/xAcceleration",-0.008999999612569809
45.289434,"/drivetrain/yAcceleration",0.007000000216066837
45.289437,"/drivetrain/leftOutputLog",0
45.28944,"/drivetrain/rightOutputLog",-0
45.289618,"/intake/pos",0
45.289732,"/intake/output",0
45.28999,"/shooter/rpm",2132
45.289994,"/shooter/output",0.1
45.290041,"/shooter/hasBall",true
45.290086,"/shooter/temperature",42
45.290891,"/climber/rightPos",0
45.309202,"/drivetrain/leftPos",0
45.309216,"/drivetrain/leftVelocity",0
45.309228,"/drivetrain/rightPos",0
45.309238,"/drivetrain/rightVelocity",0
45.309242,"/drivetrain/heading",-2.2899999618530273
45.309245,"/drivetrain/headingVelocity",0
45.309249,"/drivetrain/xAcceleration",-0.004999999888241291
45.309252,"/drivetrain/yAcceleration",0.020999999716877937
45.309255,"/drivetrain/leftOutputLog",0
45.309258,"/drivetrain/rightOutputLog",-0
45.309423,"/intake/pos",0
45.309427,"/intake/output",0
45.309623,"/shooter/rpm",2132
45.309627,"/shooter/output",0.1
45.30965,"/shooter/hasBall",true
45.309685,"/shooter/temperature",42
45.309849,"/climber/rightPos",0
45.329717,"/drivetrain/leftPos",0
45.329731,"/drivetrain/leftVelocity",0
45.329744,"/drivetrain/rightPos",0
45.329755,"/drivetrain/rightVelocity",0
45.329759,"/drivetrain/heading",-2.2899999618530273
45.329762,"/drivetrain/headingVelocity",0.0610351525247097
45.329766,"/drivetrain/xAcceleration",0.003000000026077032
45.329769,"/drivetrain/yAcceleration",0
45.329772,"/drivetrain/leftOutputLog",0
45.329775,"/drivetrain/rightOutputLog",-0
45.329976,"/intake/pos",0
45.32998,"/intake/output",0
45.330175,"/shooter/rpm",2099
45.330178,"/shooter/output",0.1
45.330218,"/shooter/hasBall",true
45.33025,"/shooter/temperature",42
45.330407,"/climber/rightPos",0
45.349614,"/drivetrain/leftPos",0
45.349628,"/drivetrain/leftVelocity",0
45.349641,"/drivetrain/rightPos",0
45.349651,"/drivetrain/rightVelocity",0
45.349656,"/drivetrain/heading",-2.2899999618530273
45.349659,"/drivetrain/headingVelocity",0
45.349663,"/drivetrain/xAcceleration",-0.004000000189989805
45.349666,"/drivetrain/yAcceleration",-0.01600000075995922
45.349669,"/drivetrain/leftOutputLog",0
45.349673,"/drivetrain/rightOutputLog",-0
45.350217,"/intake/pos",0
45.350221,"/intake/output",0
45.350798,"/shooter/rpm",2083
45.350802,"/shooter/output",0.1
45.350847,"/shooter/hasBall",true
45.350938,"/shooter/temperature",42
45.351557,"/climber/rightPos",0
45.369264,"/drivetrain/leftPos",0
45.369277,"/drivetrain/leftVelocity",0
45.369291,"/drivetrain/rightPos",0
45.3693,"/drivetrain/rightVelocity",0
45.369304,"/drivetrain/heading",-2.2799999713897705
45.369308,"/drivetrain/headingVelocity",-0.3662109076976776
45.369311,"/drivetrain/xAcceleration",0.017999999225139618
45.369314,"/drivetrain/yAcceleration",0.003000000026077032
45.369318,"/drivetrain/leftOutputLog",0
45.369321,"/drivetrain/rightOutputLog",-0
45.369492,"/intake/pos",0
45.36954,"/intake/output",0
45.369693,"/shooter/rpm",2083
45.369697,"/shooter/output",0.1
45.369719,"/shooter/hasBall",true
45.36974,"/shooter/temperature",42
45.369899,"/climber/rightPos",0
45.389252,"/drivetrain/leftPos",0
45.389265,"/drivetrain/leftVelocity",0
45.389279,"/drivetrain/rightPos",0
45.389289,"/drivetrain/rightVelocity",0
45.389294,"/drivetrain/heading",-2.2699999809265137
45.389297,"/drivetrain/headingVelocity",-0.1831054538488388
45.3893,"/drivetrain/xAcceleration",0.004000000189989805
45.389304,"/drivetrain/yAcceleration",0.01600000075995922
45.389307,"/drivetrain/leftOutputLog",0
45.38931,"/drivetrain/rightOutputLog",-0
45.389474,"/intake/pos",0
45.389478,"/intake/output",0
45.389684,"/shooter/rpm",2050
45.389687,"/shooter/output",0.1
45.389767,"/shooter/hasBall",true
45.389799,"/shooter/temperature",42
45.38997,"/climber/rightPos",0
45.409406,"/drivetrain/leftPos",0
45.409471,"/drivetrain/leftVelocity",0
45.409491,"/drivetrain/rightPos",0
45.409502,"/drivetrain/rightVelocity",0
45.409507,"/drivetrain/heading",-2.2699999809265137
45.409511,"/drivetrain/headingVelocity",0
45.409514,"/drivetrain/xAcceleration",0.029999999329447746
45.409518,"/drivetrain/yAcceleration",0.03999999910593033
45.409521,"/drivetrain/leftOutputLog",0
45.409525,"/drivetrain/rightOutputLog",-0
45.409877,"/intake/pos",0
45.409881,"/intake/output",0
45.410144,"/shooter/rpm",2035
45.41035,"/shooter/output",0.1
45.410405,"/shooter/hasBall",true
45.41043,"/shooter/temperature",42
45.411416,"/climber/rightPos",0
45.429485,"/drivetrain/leftPos",0
45.429624,"/drivetrain/leftVelocity",0
45.429649,"/drivetrain/rightPos",0
45.429661,"/drivetrain/rightVelocity",0
45.429666,"/drivetrain/heading",-2.2799999713897705
45.42967,"/drivetrain/headingVelocity",0.2441406100988388
45.429673,"/drivetrain/xAcceleration",-0.019999999552965164
45.429677,"/drivetrain/yAcceleration",-0.010999999940395355
45.42968,"/drivetrain/leftOutputLog",0
45.429684,"/drivetrain/rightOutputLog",-0
45.430063,"/intake/pos",0
45.430066,"/intake/output",0
45.430722,"/shooter/rpm",2019
45.430726,"/shooter/output",0.1
45.430769,"/shooter/hasBall",true
45.430791,"/shooter/temperature",42
45.430955,"/climber/rightPos",0
45.449325,"/drivetrain/leftPos",0
45.44934,"/drivetrain/leftVelocity",0
45.449354,"/drivetrain/rightPos",0
45.449363,"/drivetrain/rightVelocity",0
45.449368,"/drivetrain/heading",-2.2799999713897705
45.449371,"/drivetrain/headingVelocity",0.0610351525247097
45.449375,"/drivetrain/xAcceleration",-0.004000000189989805
45.449378,"/drivetrain/yAcceleration",-0.012000000104308128
45.449381,"/drivetrain/leftOutputLog",0
45.449384,"/drivetrain/rightOutputLog",-0
45.449605,"/intake/pos",0
45.449609,"/intake/output",0
45.449774,"/shooter/rpm",2019
45.449778,"/shooter/output",0.1
45.4498,"/shooter/hasBall",true
45.449842,"/shooter/temperature",42
45.450107,"/climber/rightPos",0
45.469772,"/drivetrain/leftPos",0
45.469785,"/drivetrain/leftVelocity",0
45.469798,"/drivetrain/rightPos",0
45.469808,"/drivetrain/rightVelocity",0
45.469812,"/drivetrain/heading",-2.2799999713897705
45.469816,"/drivetrain/headingVelocity",-0.1831054538488388
45.469819,"/drivetrain/xAcceleration",0.017999999225139618
45.469822,"/drivetrain/yAcceleration",0.007000000216066837
45.469826,"/drivetrain/leftOutputLog",0
45.469829,"/drivetrain/rightOutputLog",-0
45.470052,"/intake/pos",0
45.470056,"/intake/output",0
45.470264,"/shooter/rpm",1988
45.470268,"/shooter/output",0.1
45.470306,"/shooter/hasBall",true
45.470345,"/shooter/temperature",42
45.470561,"/climber/rightPos",0
45.489526,"/drivetrain/leftPos",0
45.489539,"/drivetrain/leftVelocity",0
45.489551,"/drivetrain/rightPos",0
45.48956,"/drivetrain/rightVelocity",0
45.489565,"/drivetrain/heading",-2.2799999713897705
45.489568,"/drivetrain/headingVelocity",-0.0610351525247097
45.489571,"/drivetrain/xAcceleration",0.009999999776482582
45.489575,"/drivetrain/yAcceleration",0.028999999165534973
45.489578,"/drivetrain/leftOutputLog",0
45.489581,"/drivetrain/rightOutputLog",-0
45.489823,"/intake/pos",0
45.489827,"/intake/output",0
45.490037,"/shooter/rpm",1972
45.490041,"/shooter/output",0.1
45.490116,"/shooter/hasBall",true
45.490159,"/shooter/temperature",42
45.490332,"/climber/rightPos",0
45.509388,"/drivetrain/leftPos",0
45.509402,"/drivetrain/leftVelocity",0
45.509415,"/drivetrain/rightPos",0
45.509425,"/drivetrain/rightVelocity",0
45.50943,"/drivetrain/heading",-2.2799999713897705
45.509433,"/drivetrain/headingVelocity",0
45.509437,"/drivetrain/xAcceleration",0.01600000075995922
45.50944,"/drivetrain/yAcceleration",-0.006000000052154064
45.509443,"/drivetrain/leftOutputLog",0
45.509446,"/drivetrain/rightOutputLog",-0
45.509672,"/intake/pos",0
45.509718,"/intake/output",0
45.509882,"/shooter/rpm",1954
45.509886,"/shooter/output",0.1
45.509926,"/shooter/hasBall",true
45.509964,"/shooter/temperature",42
45.510506,"/climber/rightPos",0
45.529401,"/drivetrain/leftPos",0
45.529416,"/drivetrain/leftVelocity",0
45.52943,"/drivetrain/rightPos",0
45.52944,"/drivetrain/rightVelocity",0
45.529445,"/drivetrain/heading",-2.2799999713897705
45.529449,"/drivetrain/headingVelocity",-0.1220703050494194
45.529452,"/drivetrain/xAcceleration",0
45.529456,"/drivetrain/yAcceleration",0.009999999776482582
45.529459,"/drivetrain/leftOutputLog",0
45.529462,"/drivetrain/rightOutputLog",-0
45.529801,"/intake/pos",0
45.529805,"/intake/output",0
45.530329,"/shooter/rpm",1942
45.530332,"/shooter/output",0.1
45.530393,"/shooter/hasBall",true
45.53044,"/shooter/temperature",42
45.530848,"/climber/rightPos",0
45.550226,"/drivetrain/leftPos",0
45.550239,"/drivetrain/leftVelocity",0
45.550252,"/drivetrain/rightPos",0
45.550262,"/drivetrain/rightVelocity",0
45.550266,"/drivetrain/heading",-2.2699999809265137
45.550269,"/drivetrain/headingVelocity",-0.1831054538488388
45.550273,"/drivetrain/xAcceleration",0
45.550276,"/drivetrain/yAcceleration",0.004000000189989805
45.550279,"/drivetrain/leftOutputLog",0
45.550282,"/drivetrain/rightOutputLog",-0
45.550468,"/intake/pos",0
45.550472,"/intake/output",0
45.550632,"/shooter/rpm",1925
45.550637,"/shooter/output",0.1
45.550674,"/shooter/hasBall",true
45.550705,"/shooter/temperature",42
45.550911,"/climber/rightPos",0
45.56934,"/drivetrain/leftPos",0
45.569354,"/drivetrain/leftVelocity",0
45.569367,"/drivetrain/rightPos",0
45.569376,"/drivetrain/rightVelocity",0
45.569381,"/drivetrain/heading",-2.2699999809265137
45.569384,"/drivetrain/headingVelocity",-0.0610351525247097
45.569387,"/drivetrain/xAcceleration",0
45.569391,"/drivetrain/yAcceleration",0
45.569394,"/drivetrain/leftOutputLog",0
45.569397,"/drivetrain/rightOutputLog",-0
45.5697,"/intake/pos",0
45.569704,"/intake/output",0
45.570409,"/shooter/rpm",1909
45.570413,"/shooter/output",0.1
45.570467,"/shooter/hasBall",true
45.570506,"/shooter/temperature",42
45.570949,"/climber/rightPos",0
45.589288,"/drivetrain/leftPos",0
45.589301,"/drivetrain/leftVelocity",0
45.589315,"/drivetrain/rightPos",0
45.589325,"/drivetrain/rightVelocity",0
45.589329,"/drivetrain/heading",-2.2699999809265137
45.589333,"/drivetrain/headingVelocity",0
45.589336,"/drivetrain/xAcceleration",-0.006000000052154064
45.589339,"/drivetrain/yAcceleration",-0.003000000026077032
45.589342,"/drivetrain/leftOutputLog",0
45.589345,"/drivetrain/rightOutputLog",-0
45.589535,"/intake/pos",0
45.589539,"/intake/output",0
45.589754,"/shooter/rpm",1909
45.589758,"/shooter/output",0.1
45.58978,"/shooter/hasBall",true
45.589802,"/shooter/temperature",42
45.58996,"/climber/rightPos",0
45.60922,"/drivetrain/leftPos",0
45.609234,"/drivetrain/leftVelocity",0
45.609246,"/drivetrain/rightPos",0
45.609256,"/drivetrain/rightVelocity",0
45.60926,"/drivetrain/heading",-2.2699999809265137
45.609264,"/drivetrain/headingVelocity",0.1220703050494194
45.609267,"/drivetrain/xAcceleration",0
45.60927,"/drivetrain/yAcceleration",0
45.609273,"/drivetrain/leftOutputLog",0
45.609277,"/drivetrain/rightOutputLog",-0
45.609503,"/intake/pos",0
45.609507,"/intake/output",0
45.609685,"/shooter/rpm",1878
45.609688,"/shooter/output",0.1
45.609727,"/shooter/hasBall",true
45.609761,"/shooter/temperature",42
45.610041,"/climber/rightPos",0
45.629356,"/drivetrain/leftPos",0
45.629369,"/drivetrain/leftVelocity",0
45.629382,"/drivetrain/rightPos",0
45.629392,"/drivetrain/rightVelocity",0
45.629397,"/drivetrain/heading",-2.2799999713897705
45.629401,"/drivetrain/headingVelocity",0
45.629404,"/drivetrain/xAcceleration",-0.008999999612569809
45.629407,"/drivetrain/yAcceleration",0.004000000189989805
45.629411,"/drivetrain/leftOutputLog",0
45.629414,"/drivetrain/rightOutputLog",-0
45.62966,"/intake/pos",0
45.629664,"/intake/output",0
45.629872,"/shooter/rpm",1863
45.629875,"/shooter/output",0.1
45.629954,"/shooter/hasBall",true
45.629984,"/shooter/temperature",42
45.630169,"/climber/rightPos",0
45.64968,"/drivetrain/leftPos",0
45.649694,"/drivetrain/leftVelocity",0
45.649708,"/drivetrain/rightPos",0
45.649718,"/drivetrain/rightVelocity",0
45.649723,"/drivetrain/heading",-2.2699999809265137
45.649727,"/drivetrain/headingVelocity",-0.0610351525247097
45.64973,"/drivetrain/xAcceleration",-0.007000000216066837
45.649733,"/drivetrain/yAcceleration",0.004000000189989805
45.649737,"/drivetrain/leftOutputLog",0
45.64974,"/drivetrain/rightOutputLog",-0
45.650063,"/intake/pos",0
45.650067,"/intake/output",0
45.650764,"/shooter/rpm",1848
45.650768,"/shooter/output",0.1
45.650812,"/shooter/hasBall",true
45.650834,"/shooter/temperature",42
45.651026,"/climber/rightPos",0
45.670865,"/drivetrain/leftPos",0
45.670881,"/drivetrain/leftVelocity",0
45.670895,"/drivetrain/rightPos",0
45.670904,"/drivetrain/rightVelocity",0
45.670909,"/drivetrain/heading",-2.2699999809265137
45.670913,"/drivetrain/headingVelocity",0
45.670916,"/drivetrain/xAcceleration",-0.017999999225139618
45.670919,"/drivetrain/yAcceleration",-0.013000000268220901
45.670923,"/drivetrain/leftOutputLog",0
45.670926,"/drivetrain/rightOutputLog",-0
45.671317,"/intake/pos",0
45.671321,"/intake/output",0
45.671529,"/shooter/rpm",1834
45.671533,"/shooter/output",0.1
45.671577,"/shooter/hasBall",true
45.671599,"/shooter/temperature",42
45.671788,"/climber/rightPos",0
45.689549,"/drivetrain/leftPos",0
45.689564,"/drivetrain/leftVelocity",0
45.689577,"/drivetrain/rightPos",0
45.689588,"/drivetrain/rightVelocity",0
45.689592,"/drivetrain/heading",-2.2799999713897705
45.689596,"/drivetrain/headingVelocity",0.1220703050494194
45.689599,"/drivetrain/xAcceleration",-0.03500000014901161
45.689602,"/drivetrain/yAcceleration",-0.013000000268220901
45.689605,"/drivetrain/leftOutputLog",0
45.689608,"/drivetrain/rightOutputLog",-0
45.689802,"/intake/pos",0
45.689806,"/intake/output",0
45.690016,"/shooter/rpm",1834
45.69002,"/shooter/output",0.1
45.69004,"/shooter/hasBall",true
45.690083,"/shooter/temperature",42
45.690218,"/climber/rightPos",0
45.70949,"/drivetrain/leftPos",0
45.709505,"/drivetrain/leftVelocity",0
45.709518,"/drivetrain/rightPos",0
45.709528,"/drivetrain/rightVelocity",0
45.709533,"/drivetrain/heading",-2.2799999713897705
45.709536,"/drivetrain/headingVelocity",0.1831054538488388
45.70954,"/drivetrain/xAcceleration",0
45.709543,"/drivetrain/yAcceleration",0.020999999716877937
45.709547,"/drivetrain/leftOutputLog",0
45.70955,"/drivetrain/rightOutputLog",-0
45.710309,"/intake/pos",0
45.710316,"/intake/output",0
45.710622,"/shooter/rpm",1805
45.710626,"/shooter/output",0.1
45.710669,"/shooter/hasBall",true
45.710708,"/shooter/temperature",42
45.710928,"/climber/rightPos",0
45.72935,"/drivetrain/leftPos",0
45.729364,"/drivetrain/leftVelocity",0
45.729377,"/drivetrain/rightPos",0
45.729388,"/drivetrain/rightVelocity",0
45.729393,"/drivetrain/heading",-2.2799999713897705
45.729396,"/drivetrain/headingVelocity",0.0610351525247097
45.729399,"/drivetrain/xAcceleration",-0.003000000026077032
45.729402,"/drivetrain/yAcceleration",-0.010999999940395355
45.729406,"/drivetrain/leftOutputLog",0
45.729409,"/drivetrain/rightOutputLog",-0
45.729696,"/intake/pos",0
45.729701,"/intake/output",0
45.729894,"/shooter/rpm",1786
45.729898,"/shooter/output",0.1
45.729937,"/shooter/hasBall",true
45.729977,"/shooter/temperature",42
45.730148,"/climber/rightPos",0
45.749678,"/drivetrain/leftPos",0
45.74969,"/drivetrain/leftVelocity",0
45.749704,"/drivetrain/rightPos",0
45.749714,"/drivetrain/rightVelocity",0
45.749719,"/drivetrain/heading",-2.2799999713897705
45.749723,"/drivetrain/headingVelocity",-0.0610351525247097
45.749726,"/drivetrain/xAcceleration",0
45.749729,"/drivetrain/yAcceleration",0.00800000037997961
45.749732,"/drivetrain/leftOutputLog",0
45.749736,"/drivetrain/rightOutputLog",-0
45.750428,"/intake/pos",0
45.750432,"/intake/output",0
45.750869,"/shooter/rpm",1773
45.750873,"/shooter/output",0.1
45.750914,"/shooter/hasBall",true
45.750955,"/shooter/temperature",42
45.751128,"/climber/rightPos",0
45.769959,"/drivetrain/leftPos",0
45.769973,"/drivetrain/leftVelocity",0
45.769986,"/drivetrain/rightPos",0
45.769995,"/drivetrain/rightVelocity",0
45.77,"/drivetrain/heading",-2.2799999713897705
45.770003,"/drivetrain/headingVelocity",-0.0610351525247097
45.770006,"/drivetrain/xAcceleration",-0.00800000037997961
45.77001,"/drivetrain/yAcceleration",-0.03700000047683716
45.770013,"/drivetrain/leftOutputLog",0
45.770016,"/drivetrain/rightOutputLog",-0
45.770212,"/intake/pos",0
45.770216,"/intake/output",0
45.770406,"/shooter/rpm",1755
45.77041,"/shooter/output",0.1
45.770452,"/shooter/hasBall",true
45.770491,"/shooter/temperature",42
45.770672,"/climber/rightPos",0
45.790297,"/drivetrain/leftPos",0
45.790311,"/drivetrain/leftVelocity",0
45.790324,"/drivetrain/rightPos",0
45.790334,"/drivetrain/rightVelocity",0
45.790339,"/drivetrain/heading",-2.2799999713897705
45.790343,"/drivetrain/headingVelocity",0
45.790346,"/drivetrain/xAcceleration",-0.020999999716877937
45.790349,"/drivetrain/yAcceleration",0
45.790352,"/drivetrain/leftOutputLog",0
45.790356,"/drivetrain/rightOutputLog",-0
45.790604,"/intake/pos",0
45.790608,"/intake/output",0
45.790796,"/shooter/rpm",1743
45.7908,"/shooter/output",0.1
45.790842,"/shooter/hasBall",true
45.790875,"/shooter/temperature",42
45.791058,"/climber/rightPos",0
45.809812,"/drivetrain/leftPos",0
45.809827,"/drivetrain/leftVelocity",0
45.809842,"/drivetrain/rightPos",0
45.809852,"/drivetrain/rightVelocity",0
45.809856,"/drivetrain/heading",-2.2799999713897705
45.80986,"/drivetrain/headingVelocity",0
45.809863,"/drivetrain/xAcceleration",0.012000000104308128
45.809866,"/drivetrain/yAcceleration",0.013000000268220901
45.80987,"/drivetrain/leftOutputLog",0
45.809873,"/drivetrain/rightOutputLog",-0
45.810401,"/intake/pos",0
45.810405,"/intake/output",0
45.810585,"/shooter/rpm",1730
45.810589,"/shooter/output",0.1
45.810632,"/shooter/hasBall",true
45.810667,"/shooter/temperature",42
45.810878,"/climber/rightPos",0
45.829425,"/drivetrain/leftPos",0
45.829439,"/drivetrain/leftVelocity",0
45.829452,"/drivetrain/rightPos",0
45.829462,"/drivetrain/rightVelocity",0
45.829467,"/drivetrain/heading",-2.2799999713897705
45.829471,"/drivetrain/headingVelocity",0.2441406100988388
45.829474,"/drivetrain/xAcceleration",0
45.829477,"/drivetrain/yAcceleration",0.009999999776482582
45.829481,"/drivetrain/leftOutputLog",0
45.829484,"/drivetrain/rightOutputLog",-0
45.829927,"/intake/pos",0
45.829931,"/intake/output",0
45.830227,"/shooter/rpm",1714
45.830231,"/shooter/output",0.1
45.830553,"/shooter/hasBall",true
45.830611,"/shooter/temperature",42
45.830798,"/climber/rightPos",0
45.853699,"/drivetrain/leftPos",0
45.853713,"/drivetrain/leftVelocity",0
45.853726,"/drivetrain/rightPos",0
45.853736,"/drivetrain/rightVelocity",0
45.85374,"/drivetrain/heading",-2.2799999713897705
45.853744,"/drivetrain/headingVelocity",0.1220703050494194
45.853747,"/drivetrain/xAcceleration",0
45.85375,"/drivetrain/yAcceleration",-0.010999999940395355
45.853753,"/drivetrain/leftOutputLog",0
45.853757,"/drivetrain/rightOutputLog",-0
45.853964,"/intake/pos",0
45.853968,"/intake/output",0
45.854181,"/shooter/rpm",1686
45.854185,"/shooter/output",0.1
45.85427,"/shooter/hasBall",true
45.854299,"/shooter/temperature",42
45.854501,"/climber/rightPos",0
45.869571,"/drivetrain/leftPos",0
45.869584,"/drivetrain/leftVelocity",0
45.869597,"/drivetrain/rightPos",0
45.869607,"/drivetrain/rightVelocity",0
45.869611,"/drivetrain/heading",-2.2799999713897705
45.869615,"/drivetrain/headingVelocity",0
45.869618,"/drivetrain/xAcceleration",-0.007000000216066837
45.869622,"/drivetrain/yAcceleration",0
45.869625,"/drivetrain/leftOutputLog",0
45.869628,"/drivetrain/rightOutputLog",-0
45.870309,"/intake/pos",0
45.870313,"/intake/output",0
45.87059,"/shooter/rpm",1686
45.870594,"/shooter/output",0.1
45.870619,"/shooter/hasBall",true
45.870642,"/shooter/temperature",42
45.870785,"/climber/rightPos",0
45.890442,"/drivetrain/leftPos",0
45.890456,"/drivetrain/leftVelocity",0
45.89047,"/drivetrain/rightPos",0
45.89048,"/drivetrain/rightVelocity",0
45.890485,"/drivetrain/heading",-2.2799999713897705
45.890489,"/drivetrain/headingVelocity",0
45.890492,"/drivetrain/xAcceleration",0
45.890495,"/drivetrain/yAcceleration",-0.017000000923871994
45.890499,"/drivetrain/leftOutputLog",0
45.890502,"/drivetrain/rightOutputLog",-0
45.89072,"/intake/pos",0
45.890724,"/intake/output",0
45.890907,"/shooter/rpm",1667
45.890911,"/shooter/output",0.1
45.890953,"/shooter/hasBall",true
45.890976,"/shooter/temperature",42
45.891165,"/climber/rightPos",0
45.909849,"/drivetrain/leftPos",0
45.909862,"/drivetrain/leftVelocity",0
45.909876,"/drivetrain/rightPos",0
45.909886,"/drivetrain/rightVelocity",0
45.909891,"/drivetrain/heading",-2.2899999618530273
45.909894,"/drivetrain/headingVelocity",0.0610351525247097
45.909898,"/drivetrain/xAcceleration",0
45.909901,"/drivetrain/yAcceleration",0.02500000037252903
45.909904,"/drivetrain/leftOutputLog",0
45.909908,"/drivetrain/rightOutputLog",-0
45.910453,"/intake/pos",0
45.910457,"/intake/output",0
45.910698,"/shooter/rpm",1667
45.910702,"/shooter/output",0.1
45.910726,"/shooter/hasBall",true
45.910769,"/shooter/temperature",42
45.910907,"/climber/rightPos",0
45.929478,"/drivetrain/leftPos",0
45.929492,"/drivetrain/leftVelocity",0
45.929506,"/drivetrain/rightPos",0
45.929516,"/drivetrain/rightVelocity",0
45.92952,"/drivetrain/heading",-2.2899999618530273
45.929524,"/drivetrain/headingVelocity",0.0610351525247097
45.929527,"/drivetrain/xAcceleration",-0.004999999888241291
45.92953,"/drivetrain/yAcceleration",-0.017000000923871994
45.929534,"/drivetrain/leftOutputLog",0
45.929537,"/drivetrain/rightOutputLog",-0
45.930083,"/intake/pos",0
45.930087,"/intake/output",0
45.930468,"/shooter/rpm",1643
45.930523,"/shooter/output",0.1
45.930571,"/shooter/hasBall",true
45.930617,"/shooter/temperature",42
45.93085,"/climber/rightPos",0
45.949435,"/drivetrain/leftPos",0
45.949448,"/drivetrain/leftVelocity",0
45.949461,"/drivetrain/rightPos",0
45.949472,"/drivetrain/rightVelocity",0
45.949477,"/drivetrain/heading",-2.2899999618530273
45.94948,"/drivetrain/headingVelocity",0
45.949484,"/drivetrain/xAcceleration",-0.008999999612569809
45.949487,"/drivetrain/yAcceleration",0.004999999888241291
45.94949,"/drivetrain/leftOutputLog",0
45.949494,"/drivetrain/rightOutputLog",-0
45.950182,"/intake/pos",0
45.950187,"/intake/output",0
45.950405,"/shooter/rpm",1627
45.950409,"/shooter/output",0.1
45.950453,"/shooter/hasBall",true
45.950494,"/shooter/temperature",42
45.950706,"/climber/rightPos",0
45.96925,"/drivetrain/leftPos",0
45.969264,"/drivetrain/leftVelocity",0
45.969277,"/drivetrain/rightPos",0
45.969287,"/drivetrain/rightVelocity",0
45.969292,"/drivetrain/heading",-2.2899999618530273
45.969295,"/drivetrain/headingVelocity",0
45.969298,"/drivetrain/xAcceleration",0
45.969302,"/drivetrain/yAcceleration",0.013000000268220901
45.969305,"/drivetrain/leftOutputLog",0
45.969309,"/drivetrain/rightOutputLog",-0
45.969691,"/intake/pos",0
45.969695,"/intake/output",0
45.969953,"/shooter/rpm",1608
45.969957,"/shooter/output",0.1
45.97,"/shooter/hasBall",true
45.970046,"/shooter/temperature",42
45.970208,"/climber/rightPos",0
45.990355,"/drivetrain/leftPos",0
45.990369,"/drivetrain/leftVelocity",0
45.990381,"/drivetrain/rightPos",0
45.990391,"/drivetrain/rightVelocity",0
45.990395,"/drivetrain/heading",-2.2899999618530273
45.990399,"/drivetrain/headingVelocity",0
45.990402,"/drivetrain/xAcceleration",0.006000000052154064
45.990405,"/drivetrain/yAcceleration",-0.004999999888241291
45.990409,"/drivetrain/leftOutputLog",0
45.990412,"/drivetrain/rightOutputLog",-0
45.990617,"/intake/pos",0
45.99062,"/intake/output",0
45.990802,"/shooter/rpm",1599
45.990805,"/shooter/output",0.1
45.990845,"/shooter/hasBall",true
45.990935,"/shooter/temperature",42
45.99113,"/climber/rightPos",0
46.010084,"/drivetrain/leftPos",0
46.010477,"/drivetrain/leftVelocity",0
46.010494,"/drivetrain/rightPos",0
46.010504,"/drivetrain/rightVelocity",0
46.010509,"/drivetrain/heading",-2.2899999618530273
46.010512,"/drivetrain/headingVelocity",0
46.010516,"/drivetrain/xAcceleration",0
46.010519,"/drivetrain/yAcceleration",-0.00800000037997961
46.010522,"/drivetrain/leftOutputLog",0
46.010525,"/drivetrain/rightOutputLog",-0
46.010809,"/intake/pos",0
46.010813,"/intake/output",0
46.011056,"/shooter/rpm",1583
46.01106,"/shooter/output",0.1
46.0111,"/shooter/hasBall",true
46.011135,"/shooter/temperature",42
46.011322,"/climber/rightPos",0
46.029465,"/drivetrain/leftPos",0
46.029478,"/drivetrain/leftVelocity",0
46.029493,"/drivetrain/rightPos",0
46.029503,"/drivetrain/rightVelocity",0
46.029508,"/drivetrain/heading",-2.2899999618530273
46.029512,"/drivetrain/headingVelocity",0
46.029515,"/drivetrain/xAcceleration",-0.008999999612569809
46.029518,"/drivetrain/yAcceleration",-0.014999999664723873
46.029522,"/drivetrain/leftOutputLog",0
46.029525,"/drivetrain/rightOutputLog",-0
46.029925,"/intake/pos",0
46.02993,"/intake/output",0
46.030237,"/shooter/rpm",1583
46.030241,"/shooter/output",0.1
46.030273,"/shooter/hasBall",true
46.030299,"/shooter/temperature",42
46.030787,"/climber/rightPos",0
46.049952,"/drivetrain/leftPos",0
46.049981,"/drivetrain/leftVelocity",0
46.049997,"/drivetrain/rightPos",0
46.050007,"/drivetrain/rightVelocity",0
46.050012,"/drivetrain/heading",-2.2899999618530273
46.050015,"/drivetrain/headingVelocity",0.0610351525247097
46.050018,"/drivetrain/xAcceleration",-0.004000000189989805
46.050022,"/drivetrain/yAcceleration",0.003000000026077032
46.050025,"/drivetrain/leftOutputLog",0
46.050028,"/drivetrain/rightOutputLog",-0
46.050224,"/intake/pos",0
46.050228,"/intake/output",0
46.050415,"/shooter/rpm",1556
46.050419,"/shooter/output",0.1
46.05046,"/shooter/hasBall",true
46.050501,"/shooter/temperature",42
46.050885,"/climber/rightPos",0
46.070183,"/drivetrain/leftPos",0
46.070197,"/drivetrain/leftVelocity",0
46.070211,"/drivetrain/rightPos",0
46.070221,"/drivetrain/rightVelocity",0
46.070226,"/drivetrain/heading",-2.2899999618530273
46.070276,"/drivetrain/headingVelocity",0.0610351525247097
46.07028,"/drivetrain/xAcceleration",0.017999999225139618
46.070284,"/drivetrain/yAcceleration",-0.019999999552965164
46.070287,"/drivetrain/leftOutputLog",0
46.070291,"/drivetrain/rightOutputLog",-0
46.070495,"/intake/pos",0
46.070499,"/intake/output",0
46.070681,"/shooter/rpm",1544
46.070685,"/shooter/output",0.1
46.070724,"/shooter/hasBall",true
46.070758,"/shooter/temperature",42
46.070973,"/climber/rightPos",0
46.090689,"/drivetrain/leftPos",0
46.090704,"/drivetrain/leftVelocity",0
46.090719,"/drivetrain/rightPos",0
46.09073,"/drivetrain/rightVelocity",0
46.090735,"/drivetrain/heading",-2.2899999618530273
46.090738,"/drivetrain/headingVelocity",0.0610351525247097
46.090742,"/drivetrain/xAcceleration",-0.008999999612569809
46.090745,"/drivetrain/yAcceleration",0.02800000086426735
46.090748,"/drivetrain/leftOutputLog",0
46.090751,"/drivetrain/rightOutputLog",-0
46.091105,"/intake/pos",0
46.091109,"/intake/output",0
46.09139,"/shooter/rpm",1524
46.091394,"/shooter/output",0.1
46.091475,"/shooter/hasBall",true
46.091516,"/shooter/temperature",42
46.0917,"/climber/rightPos",0
46.109195,"/drivetrain/leftPos",0
46.109208,"/drivetrain/leftVelocity",0
46.109221,"/drivetrain/rightPos",0
46.109231,"/drivetrain/rightVelocity",0
46.109235,"/drivetrain/heading",-2.2899999618530273
46.109238,"/drivetrain/headingVelocity",0
46.109242,"/drivetrain/xAcceleration",0
46.109245,"/drivetrain/yAcceleration",0.008999999612569809
46.109248,"/drivetrain/leftOutputLog",0
46.109251,"/drivetrain/rightOutputLog",-0
46.109498,"/intake/pos",0
46.109502,"/intake/output",0
46.109673,"/shooter/rpm",1524
46.109677,"/shooter/output",0.1
46.109702,"/shooter/hasBall",true
46.109723,"/shooter/temperature",42
46.109856,"/climber/rightPos",0
46.130249,"/drivetrain/leftPos",0
46.130266,"/drivetrain/leftVelocity",0
46.130281,"/drivetrain/rightPos",0
46.130291,"/drivetrain/rightVelocity",0
46.130296,"/drivetrain/heading",-2.2899999618530273
46.130299,"/drivetrain/headingVelocity",0
46.130302,"/drivetrain/xAcceleration",-0.009999999776482582
46.130306,"/drivetrain/yAcceleration",-0.010999999940395355
46.130309,"/drivetrain/leftOutputLog",0
46.130312,"/drivetrain/rightOutputLog",-0
46.130508,"/intake/pos",0
46.130511,"/intake/output",0
46.130722,"/shooter/rpm",1496
46.130726,"/shooter/output",0.1
46.130808,"/shooter/hasBall",true
46.130837,"/shooter/temperature",42
46.131023,"/climber/rightPos",0
46.149917,"/drivetrain/leftPos",0
46.149932,"/drivetrain/leftVelocity",0
46.149945,"/drivetrain/rightPos",0
46.149955,"/drivetrain/rightVelocity",0
46.14996,"/drivetrain/heading",-2.2899999618530273
46.149964,"/drivetrain/headingVelocity",0
46.149967,"/drivetrain/xAcceleration",-0.008999999612569809
46.14997,"/drivetrain/yAcceleration",-0.003000000026077032
46.149974,"/drivetrain/leftOutputLog",0
46.149977,"/drivetrain/rightOutputLog",-0
46.15053,"/intake/pos",0
46.150534,"/intake/output",0
46.150913,"/shooter/rpm",1483
46.150916,"/shooter/output",0.1
46.150958,"/shooter/hasBall",true
46.15098,"/shooter/temperature",42
46.151127,"/climber/rightPos",0
46.169362,"/drivetrain/leftPos",0
46.169376,"/drivetrain/leftVelocity",0
46.169391,"/drivetrain/rightPos",0
46.169401,"/drivetrain/rightVelocity",0
46.169406,"/drivetrain/heading",-2.299999952316284
46.169409,"/drivetrain/headingVelocity",0.0610351525247097
46.169413,"/drivetrain/xAcceleration",-0.007000000216066837
46.169416,"/drivetrain/yAcceleration",0
46.169419,"/drivetrain/leftOutputLog",0
46.169422,"/drivetrain/rightOutputLog",-0
46.169727,"/intake/pos",0
46.169731,"/intake/output",0
46.170379,"/shooter/rpm",1483
46.170383,"/shooter/output",0.1
46.170411,"/shooter/hasBall",true
46.170435,"/shooter/temperature",42
46.170647,"/climber/rightPos",0
46.189847,"/drivetrain/leftPos",0
46.18986,"/drivetrain/leftVelocity",0
46.189875,"/drivetrain/rightPos",0
46.189886,"/drivetrain/rightVelocity",0
46.189891,"/drivetrain/heading",-2.299999952316284
46.189895,"/drivetrain/headingVelocity",0.0610351525247097
46.189898,"/drivetrain/xAcceleration",0.009999999776482582
46.189901,"/drivetrain/yAcceleration",-0.006000000052154064
46.189904,"/drivetrain/leftOutputLog",0
46.189908,"/drivetrain/rightOutputLog",-0
46.190545,"/intake/pos",0
46.190549,"/intake/output",0
46.190978,"/shooter/rpm",1459
46.190982,"/shooter/output",0.1
46.191036,"/shooter/hasBall",true
46.191209,"/shooter/temperature",42
46.191395,"/climber/rightPos",0
46.209244,"/drivetrain/leftPos",0
46.209257,"/drivetrain/leftVelocity",0
46.20927,"/drivetrain/rightPos",0
46.209279,"/drivetrain/rightVelocity",0
46.209284,"/drivetrain/heading",-2.299999952316284
46.209287,"/drivetrain/headingVelocity",0
46.209291,"/drivetrain/xAcceleration",0.012000000104308128
46.209294,"/drivetrain/yAcceleration",0
46.209297,"/drivetrain/leftOutputLog",0
46.2093,"/drivetrain/rightOutputLog",-0
46.209627,"/intake/pos",0
46.210131,"/intake/output",0
46.211308,"/shooter/rpm",1446
46.211312,"/shooter/output",0.1
46.211354,"/shooter/hasBall",true
46.211401,"/shooter/temperature",42
46.211744,"/climber/rightPos",0
46.230345,"/drivetrain/leftPos",0
46.230456,"/drivetrain/leftVelocity",0
46.230471,"/drivetrain/rightPos",0
46.230481,"/drivetrain/rightVelocity",0
46.230486,"/drivetrain/heading",-2.299999952316284
46.230489,"/drivetrain/headingVelocity",0
46.230492,"/drivetrain/xAcceleration",0.013000000268220901
46.230496,"/drivetrain/yAcceleration",-0.01899999938905239
46.230499,"/drivetrain/leftOutputLog",0
46.230502,"/drivetrain/rightOutputLog",-0
46.230871,"/intake/pos",0
46.230875,"/intake/output",0
46.231155,"/shooter/rpm",1427
46.231159,"/shooter/output",0.1
46.231203,"/shooter/hasBall",true
46.231246,"/shooter/temperature",42
46.231393,"/climber/rightPos",0
46.249919,"/drivetrain/leftPos",0
46.249935,"/drivetrain/leftVelocity",0
46.249949,"/drivetrain/rightPos",0
46.249958,"/drivetrain/rightVelocity",0
46.249964,"/drivetrain/heading",-2.299999952316284
46.249967,"/drivetrain/headingVelocity",0
46.249971,"/drivetrain/xAcceleration",0
46.249974,"/drivetrain/yAcceleration",-0.023000000044703484
46.249977,"/drivetrain/leftOutputLog",0
46.249981,"/drivetrain/rightOutputLog",-0
46.250225,"/intake/pos",0
46.250229,"/intake/output",0
46.250398,"/shooter/rpm",1427
46.250402,"/shooter/output",0.1
46.250426,"/shooter/hasBall",true
46.250469,"/shooter/temperature",42
46.250684,"/climber/rightPos",0
46.270228,"/drivetrain/leftPos",0
46.270242,"/drivetrain/leftVelocity",0
46.270256,"/drivetrain/rightPos",0
46.270266,"/drivetrain/rightVelocity",0
46.27027,"/drivetrain/heading",-2.299999952316284
46.270273,"/drivetrain/headingVelocity",0
46.270277,"/drivetrain/xAcceleration",0.003000000026077032
46.27028,"/drivetrain/yAcceleration",0.00800000037997961
46.270283,"/drivetrain/leftOutputLog",0
46.270287,"/drivetrain/rightOutputLog",-0
46.270536,"/intake/pos",0
46.270539,"/intake/output",0
46.270868,"/shooter/rpm",1401
46.270872,"/shooter/output",0.1
46.270912,"/shooter/hasBall",true
46.27095,"/shooter/temperature",42
46.271085,"/climber/rightPos",0
46.289912,"/drivetrain/leftPos",0
46.289926,"/drivetrain/leftVelocity",0
46.289939,"/drivetrain/rightPos",0
46.289948,"/drivetrain/rightVelocity",0
46.289953,"/drivetrain/heading",-2.299999952316284
46.289956,"/drivetrain/headingVelocity",0
46.28996,"/drivetrain/xAcceleration",0
46.289963,"/drivetrain/yAcceleration",0
46.289966,"/drivetrain/leftOutputLog",0
46.28997,"/drivetrain/rightOutputLog",-0
46.290179,"/intake/pos",0
46.290183,"/intake/output",0
46.290394,"/shooter/rpm",1390
46.290398,"/shooter/output",0.1
46.290438,"/shooter/hasBall",true
46.29047,"/shooter/temperature",42
46.290646,"/climber/rightPos",0
46.309441,"/drivetrain/leftPos",0
46.309454,"/drivetrain/leftVelocity",0
46.309468,"/drivetrain/rightPos",0
46.309478,"/drivetrain/rightVelocity",0
46.309483,"/drivetrain/heading",-2.299999952316284
46.309487,"/drivetrain/headingVelocity",0.0610351525247097
46.309491,"/drivetrain/xAcceleration",0
46.309494,"/drivetrain/yAcceleration",0.032999999821186066
46.309497,"/drivetrain/leftOutputLog",0
46.3095,"/drivetrain/rightOutputLog",-0
46.309703,"/intake/pos",0
46.309707,"/intake/output",0
46.309909,"/shooter/rpm",1376
46.309913,"/shooter/output",0.1
46.309951,"/shooter/hasBall",true
46.309985,"/shooter/temperature",42
46.310136,"/climber/rightPos",0
46.329651,"/drivetrain/leftPos",0
46.329667,"/drivetrain/leftVelocity",0
46.329682,"/drivetrain/rightPos",0
46.329692,"/drivetrain/rightVelocity",0
46.329697,"/drivetrain/heading",-2.299999952316284
46.329701,"/drivetrain/headingVelocity",0
46.329704,"/drivetrain/xAcceleration",0
46.329708,"/drivetrain/yAcceleration",-0.008999999612569809
46.329711,"/drivetrain/leftOutputLog",0
46.329714,"/drivetrain/rightOutputLog",-0
46.329982,"/intake/pos",0
46.329986,"/intake/output",0
46.33058,"/shooter/rpm",1366
46.330584,"/shooter/output",0.1
46.33063,"/shooter/hasBall",true
46.330667,"/shooter/temperature",42
46.331269,"/climber/rightPos",0
46.349881,"/drivetrain/leftPos",0
46.349896,"/drivetrain/leftVelocity",0
46.349911,"/drivetrain/rightPos",0
46.349922,"/drivetrain/rightVelocity",0
46.349927,"/drivetrain/heading",-2.299999952316284
46.34993,"/drivetrain/headingVelocity",-0.0610351525247097
46.349933,"/drivetrain/xAcceleration",0
46.349937,"/drivetrain/yAcceleration",-0.014000000432133675
46.34994,"/drivetrain/leftOutputLog",0
46.349944,"/drivetrain/rightOutputLog",-0
46.350139,"/intake/pos",0
46.350143,"/intake/output",0
46.350318,"/shooter/rpm",1353
46.350322,"/shooter/output",0.1
46.350361,"/shooter/hasBall",true
46.350389,"/shooter/temperature",42
46.350562,"/climber/rightPos",0
46.369222,"/drivetrain/leftPos",0
46.369235,"/drivetrain/leftVelocity",0
46.369248,"/drivetrain/rightPos",0
46.369257,"/drivetrain/rightVelocity",0
46.369262,"/drivetrain/heading",-2.2899999618530273
46.369265,"/drivetrain/headingVelocity",-0.1831054538488388
46.369268,"/drivetrain/xAcceleration",0.012000000104308128
46.369272,"/drivetrain/yAcceleration",-0.006000000052154064
46.369275,"/drivetrain/leftOutputLog",0
46.369278,"/drivetrain/rightOutputLog",-0
46.369442,"/intake/pos",0
46.369446,"/intake/output",0
46.36964,"/shooter/rpm",1353
46.369644,"/shooter/output",0.1
46.369666,"/shooter/hasBall",true
46.36973,"/shooter/temperature",42
46.369864,"/climber/rightPos",0
46.389249,"/drivetrain/leftPos",0
46.389264,"/drivetrain/leftVelocity",0
46.389407,"/drivetrain/rightPos",0
46.389423,"/drivetrain/rightVelocity",0
46.389428,"/drivetrain/heading",-2.2899999618530273
46.389432,"/drivetrain/headingVelocity",-0.1220703050494194
46.389435,"/drivetrain/xAcceleration",0
46.389438,"/drivetrain/yAcceleration",-0.026000000536441803
46.389442,"/drivetrain/leftOutputLog",0
46.389445,"/drivetrain/rightOutputLog",-0
46.389831,"/intake/pos",0
46.389835,"/intake/output",0
46.390108,"/shooter/rpm",1318
46.390112,"/shooter/output",0.1
46.390156,"/shooter/hasBall",true
46.390179,"/shooter/temperature",42
46.39048,"/climber/rightPos",0
46.409222,"/drivetrain/leftPos",0
46.409235,"/drivetrain/leftVelocity",0
46.409248,"/drivetrain/rightPos",0
46.409258,"/drivetrain/rightVelocity",0
46.409262,"/drivetrain/heading",-2.2899999618530273
46.409265,"/drivetrain/headingVelocity",0
46.409269,"/drivetrain/xAcceleration",0
46.409272,"/drivetrain/yAcceleration",0.004999999888241291
46.409275,"/drivetrain/leftOutputLog",0
46.409278,"/drivetrain/rightOutputLog",-0
46.409544,"/intake/pos",0
46.409548,"/intake/output",0
46.410152,"/shooter/rpm",1306
46.410156,"/shooter/output",0.1
46.410207,"/shooter/hasBall",true
46.410255,"/shooter/temperature",42
46.410615,"/climber/rightPos",0
46.429601,"/drivetrain/leftPos",0
46.429615,"/drivetrain/leftVelocity",0
46.429628,"/drivetrain/rightPos",0
46.429638,"/drivetrain/rightVelocity",0
46.429643,"/drivetrain/heading",-2.2899999618530273
46.429647,"/drivetrain/headingVelocity",0.1220703050494194
46.42965,"/drivetrain/xAcceleration",-0.003000000026077032
46.429653,"/drivetrain/yAcceleration",0
46.429657,"/drivetrain/leftOutputLog",0
46.42966,"/drivetrain/rightOutputLog",-0
46.430078,"/intake/pos",0
46.430082,"/intake/output",0
46.431027,"/shooter/rpm",1294
46.431031,"/shooter/output",0.1
46.431076,"/shooter/hasBall",true
46.431118,"/shooter/temperature",42
46.431364,"/climber/rightPos",0
46.449226,"/drivetrain/leftPos",0
46.449239,"/drivetrain/leftVelocity",0
46.449252,"/drivetrain/rightPos",0
46.449262,"/drivetrain/rightVelocity",0
46.449266,"/drivetrain/heading",-2.299999952316284
46.44927,"/drivetrain/headingVelocity",0.1831054538488388
46.449273,"/drivetrain/xAcceleration",-0.004000000189989805
46.449276,"/drivetrain/yAcceleration",0.01899999938905239
46.44928,"/drivetrain/leftOutputLog",0
46.449283,"/drivetrain/rightOutputLog",-0
46.449645,"/intake/pos",0
46.449649,"/intake/output",0
46.449881,"/shooter/rpm",1294
46.449885,"/shooter/output",0.1
46.449913,"/shooter/hasBall",true
46.449966,"/shooter/temperature",42
46.450299,"/climber/rightPos",0
46.470358,"/drivetrain/leftPos",0
46.470371,"/drivetrain/leftVelocity",0
46.470385,"/drivetrain/rightPos",0
46.470396,"/drivetrain/rightVelocity",0
46.4704,"/drivetrain/heading",-2.309999942779541
46.470404,"/drivetrain/headingVelocity",0.1831054538488388
46.470407,"/drivetrain/xAcceleration",0
46.470411,"/drivetrain/yAcceleration",0
46.470414,"/drivetrain/leftOutputLog",0
46.470417,"/drivetrain/rightOutputLog",-0
46.470641,"/intake/pos",0
46.470646,"/intake/output",0
46.470871,"/shooter/rpm",1273
46.470875,"/shooter/output",0.1
46.470916,"/shooter/hasBall",true
46.470954,"/shooter/temperature",42
46.471126,"/climber/rightPos",0
46.48987,"/drivetrain/leftPos",0
46.489883,"/drivetrain/leftVelocity",0
46.489899,"/drivetrain/rightPos",0
46.489908,"/drivetrain/rightVelocity",0
46.489913,"/drivetrain/heading",-2.309999942779541
46.489916,"/drivetrain/headingVelocity",0.0610351525247097
46.48992,"/drivetrain/xAcceleration",0
46.489923,"/drivetrain/yAcceleration",0.009999999776482582
46.489926,"/drivetrain/leftOutputLog",0
46.48993,"/drivetrain/rightOutputLog",-0
46.490265,"/intake/pos",0
46.490268,"/intake/output",0
46.490655,"/shooter/rpm",1263
46.490659,"/shooter/output",0.1
46.490701,"/shooter/hasBall",true
46.490741,"/shooter/temperature",42
46.490882,"/climber/rightPos",0
46.510356,"/drivetrain/leftPos",0
46.510371,"/drivetrain/leftVelocity",0
46.510385,"/drivetrain/rightPos",0
46.510395,"/drivetrain/rightVelocity",0
46.510399,"/drivetrain/heading",-2.309999942779541
46.510403,"/drivetrain/headingVelocity",0
46.510406,"/drivetrain/xAcceleration",0
46.510409,"/drivetrain/yAcceleration",0.004000000189989805
46.510412,"/drivetrain/leftOutputLog",0
46.510416,"/drivetrain/rightOutputLog",-0
46.51068,"/intake/pos",0
46.510683,"/intake/output",0
46.510972,"/shooter/rpm",1247
46.510976,"/shooter/output",0.1
46.511024,"/shooter/hasBall",true
46.511065,"/shooter/temperature",42
46.511352,"/climber/rightPos",0
46.52964,"/drivetrain/leftPos",0
46.529654,"/drivetrain/leftVelocity",0
46.529667,"/drivetrain/rightPos",0
46.529677,"/drivetrain/rightVelocity",0
46.529681,"/drivetrain/heading",-2.299999952316284
46.529685,"/drivetrain/headingVelocity",-0.2441406100988388
46.529776,"/drivetrain/xAcceleration",0.004000000189989805
46.529781,"/drivetrain/yAcceleration",-0.014999999664723873
46.529784,"/drivetrain/leftOutputLog",0
46.529787,"/drivetrain/rightOutputLog",-0
46.530228,"/intake/pos",0
46.530235,"/intake/output",0
46.530454,"/shooter/rpm",1247
46.530458,"/shooter/output",0.1
46.530481,"/shooter/hasBall",true
46.530503,"/shooter/temperature",42
46.530684,"/climber/rightPos",0
46.549204,"/drivetrain/leftPos",0
46.549217,"/drivetrain/leftVelocity",0
46.54923,"/drivetrain/rightPos",0
46.54924,"/drivetrain/rightVelocity",0
46.549245,"/drivetrain/heading",-2.2899999618530273
46.549248,"/drivetrain/headingVelocity",-0.3662109076976776
46.549252,"/drivetrain/xAcceleration",0.013000000268220901
46.549255,"/drivetrain/yAcceleration",-0.02199999988079071
46.549258,"/drivetrain/leftOutputLog",0
46.549261,"/drivetrain/rightOutputLog",-0
46.549467,"/intake/pos",0
46.549471,"/intake/output",0
46.549676,"/shooter/rpm",1216
46.549718,"/shooter/output",0.1
46.549758,"/shooter/hasBall",true
46.549792,"/shooter/temperature",42
46.549993,"/climber/rightPos",0
46.56993,"/drivetrain/leftPos",0
46.569945,"/drivetrain/leftVelocity",0
46.569959,"/drivetrain/rightPos",0
46.569968,"/drivetrain/rightVelocity",0
46.569973,"/drivetrain/heading",-2.2899999618530273
46.569977,"/drivetrain/headingVelocity",-0.2441406100988388
46.56998,"/drivetrain/xAcceleration",0
46.569983,"/drivetrain/yAcceleration",-0.010999999940395355
46.569987,"/drivetrain/leftOutputLog",0
46.56999,"/drivetrain/rightOutputLog",-0
46.570233,"/intake/pos",0
46.570237,"/intake/output",0
46.570448,"/shooter/rpm",1201
46.570452,"/shooter/output",0.1
46.570543,"/shooter/hasBall",true
46.570738,"/shooter/temperature",42
46.570897,"/climber/rightPos",0
46.589847,"/drivetrain/leftPos",0
46.589863,"/drivetrain/leftVelocity",0
46.589876,"/drivetrain/rightPos",0
46.589887,"/drivetrain/rightVelocity",0
46.589892,"/drivetrain/heading",-2.2899999618530273
46.589895,"/drivetrain/headingVelocity",0.1220703050494194
46.589899,"/drivetrain/xAcceleration",0
46.589902,"/drivetrain/yAcceleration",0
46.589905,"/drivetrain/leftOutputLog",0
46.589909,"/drivetrain/rightOutputLog",-0
46.590338,"/intake/pos",0
46.590342,"/intake/output",0
46.590647,"/shooter/rpm",1191
46.590651,"/shooter/output",0.1
46.590697,"/shooter/hasBall",true
46.590725,"/shooter/temperature",42
46.59088,"/climber/rightPos",0
46.610323,"/drivetrain/leftPos",0
46.610337,"/drivetrain/leftVelocity",0
46.61035,"/drivetrain/rightPos",0
46.61036,"/drivetrain/rightVelocity",0
46.610365,"/drivetrain/heading",-2.2899999618530273
46.610369,"/drivetrain/headingVelocity",0.1831054538488388
46.610372,"/drivetrain/xAcceleration",-0.004999999888241291
46.610375,"/drivetrain/yAcceleration",0.004000000189989805
46.610378,"/drivetrain/leftOutputLog",0
46.610382,"/drivetrain/rightOutputLog",-0
46.610603,"/intake/pos",0
46.610607,"/intake/output",0
46.611209,"/shooter/rpm",1181
46.611213,"/shooter/output",0.1
46.611253,"/shooter/hasBall",true
46.611275,"/shooter/temperature",42
46.611467,"/climber/rightPos",0
46.629219,"/drivetrain/leftPos",0
46.629232,"/drivetrain/leftVelocity",0
46.629245,"/drivetrain/rightPos",0
46.629255,"/drivetrain/rightVelocity",0
46.62926,"/drivetrain/heading",-2.299999952316284
46.629263,"/drivetrain/headingVelocity",0.2441406100988388
46.629267,"/drivetrain/xAcceleration",0
46.62927,"/drivetrain/yAcceleration",0
46.629273,"/drivetrain/leftOutputLog",0
46.629277,"/drivetrain/rightOutputLog",-0
46.629774,"/intake/pos",0
46.629778,"/intake/output",0
46.630022,"/shooter/rpm",1181
46.630026,"/shooter/output",0.1
46.63005,"/shooter/hasBall",true
46.630073,"/shooter/temperature",42
46.630472,"/climber/rightPos",0
46.649922,"/drivetrain/leftPos",0
46.649935,"/drivetrain/leftVelocity",0
46.649949,"/drivetrain/rightPos",0
46.649958,"/drivetrain/rightVelocity",0
46.649963,"/drivetrain/heading",-2.309999942779541
46.649967,"/drivetrain/headingVelocity",0.0610351525247097
46.64997,"/drivetrain/xAcceleration",0.003000000026077032
46.649974,"/drivetrain/yAcceleration",0.004999999888241291
46.649977,"/drivetrain/leftOutputLog",0
46.64998,"/drivetrain/rightOutputLog",-0
46.65067,"/intake/pos",0
46.650674,"/intake/output",0
46.650903,"/shooter/rpm",1158
46.650906,"/shooter/output",0.1
46.650991,"/shooter/hasBall",true
46.651036,"/shooter/temperature",42
46.651339,"/climber/rightPos",0
46.669281,"/drivetrain/leftPos",0
46.669295,"/drivetrain/leftVelocity",0
46.669308,"/drivetrain/rightPos",0
46.669318,"/drivetrain/rightVelocity",0
46.669323,"/drivetrain/heading",-2.309999942779541
46.669326,"/drivetrain/headingVelocity",0.0610351525247097
46.66933,"/drivetrain/xAcceleration",0.014999999664723873
46.669333,"/drivetrain/yAcceleration",0.007000000216066837
46.669336,"/drivetrain/leftOutputLog",0
46.66934,"/drivetrain/rightOutputLog",-0
46.669507,"/intake/pos",0
46.66951,"/intake/output",0
46.670803,"/shooter/rpm",1158
46.670808,"/shooter/output",0.1
46.67084,"/shooter/hasBall",true
46.670945,"/shooter/temperature",42
46.671258,"/climber/rightPos",0
46.689249,"/drivetrain/leftPos",0
46.689262,"/drivetrain/leftVelocity",0
46.689326,"/drivetrain/rightPos",0
46.689337,"/drivetrain/rightVelocity",0
46.689342,"/drivetrain/heading",-2.309999942779541
46.689346,"/drivetrain/headingVelocity",-0.0610351525247097
46.689349,"/drivetrain/xAcceleration",0.009999999776482582
46.689352,"/drivetrain/yAcceleration",0
46.689356,"/drivetrain/leftOutputLog",0
46.689359,"/drivetrain/rightOutputLog",-0
46.689546,"/intake/pos",0
46.68955,"/intake/output",0
46.68972,"/shooter/rpm",1130
46.689724,"/shooter/output",0.1
46.689764,"/shooter/hasBall",true
46.689852,"/shooter/temperature",42
46.689995,"/climber/rightPos",0
46.70941,"/drivetrain/leftPos",0
46.709425,"/drivetrain/leftVelocity",0
46.709438,"/drivetrain/rightPos",0
46.709448,"/drivetrain/rightVelocity",0
46.709453,"/drivetrain/heading",-2.299999952316284
46.709456,"/drivetrain/headingVelocity",-0.30517578125
46.709459,"/drivetrain/xAcceleration",0
46.709462,"/drivetrain/yAcceleration",0
46.709466,"/drivetrain/leftOutputLog",0
46.709469,"/drivetrain/rightOutputLog",-0
46.709668,"/intake/pos",0
46.709671,"/intake/output",0
46.709879,"/shooter/rpm",1120
46.709883,"/shooter/output",0.1
46.709924,"/shooter/hasBall",true
46.709964,"/shooter/temperature",42
46.710152,"/climber/rightPos",0
46.72962,"/drivetrain/leftPos",0
46.729644,"/drivetrain/leftVelocity",0
46.72966,"/drivetrain/rightPos",0
46.72967,"/drivetrain/rightVelocity",0
46.729675,"/drivetrain/heading",-2.2899999618530273
46.729679,"/drivetrain/headingVelocity",-0.3662109076976776
46.729682,"/drivetrain/xAcceleration",0.008999999612569809
46.729685,"/drivetrain/yAcceleration",0.004999999888241291
46.729689,"/drivetrain/leftOutputLog",0
46.729692,"/drivetrain/rightOutputLog",-0
46.729993,"/intake/pos",0
46.729997,"/intake/output",0
46.730647,"/shooter/rpm",1107
46.730651,"/shooter/output",0.1
46.73069,"/shooter/hasBall",true
46.730927,"/shooter/temperature",42
46.731172,"/climber/rightPos",0
46.749634,"/drivetrain/leftPos",0
46.749648,"/drivetrain/leftVelocity",0
46.749661,"/drivetrain/rightPos",0
46.749671,"/drivetrain/rightVelocity",0
46.749675,"/drivetrain/heading",-2.2899999618530273
46.749679,"/drivetrain/headingVelocity",-0.0610351525247097
46.749682,"/drivetrain/xAcceleration",-0.003000000026077032
46.749685,"/drivetrain/yAcceleration",0
46.749688,"/drivetrain/leftOutputLog",0
46.749692,"/drivetrain/rightOutputLog",-0
46.750096,"/intake/pos",0
46.7501,"/intake/output",0
46.75062,"/shooter/rpm",1091
46.750625,"/shooter/output",0.1
46.750669,"/shooter/hasBall",true
46.750708,"/shooter/temperature",42
46.751173,"/climber/rightPos",0
46.76936,"/drivetrain/leftPos",0
46.769375,"/drivetrain/leftVelocity",0
46.76939,"/drivetrain/rightPos",0
46.769763,"/drivetrain/rightVelocity",0
46.769768,"/drivetrain/heading",-2.2899999618530273
46.769772,"/drivetrain/headingVelocity",0
46.769775,"/drivetrain/xAcceleration",0
46.769779,"/drivetrain/yAcceleration",-0.00800000037997961
46.770176,"/drivetrain/leftOutputLog",0
46.77018,"/drivetrain/rightOutputLog",-0
46.770379,"/intake/pos",0
46.770383,"/intake/output",0
46.770723,"/shooter/rpm",1082
46.770727,"/shooter/output",0.1
46.770772,"/shooter/hasBall",true
46.770809,"/shooter/temperature",42
46.770982,"/climber/rightPos",0
46.789361,"/drivetrain/leftPos",0
46.789374,"/drivetrain/leftVelocity",0
46.789389,"/drivetrain/rightPos",0
46.789399,"/drivetrain/rightVelocity",0
46.789404,"/drivetrain/heading",-2.2899999618530273
46.789408,"/drivetrain/headingVelocity",0.0610351525247097
46.789411,"/drivetrain/xAcceleration",-0.008999999612569809
46.789414,"/drivetrain/yAcceleration",-0.008999999612569809
46.789418,"/drivetrain/leftOutputLog",0
46.789421,"/drivetrain/rightOutputLog",-0
46.789708,"/intake/pos",0
46.790238,"/intake/output",0
46.790455,"/shooter/rpm",1071
46.790459,"/shooter/output",0.1
46.7905,"/shooter/hasBall",true
46.790536,"/shooter/temperature",42
46.790746,"/climber/rightPos",0
46.809924,"/drivetrain/leftPos",0
46.80994,"/drivetrain/leftVelocity",0
46.809955,"/drivetrain/rightPos",0
46.809964,"/drivetrain/rightVelocity",0
46.809969,"/drivetrain/heading",-2.2899999618530273
46.809973,"/drivetrain/headingVelocity",0.1220703050494194
46.809976,"/drivetrain/xAcceleration",0.012000000104308128
46.809979,"/drivetrain/yAcceleration",0.009999999776482582
46.809983,"/drivetrain/leftOutputLog",0
46.809986,"/drivetrain/rightOutputLog",-0
46.810326,"/intake/pos",0
46.81033,"/intake/output",0
46.810557,"/shooter/rpm",1057
46.810561,"/shooter/output",0.1
46.810606,"/shooter/hasBall",true
46.810642,"/shooter/temperature",42
46.810896,"/climber/rightPos",0
46.829311,"/drivetrain/leftPos",0
46.829325,"/drivetrain/leftVelocity",0
46.829339,"/drivetrain/rightPos",0
46.829349,"/drivetrain/rightVelocity",0
46.829353,"/drivetrain/heading",-2.2899999618530273
46.829357,"/drivetrain/headingVelocity",0
46.82936,"/drivetrain/xAcceleration",-0.004000000189989805
46.829363,"/drivetrain/yAcceleration",0
46.829367,"/drivetrain/leftOutputLog",0
46.82937,"/drivetrain/rightOutputLog",-0
46.829971,"/intake/pos",0
46.829974,"/intake/output",0
46.830769,"/shooter/rpm",1049
46.830773,"/shooter/output",0.1
46.830817,"/shooter/hasBall",true
46.830846,"/shooter/temperature",42
46.831008,"/climber/rightPos",0
46.849553,"/drivetrain/leftPos",0
46.849567,"/drivetrain/leftVelocity",0
46.84958,"/drivetrain/rightPos",0
46.84959,"/drivetrain/rightVelocity",0
46.849595,"/drivetrain/heading",-2.2899999618530273
46.849598,"/drivetrain/headingVelocity",-0.0610351525247097
46.849602,"/drivetrain/xAcceleration",0.008999999612569809
46.849605,"/drivetrain/yAcceleration",0
46.849609,"/drivetrain/leftOutputLog",0
46.849612,"/drivetrain/rightOutputLog",-0
46.850661,"/intake/pos",0
46.850665,"/intake/output",0
46.850958,"/shooter/rpm",1040
46.850962,"/shooter/output",0.1
46.851002,"/shooter/hasBall",true
46.851024,"/shooter/temperature",42
46.851219,"/climber/rightPos",0
46.870304,"/drivetrain/leftPos",0
46.870317,"/drivetrain/leftVelocity",0
46.87033,"/drivetrain/rightPos",0
46.870339,"/drivetrain/rightVelocity",0
46.870344,"/drivetrain/heading",-2.2899999618530273
46.870348,"/drivetrain/headingVelocity",0
46.870351,"/drivetrain/xAcceleration",-0.003000000026077032
46.870354,"/drivetrain/yAcceleration",-0.007000000216066837
46.870357,"/drivetrain/leftOutputLog",0
46.87036,"/drivetrain/rightOutputLog",-0
46.870562,"/intake/pos",0
46.870566,"/intake/output",0
46.870736,"/shooter/rpm",1040
46.87074,"/shooter/output",0.1
46.870763,"/shooter/hasBall",true
46.870786,"/shooter/temperature",42
46.870934,"/climber/rightPos",0
46.88931,"/drivetrain/leftPos",0
46.889323,"/drivetrain/leftVelocity",0
46.889336,"/drivetrain/rightPos",0
46.889345,"/drivetrain/rightVelocity",0
46.88935,"/drivetrain/heading",-2.2899999618530273
46.889354,"/drivetrain/headingVelocity",0
46.889357,"/drivetrain/xAcceleration",0
46.88936,"/drivetrain/yAcceleration",-0.004000000189989805
46.889363,"/drivetrain/leftOutputLog",0
46.889367,"/drivetrain/rightOutputLog",-0
46.889829,"/intake/pos",0
46.889833,"/intake/output",0
46.890202,"/shooter/rpm",1014
46.890206,"/shooter/output",0.1
46.890472,"/shooter/hasBall",true
46.890526,"/shooter/temperature",42
46.890885,"/climber/rightPos",0
46.909829,"/drivetrain/leftPos",0
46.909844,"/drivetrain/leftVelocity",0
46.909858,"/drivetrain/rightPos",0
46.909868,"/drivetrain/rightVelocity",0
46.909873,"/drivetrain/heading",-2.2899999618530273
46.909876,"/drivetrain/headingVelocity",0.0610351525247097
46.90988,"/drivetrain/xAcceleration",0.004000000189989805
46.909883,"/drivetrain/yAcceleration",-0.00800000037997961
46.910129,"/drivetrain/leftOutputLog",0
46.910134,"/drivetrain/rightOutputLog",-0
46.910616,"/intake/pos",0
46.91062,"/intake/output",0
46.91106,"/shooter/rpm",998
46.911064,"/shooter/output",0.1
46.911115,"/shooter/hasBall",true
46.91116,"/shooter/temperature",42
46.911991,"/climber/rightPos",0
46.929201,"/drivetrain/leftPos",0
46.929214,"/drivetrain/leftVelocity",0
46.929344,"/drivetrain/rightPos",0
46.929364,"/drivetrain/rightVelocity",0
46.929369,"/drivetrain/heading",-2.2899999618530273
46.929372,"/drivetrain/headingVelocity",0
46.929375,"/drivetrain/xAcceleration",0
46.929379,"/drivetrain/yAcceleration",0
46.929382,"/drivetrain/leftOutputLog",0
46.929385,"/drivetrain/rightOutputLog",-0
46.929934,"/intake/pos",0
46.929938,"/intake/output",0
46.930283,"/shooter/rpm",998
46.930287,"/shooter/output",0.1
46.930314,"/shooter/hasBall",true
46.930358,"/shooter/temperature",42
46.930647,"/climber/rightPos",0
46.949557,"/drivetrain/leftPos",0
46.94957,"/drivetrain/leftVelocity",0
46.949585,"/drivetrain/rightPos",0
46.949595,"/drivetrain/rightVelocity",0
46.9496,"/drivetrain/heading",-2.2899999618530273
46.949604,"/drivetrain/headingVelocity",0
46.949607,"/drivetrain/xAcceleration",0
46.949611,"/drivetrain/yAcceleration",0
46.949614,"/drivetrain/leftOutputLog",0
46.949617,"/drivetrain/rightOutputLog",-0
46.949925,"/intake/pos",0
46.949928,"/intake/output",0
46.950345,"/shooter/rpm",971
46.950349,"/shooter/output",0.1
46.950391,"/shooter/hasBall",true
46.950433,"/shooter/temperature",42
46.950617,"/climber/rightPos",0
46.969208,"/drivetrain/leftPos",0
46.969222,"/drivetrain/leftVelocity",0
46.969236,"/drivetrain/rightPos",0
46.969245,"/drivetrain/rightVelocity",0
46.96925,"/drivetrain/heading",-2.2899999618530273
46.969254,"/drivetrain/headingVelocity",0.0610351525247097
46.969257,"/drivetrain/xAcceleration",0
46.96926,"/drivetrain/yAcceleration",-0.004999999888241291
46.969264,"/drivetrain/leftOutputLog",0
46.969267,"/drivetrain/rightOutputLog",-0
46.969487,"/intake/pos",0
46.96949,"/intake/output",0
46.969712,"/shooter/rpm",971
46.969718,"/shooter/output",0.1
46.969741,"/shooter/hasBall",true
46.969784,"/shooter/temperature",42
46.969986,"/climber/rightPos",0
46.989232,"/drivetrain/leftPos",0
46.989245,"/drivetrain/leftVelocity",0
46.989258,"/drivetrain/rightPos",0
46.989268,"/drivetrain/rightVelocity",0
46.989273,"/drivetrain/heading",-2.299999952316284
46.989276,"/drivetrain/headingVelocity",0.0610351525247097
46.989279,"/drivetrain/xAcceleration",0
46.989283,"/drivetrain/yAcceleration",0
46.989286,"/drivetrain/leftOutputLog",0
46.989289,"/drivetrain/rightOutputLog",-0
46.98947,"/intake/pos",0
46.989474,"/intake/output",0
46.989642,"/shooter/rpm",949
46.989646,"/shooter/output",0.1
46.989683,"/shooter/hasBall",true
46.989715,"/shooter/temperature",42
46.989919,"/climber/rightPos",0
47.009397,"/drivetrain/leftPos",0
47.009411,"/drivetrain/leftVelocity",0
47.009423,"/drivetrain/rightPos",0
47.009433,"/drivetrain/rightVelocity",0
47.009437,"/drivetrain/heading",-2.299999952316284
47.009441,"/drivetrain/headingVelocity",0
47.009444,"/drivetrain/xAcceleration",0.004000000189989805
47.009447,"/drivetrain/yAcceleration",0.004999999888241291
47.00945,"/drivetrain/leftOutputLog",0
47.009454,"/drivetrain/rightOutputLog",-0
47.009678,"/intake/pos",0
47.009682,"/intake/output",0
47.009849,"/shooter/rpm",946
47.009853,"/shooter/output",0.1
47.009892,"/shooter/hasBall",true
47.009926,"/shooter/temperature",42
47.010079,"/climber/rightPos",0
47.029563,"/drivetrain/leftPos",0
47.029578,"/drivetrain/leftVelocity",0
47.029591,"/drivetrain/rightPos",0
47.029601,"/drivetrain/rightVelocity",0
47.029606,"/drivetrain/heading",-2.299999952316284
47.029609,"/drivetrain/headingVelocity",0
47.029612,"/drivetrain/xAcceleration",0
47.029615,"/drivetrain/yAcceleration",0
47.029619,"/drivetrain/leftOutputLog",0
47.029622,"/drivetrain/rightOutputLog",-0
47.030736,"/intake/pos",0
47.030741,"/intake/output",0
47.031171,"/shooter/rpm",936
47.031174,"/shooter/output",0.1
47.031219,"/shooter/hasBall",true
47.031256,"/shooter/temperature",42
47.031454,"/climber/rightPos",0
47.049206,"/drivetrain/leftPos",0
47.04922,"/drivetrain/leftVelocity",0
47.049233,"/drivetrain/rightPos",0
47.049242,"/drivetrain/rightVelocity",0
47.049246,"/drivetrain/heading",-2.299999952316284
47.04925,"/drivetrain/headingVelocity",0
47.049254,"/drivetrain/xAcceleration",0
47.049257,"/drivetrain/yAcceleration",-0.006000000052154064
47.04926,"/drivetrain/leftOutputLog",0
47.049263,"/drivetrain/rightOutputLog",-0
47.049624,"/intake/pos",0
47.049628,"/intake/output",0
47.050394,"/shooter/rpm",936
47.050399,"/shooter/output",0.1
47.050595,"/shooter/hasBall",true
47.050792,"/shooter/temperature",42
47.050991,"/climber/rightPos",0
47.06922,"/drivetrain/leftPos",0
47.069234,"/drivetrain/leftVelocity",0
47.069247,"/drivetrain/rightPos",0
47.069257,"/drivetrain/rightVelocity",0
47.069261,"/drivetrain/heading",-2.299999952316284
47.069265,"/drivetrain/headingVelocity",0
47.069268,"/drivetrain/xAcceleration",0
47.069271,"/drivetrain/yAcceleration",0.004000000189989805
47.069275,"/drivetrain/leftOutputLog",0
47.069278,"/drivetrain/rightOutputLog",-0
47.069518,"/intake/pos",0
47.069522,"/intake/output",0
47.06969,"/shooter/rpm",913
47.069693,"/shooter/output",0.1
47.069731,"/shooter/hasBall",true
47.069757,"/shooter/temperature",42
47.069946,"/climber/rightPos",0
47.089193,"/drivetrain/leftPos",0
47.089206,"/drivetrain/leftVelocity",0
47.089219,"/drivetrain/rightPos",0
47.089229,"/drivetrain/rightVelocity",0
47.089234,"/drivetrain/heading",-2.299999952316284
47.089237,"/drivetrain/headingVelocity",0
47.08924,"/drivetrain/xAcceleration",0.007000000216066837
47.089244,"/drivetrain/yAcceleration",0
47.089247,"/drivetrain/leftOutputLog",0
47.089251,"/drivetrain/rightOutputLog",-0
47.089417,"/intake/pos",0
47.089421,"/intake/output",0
47.089941,"/shooter/rpm",902
47.089945,"/shooter/output",0.1
47.089992,"/shooter/hasBall",true
47.090016,"/shooter/temperature",42
47.090441,"/climber/rightPos",0
47.109406,"/drivetrain/leftPos",0
47.109421,"/drivetrain/leftVelocity",0
47.109436,"/drivetrain/rightPos",0
47.109447,"/drivetrain/rightVelocity",0
47.109451,"/drivetrain/heading",-2.299999952316284
47.109455,"/drivetrain/headingVelocity",0
47.109458,"/drivetrain/xAcceleration",-0.003000000026077032
47.109461,"/drivetrain/yAcceleration",0
47.109464,"/drivetrain/leftOutputLog",0
47.109468,"/drivetrain/rightOutputLog",-0
47.109692,"/intake/pos",0
47.109696,"/intake/output",0
47.109896,"/shooter/rpm",885
47.1099,"/shooter/output",0.1
47.109949,"/shooter/hasBall",true
47.109976,"/shooter/temperature",42
47.110214,"/climber/rightPos",0
47.129257,"/drivetrain/leftPos",0
47.129271,"/drivetrain/leftVelocity",0
47.129284,"/drivetrain/rightPos",0
47.129294,"/drivetrain/rightVelocity",0
47.129298,"/drivetrain/heading",-2.299999952316284
47.129302,"/drivetrain/headingVelocity",0.0610351525247097
47.129305,"/drivetrain/xAcceleration",0.004999999888241291
47.129308,"/drivetrain/yAcceleration",0.009999999776482582
47.129311,"/drivetrain/leftOutputLog",0
47.129315,"/drivetrain/rightOutputLog",-0
47.129525,"/intake/pos",0
47.129528,"/intake/output",0
47.12972,"/shooter/rpm",885
47.129724,"/shooter/output",0.1
47.129746,"/shooter/hasBall",true
47.129787,"/shooter/temperature",42
47.129959,"/climber/rightPos",0
47.149413,"/drivetrain/leftPos",0
47.149429,"/drivetrain/leftVelocity",0
47.149442,"/drivetrain/rightPos",0
47.149452,"/drivetrain/rightVelocity",0
47.149457,"/drivetrain/heading",-2.299999952316284
47.149461,"/drivetrain/headingVelocity",0.0610351525247097
47.149464,"/drivetrain/xAcceleration",-0.003000000026077032
47.149467,"/drivetrain/yAcceleration",0
47.149717,"/drivetrain/leftOutputLog",0
47.149721,"/drivetrain/rightOutputLog",-0
47.150429,"/intake/pos",0
47.150433,"/intake/output",0
47.150719,"/shooter/rpm",861
47.150723,"/shooter/output",0.1
47.150765,"/shooter/hasBall",true
47.150806,"/shooter/temperature",42
47.150969,"/climber/rightPos",0
47.170212,"/drivetrain/leftPos",0
47.170225,"/drivetrain/leftVelocity",0
47.17024,"/drivetrain/rightPos",0
47.17025,"/drivetrain/rightVelocity",0
47.170254,"/drivetrain/heading",-2.299999952316284
47.170258,"/drivetrain/headingVelocity",0
47.170261,"/drivetrain/xAcceleration",0
47.170264,"/drivetrain/yAcceleration",0
47.170268,"/drivetrain/leftOutputLog",0
47.170271,"/drivetrain/rightOutputLog",-0
47.170469,"/intake/pos",0
47.170473,"/intake/output",0
47.17065,"/shooter/rpm",847
47.170654,"/shooter/output",0.1
47.170694,"/shooter/hasBall",true
47.170732,"/shooter/temperature",42
47.171016,"/climber/rightPos",0
47.189324,"/drivetrain/leftPos",0
47.189337,"/drivetrain/leftVelocity",0
47.189349,"/drivetrain/rightPos",0
47.189359,"/drivetrain/rightVelocity",0
47.189364,"/drivetrain/heading",-2.299999952316284
47.189367,"/drivetrain/headingVelocity",0
47.18937,"/drivetrain/xAcceleration",0.012000000104308128
47.189374,"/drivetrain/yAcceleration",-0.003000000026077032
47.189377,"/drivetrain/leftOutputLog",0
47.18938,"/drivetrain/rightOutputLog",-0
47.189926,"/intake/pos",0
47.18993,"/intake/output",0
47.190221,"/shooter/rpm",835
47.190225,"/shooter/output",0.1
47.190392,"/shooter/hasBall",true
47.190578,"/shooter/temperature",42
47.190857,"/climber/rightPos",0
47.209232,"/drivetrain/leftPos",0
47.209246,"/drivetrain/leftVelocity",0
47.209259,"/drivetrain/rightPos",0
47.209269,"/drivetrain/rightVelocity",0
47.209274,"/drivetrain/heading",-2.299999952316284
47.209277,"/drivetrain/headingVelocity",0
47.209281,"/drivetrain/xAcceleration",0
47.209284,"/drivetrain/yAcceleration",-0.006000000052154064
47.209287,"/drivetrain/leftOutputLog",0
47.209291,"/drivetrain/rightOutputLog",-0
47.209642,"/intake/pos",0
47.209646,"/intake/output",0
47.210245,"/shooter/rpm",830
47.210249,"/shooter/output",0.1
47.210298,"/shooter/hasBall",true
47.21044,"/shooter/temperature",42
47.210807,"/climber/rightPos",0
47.229329,"/drivetrain/leftPos",0
47.229343,"/drivetrain/leftVelocity",0
47.229356,"/drivetrain/rightPos",0
47.229365,"/drivetrain/rightVelocity",0
47.22937,"/drivetrain/heading",-2.299999952316284
47.229373,"/drivetrain/headingVelocity",-0.0610351525247097
47.229376,"/drivetrain/xAcceleration",0.008999999612569809
47.22938,"/drivetrain/yAcceleration",-0.006000000052154064
47.229383,"/drivetrain/leftOutputLog",0
47.229386,"/drivetrain/rightOutputLog",-0
47.229622,"/intake/pos",0
47.229626,"/intake/output",0
47.230181,"/shooter/rpm",820
47.230185,"/shooter/output",0.1
47.230508,"/shooter/hasBall",true
47.230555,"/shooter/temperature",42
47.231269,"/climber/rightPos",0
47.249639,"/drivetrain/leftPos",0
47.24983,"/drivetrain/leftVelocity",0
47.24985,"/drivetrain/rightPos",0
47.250028,"/drivetrain/rightVelocity",0
47.250033,"/drivetrain/heading",-2.299999952316284
47.250037,"/drivetrain/headingVelocity",0
47.250041,"/drivetrain/xAcceleration",0
47.250044,"/drivetrain/yAcceleration",0.009999999776482582
47.250048,"/drivetrain/leftOutputLog",0
47.250051,"/drivetrain/rightOutputLog",-0
47.250252,"/intake/pos",0
47.250255,"/intake/output",0
47.250448,"/shooter/rpm",819
47.250452,"/shooter/output",0.1
47.250496,"/shooter/hasBall",true
47.250532,"/shooter/temperature",42
47.250693,"/climber/rightPos",0
47.270322,"/drivetrain/leftPos",0
47.270335,"/drivetrain/leftVelocity",0
47.270348,"/drivetrain/rightPos",0
47.270358,"/drivetrain/rightVelocity",0
47.270363,"/drivetrain/heading",-2.2899999618530273
47.270366,"/drivetrain/headingVelocity",-0.0610351525247097
47.270369,"/drivetrain/xAcceleration",0.003000000026077032
47.270372,"/drivetrain/yAcceleration",-0.020999999716877937
47.270376,"/drivetrain/leftOutputLog",0
47.270379,"/drivetrain/rightOutputLog",-0
47.270578,"/intake/pos",0
47.270582,"/intake/output",0
47.270754,"/shooter/rpm",811
47.270758,"/shooter/output",0.1
47.270798,"/shooter/hasBall",true
47.270832,"/shooter/temperature",42
47.271015,"/climber/rightPos",0
47.290377,"/drivetrain/leftPos",0
47.290392,"/drivetrain/leftVelocity",0
47.290412,"/drivetrain/rightPos",0
47.290422,"/drivetrain/rightVelocity",0
47.290427,"/drivetrain/heading",-2.299999952316284
47.29043,"/drivetrain/headingVelocity",0
47.290433,"/drivetrain/xAcceleration",-0.023000000044703484
47.290436,"/drivetrain/yAcceleration",0.012000000104308128
47.29044,"/drivetrain/leftOutputLog",0
47.290443,"/drivetrain/rightOutputLog",-0
47.2907,"/intake/pos",0
47.290704,"/intake/output",0
47.29098,"/shooter/rpm",798
47.290984,"/shooter/output",0.1
47.29102,"/shooter/hasBall",true
47.291054,"/shooter/temperature",42
47.291211,"/climber/rightPos",0
47.309227,"/drivetrain/leftPos",0
47.30924,"/drivetrain/leftVelocity",0
47.309254,"/drivetrain/rightPos",0
47.309263,"/drivetrain/rightVelocity",0
47.309268,"/drivetrain/heading",-2.299999952316284
47.309271,"/drivetrain/headingVelocity",0
47.309275,"/drivetrain/xAcceleration",-0.004000000189989805
47.309278,"/drivetrain/yAcceleration",-0.006000000052154064
47.309281,"/drivetrain/leftOutputLog",0
47.309284,"/drivetrain/rightOutputLog",-0
47.30945,"/intake/pos",0
47.309454,"/intake/output",0
47.309602,"/shooter/rpm",798
47.309605,"/shooter/output",0.1
47.309628,"/shooter/hasBall",true
47.309648,"/shooter/temperature",42
47.309809,"/climber/rightPos",0
47.330213,"/drivetrain/leftPos",0
47.330227,"/drivetrain/leftVelocity",0
47.33024,"/drivetrain/rightPos",0
47.330276,"/drivetrain/rightVelocity",0
47.330281,"/drivetrain/heading",-2.2899999618530273
47.330284,"/drivetrain/headingVelocity",0
47.330287,"/drivetrain/xAcceleration",0
47.330291,"/drivetrain/yAcceleration",0.017000000923871994
47.330294,"/drivetrain/leftOutputLog",0
47.330297,"/drivetrain/rightOutputLog",-0
47.330512,"/intake/pos",0
47.330516,"/intake/output",0
47.330721,"/shooter/rpm",771
47.330725,"/shooter/output",0.1
47.330765,"/shooter/hasBall",true
47.330791,"/shooter/temperature",42
47.330989,"/climber/rightPos",0
47.349239,"/drivetrain/leftPos",0
47.349252,"/drivetrain/leftVelocity",0
47.349266,"/drivetrain/rightPos",0
47.349276,"/drivetrain/rightVelocity",0
47.349281,"/drivetrain/heading",-2.2899999618530273
47.349284,"/drivetrain/headingVelocity",-0.0610351525247097
47.349288,"/drivetrain/xAcceleration",0.006000000052154064
47.349291,"/drivetrain/yAcceleration",0
47.349294,"/drivetrain/leftOutputLog",0
47.349297,"/drivetrain/rightOutputLog",-0
47.349458,"/intake/pos",0
47.349462,"/intake/output",0
47.349656,"/shooter/rpm",771
47.34966,"/shooter/output",0.1
47.349681,"/shooter/hasBall",true
47.349843,"/shooter/temperature",42
47.350261,"/climber/rightPos",0
47.369238,"/drivetrain/leftPos",0
47.369251,"/drivetrain/leftVelocity",0
47.369265,"/drivetrain/rightPos",0
47.369276,"/drivetrain/rightVelocity",0
47.369281,"/drivetrain/heading",-2.2899999618530273
47.369285,"/drivetrain/headingVelocity",0
47.369288,"/drivetrain/xAcceleration",0
47.369291,"/drivetrain/yAcceleration",-0.029999999329447746
47.369294,"/drivetrain/leftOutputLog",0
47.369298,"/drivetrain/rightOutputLog",-0
47.369719,"/intake/pos",0
47.369723,"/intake/output",0
47.370146,"/shooter/rpm",737
47.370151,"/shooter/output",0.1
47.370199,"/shooter/hasBall",true
47.370221,"/shooter/temperature",42
47.370517,"/climber/rightPos",0
47.38923,"/drivetrain/leftPos",0
47.389243,"/drivetrain/leftVelocity",0
47.389256,"/drivetrain/rightPos",0
47.389266,"/drivetrain/rightVelocity",0
47.38927,"/drivetrain/heading",-2.2899999618530273
47.389274,"/drivetrain/headingVelocity",0
47.389277,"/drivetrain/xAcceleration",0
47.38928,"/drivetrain/yAcceleration",0
47.389283,"/drivetrain/leftOutputLog",0
47.389287,"/drivetrain/rightOutputLog",-0
47.389456,"/intake/pos",0
47.389503,"/intake/output",0
47.389774,"/shooter/rpm",737
47.389779,"/shooter/output",0.1
47.389802,"/shooter/hasBall",true
47.390092,"/shooter/temperature",42
47.390821,"/climber/rightPos",0
47.409229,"/drivetrain/leftPos",0
47.409242,"/drivetrain/leftVelocity",0
47.409256,"/drivetrain/rightPos",0
47.409265,"/drivetrain/rightVelocity",0
47.40927,"/drivetrain/heading",-2.299999952316284
47.409273,"/drivetrain/headingVelocity",0
47.409276,"/drivetrain/xAcceleration",0.004000000189989805
47.40928,"/drivetrain/yAcceleration",0.006000000052154064
47.409283,"/drivetrain/leftOutputLog",0
47.409286,"/drivetrain/rightOutputLog",-0
47.40945,"/intake/pos",0
47.409454,"/intake/output",0
47.409657,"/shooter/rpm",719
47.409661,"/shooter/output",0.1
47.409744,"/shooter/hasBall",true
47.409787,"/shooter/temperature",42
47.409963,"/climber/rightPos",0
47.429246,"/drivetrain/leftPos",0
47.429259,"/drivetrain/leftVelocity",0
47.429272,"/drivetrain/rightPos",0
47.429282,"/drivetrain/rightVelocity",0
47.429287,"/drivetrain/heading",-2.2899999618530273
47.42929,"/drivetrain/headingVelocity",0
47.429294,"/drivetrain/xAcceleration",0.012000000104308128
47.429297,"/drivetrain/yAcceleration",-0.013000000268220901
47.4293,"/drivetrain/leftOutputLog",0
47.429303,"/drivetrain/rightOutputLog",-0
47.429466,"/intake/pos",0
47.42947,"/intake/output",0
47.429723,"/shooter/rpm",707
47.429727,"/shooter/output",0.1
47.429775,"/shooter/hasBall",true
47.429876,"/shooter/temperature",42
47.430188,"/climber/rightPos",0
47.449228,"/drivetrain/leftPos",0
47.449243,"/drivetrain/leftVelocity",0
47.449255,"/drivetrain/rightPos",0
47.449265,"/drivetrain/rightVelocity",0
47.449269,"/drivetrain/heading",-2.2899999618530273
47.449273,"/drivetrain/headingVelocity",-0.0610351525247097
47.449276,"/drivetrain/xAcceleration",0.01600000075995922
47.449279,"/drivetrain/yAcceleration",-0.004999999888241291
47.449282,"/drivetrain/leftOutputLog",0
47.449286,"/drivetrain/rightOutputLog",-0
47.449485,"/intake/pos",0
47.449489,"/intake/output",0
47.449689,"/shooter/rpm",697
47.449693,"/shooter/output",0.1
47.449731,"/shooter/hasBall",true
47.449769,"/shooter/temperature",42
47.449918,"/climber/rightPos",0
47.469394,"/drivetrain/leftPos",0
47.469568,"/drivetrain/leftVelocity",0
47.469669,"/drivetrain/rightPos",0
47.469759,"/drivetrain/rightVelocity",0
47.469767,"/drivetrain/heading",-2.2899999618530273
47.46977,"/drivetrain/headingVelocity",-0.0610351525247097
47.469773,"/drivetrain/xAcceleration",0
47.469777,"/drivetrain/yAcceleration",0.00800000037997961
47.469781,"/drivetrain/leftOutputLog",0
47.469784,"/drivetrain/rightOutputLog",-0
47.470232,"/intake/pos",0
47.470405,"/intake/output",0
47.470638,"/shooter/rpm",689
47.470642,"/shooter/output",0.1
47.47068,"/shooter/hasBall",true
47.470721,"/shooter/temperature",42
47.470866,"/climber/rightPos",0
47.489452,"/drivetrain/leftPos",0
47.489467,"/drivetrain/leftVelocity",0
47.489482,"/drivetrain/rightPos",0
47.489491,"/drivetrain/rightVelocity",0
47.489496,"/drivetrain/heading",-2.2899999618530273
47.4895,"/drivetrain/headingVelocity",0
47.489503,"/drivetrain/xAcceleration",-0.019999999552965164
47.489506,"/drivetrain/yAcceleration",-0.004999999888241291
47.489509,"/drivetrain/leftOutputLog",0
47.489513,"/drivetrain/rightOutputLog",-0
47.489864,"/intake/pos",0
47.489868,"/intake/output",0
47.492425,"/shooter/rpm",678
47.492429,"/shooter/output",0.1
47.492484,"/shooter/hasBall",true
47.492528,"/shooter/temperature",42
47.492761,"/climber/rightPos",0
47.510404,"/drivetrain/leftPos",0
47.510417,"/drivetrain/leftVelocity",0
47.510429,"/drivetrain/rightPos",0
47.510439,"/drivetrain/rightVelocity",0
47.510444,"/drivetrain/heading",-2.2899999618530273
47.510447,"/drivetrain/headingVelocity",0
47.51045,"/drivetrain/xAcceleration",-0.004000000189989805
47.510454,"/drivetrain/yAcceleration",0.00800000037997961
47.510457,"/drivetrain/leftOutputLog",0
47.51046,"/drivetrain/rightOutputLog",-0
47.510657,"/intake/pos",0
47.510661,"/intake/output",0
47.510861,"/shooter/rpm",678
47.510865,"/shooter/output",0.1
47.510944,"/shooter/hasBall",true
47.510965,"/shooter/temperature",42
47.511125,"/climber/rightPos",0
47.530162,"/drivetrain/leftPos",0
47.530175,"/drivetrain/leftVelocity",0
47.530187,"/drivetrain/rightPos",0
47.530197,"/drivetrain/rightVelocity",0
47.530202,"/drivetrain/heading",-2.2899999618530273
47.530205,"/drivetrain/headingVelocity",0
47.530208,"/drivetrain/xAcceleration",-0.010999999940395355
47.530212,"/drivetrain/yAcceleration",-0.004000000189989805
47.530215,"/drivetrain/leftOutputLog",0
47.530218,"/drivetrain/rightOutputLog",-0
47.530463,"/intake/pos",0
47.530467,"/intake/output",0
47.530639,"/shooter/rpm",665
47.530643,"/shooter/output",0.1
47.530684,"/shooter/hasBall",true
47.530717,"/shooter/temperature",42
47.530889,"/climber/rightPos",0
47.549179,"/drivetrain/leftPos",0
47.549194,"/drivetrain/leftVelocity",0
47.549207,"/drivetrain/rightPos",0
47.549217,"/drivetrain/rightVelocity",0
47.549221,"/drivetrain/heading",-2.2899999618530273
47.549225,"/drivetrain/headingVelocity",0
47.549228,"/drivetrain/xAcceleration",0.006000000052154064
47.549231,"/drivetrain/yAcceleration",-0.039000000804662704
47.549235,"/drivetrain/leftOutputLog",0
47.549238,"/drivetrain/rightOutputLog",-0
47.549569,"/intake/pos",0
47.549572,"/intake/output",0
47.549734,"/shooter/rpm",665
47.549738,"/shooter/output",0.1
47.549759,"/shooter/hasBall",true
47.549781,"/shooter/temperature",42
47.549942,"/climber/rightPos",0
47.569708,"/drivetrain/leftPos",0
47.569733,"/drivetrain/leftVelocity",0
47.569748,"/drivetrain/rightPos",0
47.569865,"/drivetrain/rightVelocity",0
47.569871,"/drivetrain/heading",-2.2899999618530273
47.569874,"/drivetrain/headingVelocity",0
47.569878,"/drivetrain/xAcceleration",0
47.569881,"/drivetrain/yAcceleration",0
47.569884,"/drivetrain/leftOutputLog",0
47.569888,"/drivetrain/rightOutputLog",-0
47.570436,"/intake/pos",0
47.57044,"/intake/output",0
47.570628,"/shooter/rpm",649
47.570632,"/shooter/output",0.1
47.570672,"/shooter/hasBall",true
47.570699,"/shooter/temperature",42
47.570844,"/climber/rightPos",0
47.590257,"/drivetrain/leftPos",0
47.590279,"/drivetrain/leftVelocity",0
47.590294,"/drivetrain/rightPos",0
47.590305,"/drivetrain/rightVelocity",0
47.59031,"/drivetrain/heading",-2.2899999618530273
47.590313,"/drivetrain/headingVelocity",0
47.590316,"/drivetrain/xAcceleration",0.009999999776482582
47.59032,"/drivetrain/yAcceleration",0.012000000104308128
47.590323,"/drivetrain/leftOutputLog",0
47.590327,"/drivetrain/rightOutputLog",-0
47.590518,"/intake/pos",0
47.590522,"/intake/output",0
47.590685,"/shooter/rpm",642
47.590689,"/shooter/output",0.1
47.590728,"/shooter/hasBall",true
47.59075,"/shooter/temperature",42
47.590932,"/climber/rightPos",0
47.61027,"/drivetrain/leftPos",0
47.610284,"/drivetrain/leftVelocity",0
47.610298,"/drivetrain/rightPos",0
47.610308,"/drivetrain/rightVelocity",0
47.610313,"/drivetrain/heading",-2.2899999618530273
47.610316,"/drivetrain/headingVelocity",0
47.61032,"/drivetrain/xAcceleration",0.006000000052154064
47.610323,"/drivetrain/yAcceleration",0
47.610326,"/drivetrain/leftOutputLog",0
47.610329,"/drivetrain/rightOutputLog",-0
47.610542,"/intake/pos",0
47.610546,"/intake/output",0
47.610821,"/shooter/rpm",632
47.610824,"/shooter/output",0.1
47.610866,"/shooter/hasBall",true
47.610888,"/shooter/temperature",42
47.611057,"/climber/rightPos",0
47.629222,"/drivetrain/leftPos",0
47.629235,"/drivetrain/leftVelocity",0
47.629248,"/drivetrain/rightPos",0
47.629258,"/drivetrain/rightVelocity",0
47.629262,"/drivetrain/heading",-2.2899999618530273
47.629266,"/drivetrain/headingVelocity",0
47.629269,"/drivetrain/xAcceleration",0
47.629272,"/drivetrain/yAcceleration",0.006000000052154064
47.629275,"/drivetrain/leftOutputLog",0
47.629278,"/drivetrain/rightOutputLog",-0
47.629461,"/intake/pos",0
47.629466,"/intake/output",0
47.629628,"/shooter/rpm",632
47.629632,"/shooter/output",0.1
47.629654,"/shooter/hasBall",true
47.629697,"/shooter/temperature",42
47.630439,"/climber/rightPos",0
47.649247,"/drivetrain/leftPos",0
47.64926,"/drivetrain/leftVelocity",0
47.649273,"/drivetrain/rightPos",0
47.649283,"/drivetrain/rightVelocity",0
47.649287,"/drivetrain/heading",-2.2899999618530273
47.649291,"/drivetrain/headingVelocity",0
47.649294,"/drivetrain/xAcceleration",0.003000000026077032
47.649297,"/drivetrain/yAcceleration",-0.014000000432133675
47.649301,"/drivetrain/leftOutputLog",0
47.649304,"/drivetrain/rightOutputLog",-0
47.649589,"/intake/pos",0
47.649593,"/intake/output",0
47.649845,"/shooter/rpm",605
47.649849,"/shooter/output",0.1
47.65049,"/shooter/hasBall",true
47.650559,"/shooter/temperature",42
47.650868,"/climber/rightPos",0
47.67104,"/drivetrain/leftPos",0
47.671053,"/drivetrain/leftVelocity",0
47.671066,"/drivetrain/rightPos",0
47.671077,"/drivetrain/rightVelocity",0
47.671081,"/drivetrain/heading",-2.2899999618530273
47.671085,"/drivetrain/headingVelocity",0
47.671088,"/drivetrain/xAcceleration",-0.003000000026077032
47.671091,"/drivetrain/yAcceleration",-0.01899999938905239
47.671094,"/drivetrain/leftOutputLog",0
47.671097,"/drivetrain/rightOutputLog",-0
47.671479,"/intake/pos",0
47.671483,"/intake/output",0
47.671713,"/shooter/rpm",584
47.671717,"/shooter/output",0.1
47.671767,"/shooter/hasBall",true
47.671817,"/shooter/temperature",42
47.671983,"/climber/rightPos",0
47.689223,"/drivetrain/leftPos",0
47.689236,"/drivetrain/leftVelocity",0
47.689249,"/drivetrain/rightPos",0
47.689259,"/drivetrain/rightVelocity",0
47.689263,"/drivetrain/heading",-2.2899999618530273
47.689266,"/drivetrain/headingVelocity",0
47.68927,"/drivetrain/xAcceleration",0
47.689273,"/drivetrain/yAcceleration",0
47.689276,"/drivetrain/leftOutputLog",0
47.68928,"/drivetrain/rightOutputLog",-0
47.689459,"/intake/pos",0
47.689463,"/intake/output",0
47.689621,"/shooter/rpm",584
47.689625,"/shooter/output",0.1
47.689645,"/shooter/hasBall",true
47.689686,"/shooter/temperature",42
47.689857,"/climber/rightPos",0
47.709335,"/drivetrain/leftPos",0
47.709348,"/drivetrain/leftVelocity",0
47.709361,"/drivetrain/rightPos",0
47.709371,"/drivetrain/rightVelocity",0
47.709375,"/drivetrain/heading",-2.2899999618530273
47.709379,"/drivetrain/headingVelocity",0
47.709382,"/drivetrain/xAcceleration",0
47.709385,"/drivetrain/yAcceleration",0
47.709389,"/drivetrain/leftOutputLog",0
47.709392,"/drivetrain/rightOutputLog",-0
47.709823,"/intake/pos",0
47.709827,"/intake/output",0
47.710104,"/shooter/rpm",562
47.710108,"/shooter/output",0.1
47.710155,"/shooter/hasBall",true
47.710197,"/shooter/temperature",42
47.710547,"/climber/rightPos",0
47.729762,"/drivetrain/leftPos",0
47.729776,"/drivetrain/leftVelocity",0
47.72979,"/drivetrain/rightPos",0
47.729799,"/drivetrain/rightVelocity",0
47.729804,"/drivetrain/heading",-2.2899999618530273
47.729807,"/drivetrain/headingVelocity",0
47.729811,"/drivetrain/xAcceleration",-0.004000000189989805
47.729814,"/drivetrain/yAcceleration",-0.004000000189989805
47.729817,"/drivetrain/leftOutputLog",0
47.729821,"/drivetrain/rightOutputLog",-0
47.730485,"/intake/pos",0
47.730489,"/intake/output",0
47.730695,"/shooter/rpm",547
47.730699,"/shooter/output",0.1
47.730737,"/shooter/hasBall",true
47.730771,"/shooter/temperature",42
47.731,"/climber/rightPos",0
47.749277,"/drivetrain/leftPos",0
47.749291,"/drivetrain/leftVelocity",0
47.749304,"/drivetrain/rightPos",0
47.749314,"/drivetrain/rightVelocity",0
47.749318,"/drivetrain/heading",-2.2899999618530273
47.749321,"/drivetrain/headingVelocity",0.0610351525247097
47.749325,"/drivetrain/xAcceleration",-0.007000000216066837
47.749328,"/drivetrain/yAcceleration",-0.012000000104308128
47.749331,"/drivetrain/leftOutputLog",0
47.749334,"/drivetrain/rightOutputLog",-0
47.749528,"/intake/pos",0
47.749531,"/intake/output",0
47.749723,"/shooter/rpm",547
47.749727,"/shooter/output",0.1
47.74975,"/shooter/hasBall",true
47.749773,"/shooter/temperature",42
47.7499,"/climber/rightPos",0
47.770058,"/drivetrain/leftPos",0
47.770073,"/drivetrain/leftVelocity",0
47.770085,"/drivetrain/rightPos",0
47.770095,"/drivetrain/rightVelocity",0
47.770099,"/drivetrain/heading",-2.2899999618530273
47.770103,"/drivetrain/headingVelocity",0.1220703050494194
47.770106,"/drivetrain/xAcceleration",-0.004000000189989805
47.770109,"/drivetrain/yAcceleration",0
47.770113,"/drivetrain/leftOutputLog",0
47.770116,"/drivetrain/rightOutputLog",-0
47.770999,"/intake/pos",0
47.771003,"/intake/output",0
47.771224,"/shooter/rpm",537
47.771228,"/shooter/output",0.1
47.77127,"/shooter/hasBall",true
47.771304,"/shooter/temperature",42
47.771831,"/climber/rightPos",0
47.790035,"/drivetrain/leftPos",0
47.790049,"/drivetrain/leftVelocity",0
47.790061,"/drivetrain/rightPos",0
47.790071,"/drivetrain/rightVelocity",0
47.790075,"/drivetrain/heading",-2.299999952316284
47.790079,"/drivetrain/headingVelocity",0.1220703050494194
47.790082,"/drivetrain/xAcceleration",0
47.790085,"/drivetrain/yAcceleration",0
47.790089,"/drivetrain/leftOutputLog",0
47.790092,"/drivetrain/rightOutputLog",-0
47.790282,"/intake/pos",0
47.790286,"/intake/output",0
47.790453,"/shooter/rpm",537
47.790457,"/shooter/output",0.1
47.790476,"/shooter/hasBall",true
47.790498,"/shooter/temperature",42
47.790708,"/climber/rightPos",0
47.810234,"/drivetrain/leftPos",0
47.810248,"/drivetrain/leftVelocity",0
47.810261,"/drivetrain/rightPos",0
47.81027,"/drivetrain/rightVelocity",0
47.810275,"/drivetrain/heading",-2.299999952316284
47.810279,"/drivetrain/headingVelocity",0.0610351525247097
47.810282,"/drivetrain/xAcceleration",-0.009999999776482582
47.810285,"/drivetrain/yAcceleration",0.004999999888241291
47.810289,"/drivetrain/leftOutputLog",0
47.810292,"/drivetrain/rightOutputLog",-0
47.810788,"/intake/pos",0
47.810792,"/intake/output",0
47.811024,"/shooter/rpm",512
47.811028,"/shooter/output",0.1
47.81107,"/shooter/hasBall",true
47.811099,"/shooter/temperature",42
47.811301,"/climber/rightPos",0
47.829185,"/drivetrain/leftPos",0
47.829199,"/drivetrain/leftVelocity",0
47.829212,"/drivetrain/rightPos",0
47.829222,"/drivetrain/rightVelocity",0
47.829226,"/drivetrain/heading",-2.299999952316284
47.82923,"/drivetrain/headingVelocity",0
47.829233,"/drivetrain/xAcceleration",0
47.829236,"/drivetrain/yAcceleration",0.007000000216066837
47.82924,"/drivetrain/leftOutputLog",0
47.829243,"/drivetrain/rightOutputLog",-0
47.829535,"/intake/pos",0
47.829539,"/intake/output",0
47.82978,"/shooter/rpm",512
47.829784,"/shooter/output",0.1
47.82997,"/shooter/hasBall",true
47.830242,"/shooter/temperature",42
47.830569,"/climber/rightPos",0
47.84992,"/drivetrain/leftPos",0
47.849934,"/drivetrain/leftVelocity",0
47.849947,"/drivetrain/rightPos",0
47.849957,"/drivetrain/rightVelocity",0
47.849962,"/drivetrain/heading",-2.299999952316284
47.849965,"/drivetrain/headingVelocity",0
47.849968,"/drivetrain/xAcceleration",-0.01600000075995922
47.849972,"/drivetrain/yAcceleration",0
47.849975,"/drivetrain/leftOutputLog",0
47.849979,"/drivetrain/rightOutputLog",-0
47.85028,"/intake/pos",0
47.850284,"/intake/output",0
47.850525,"/shooter/rpm",510
47.850529,"/shooter/output",0.1
47.850571,"/shooter/hasBall",true
47.850592,"/shooter/temperature",42
47.850793,"/climber/rightPos",0
47.871039,"/drivetrain/leftPos",0
47.871053,"/drivetrain/leftVelocity",0
47.871068,"/drivetrain/rightPos",0
47.871078,"/drivetrain/rightVelocity",0
47.871082,"/drivetrain/heading",-2.299999952316284
47.871086,"/drivetrain/headingVelocity",0
47.871089,"/drivetrain/xAcceleration",-0.003000000026077032
47.871092,"/drivetrain/yAcceleration",0.010999999940395355
47.871096,"/drivetrain/leftOutputLog",0
47.871099,"/drivetrain/rightOutputLog",-0
47.87131,"/intake/pos",0
47.871314,"/intake/output",0
47.871693,"/shooter/rpm",500
47.871697,"/shooter/output",0.1
47.871742,"/shooter/hasBall",true
47.871784,"/shooter/temperature",42
47.871982,"/climber/rightPos",0
47.890642,"/drivetrain/leftPos",0
47.890656,"/drivetrain/leftVelocity",0
47.890669,"/drivetrain/rightPos",0
47.890679,"/drivetrain/rightVelocity",0
47.890684,"/drivetrain/heading",-2.299999952316284
47.890687,"/drivetrain/headingVelocity",0
47.890691,"/drivetrain/xAcceleration",0.004999999888241291
47.890694,"/drivetrain/yAcceleration",-0.014999999664723873
47.890697,"/drivetrain/leftOutputLog",0
47.890845,"/drivetrain/rightOutputLog",-0
47.89118,"/intake/pos",0
47.891184,"/intake/output",0
47.891357,"/shooter/rpm",495
47.891361,"/shooter/output",0.1
47.891401,"/shooter/hasBall",true
47.89144,"/shooter/temperature",42
47.891714,"/climber/rightPos",0
47.90939,"/drivetrain/leftPos",0
47.909403,"/drivetrain/leftVelocity",0
47.909415,"/drivetrain/rightPos",0
47.909425,"/drivetrain/rightVelocity",0
47.90943,"/drivetrain/heading",-2.299999952316284
47.909433,"/drivetrain/headingVelocity",0
47.909437,"/drivetrain/xAcceleration",-0.010999999940395355
47.90944,"/drivetrain/yAcceleration",0.010999999940395355
47.909443,"/drivetrain/leftOutputLog",0
47.909446,"/drivetrain/rightOutputLog",-0
47.909632,"/intake/pos",0
47.909636,"/intake/output",0
47.909815,"/shooter/rpm",495
47.909819,"/shooter/output",0.1
47.909842,"/shooter/hasBall",true
47.909883,"/shooter/temperature",42
47.910062,"/climber/rightPos",0
47.929196,"/drivetrain/leftPos",0
47.929334,"/drivetrain/leftVelocity",0
47.929351,"/drivetrain/rightPos",0
47.929362,"/drivetrain/rightVelocity",0
47.929366,"/drivetrain/heading",-2.299999952316284
47.92937,"/drivetrain/headingVelocity",-0.0610351525247097
47.929373,"/drivetrain/xAcceleration",0
47.929376,"/drivetrain/yAcceleration",-0.020999999716877937
47.92938,"/drivetrain/leftOutputLog",0
47.929383,"/drivetrain/rightOutputLog",-0
47.930036,"/intake/pos",0
47.930047,"/intake/output",0
47.930417,"/shooter/rpm",475
47.930422,"/shooter/output",0.1
47.93047,"/shooter/hasBall",true
47.930512,"/shooter/temperature",42
47.93073,"/climber/rightPos",0
47.949285,"/drivetrain/leftPos",0
47.949298,"/drivetrain/leftVelocity",0
47.949312,"/drivetrain/rightPos",0
47.949322,"/drivetrain/rightVelocity",0
47.949327,"/drivetrain/heading",-2.299999952316284
47.94933,"/drivetrain/headingVelocity",0
47.949334,"/drivetrain/xAcceleration",-0.007000000216066837
47.949337,"/drivetrain/yAcceleration",0.006000000052154064
47.94934,"/drivetrain/leftOutputLog",0
47.949343,"/drivetrain/rightOutputLog",-0
47.94951,"/intake/pos",0
47.949514,"/intake/output",0
47.949832,"/shooter/rpm",475
47.949837,"/shooter/output",0.1
47.949861,"/shooter/hasBall",true
47.949909,"/shooter/temperature",42
47.950115,"/climber/rightPos",0
47.969911,"/drivetrain/leftPos",0
47.969925,"/drivetrain/leftVelocity",0
47.96994,"/drivetrain/rightPos",0
47.969949,"/drivetrain/rightVelocity",0
47.969954,"/drivetrain/heading",-2.299999952316284
47.969958,"/drivetrain/headingVelocity",0
47.969961,"/drivetrain/xAcceleration",-0.003000000026077032
47.969964,"/drivetrain/yAcceleration",-0.009999999776482582
47.969967,"/drivetrain/leftOutputLog",0
47.969971,"/drivetrain/rightOutputLog",-0
47.970134,"/intake/pos",0
47.970138,"/intake/output",0
47.970364,"/shooter/rpm",462
47.970368,"/shooter/output",0.1
47.970451,"/shooter/hasBall",true
47.970491,"/shooter/temperature",42
47.970672,"/climber/rightPos",0
47.990078,"/drivetrain/leftPos",0
47.990093,"/drivetrain/leftVelocity",0
47.990107,"/drivetrain/rightPos",0
47.990119,"/drivetrain/rightVelocity",0
47.990123,"/drivetrain/heading",-2.299999952316284
47.990127,"/drivetrain/headingVelocity",0
47.99013,"/drivetrain/xAcceleration",0
47.990133,"/drivetrain/yAcceleration",-0.007000000216066837
47.990137,"/drivetrain/leftOutputLog",0
47.99014,"/drivetrain/rightOutputLog",-0
47.990347,"/intake/pos",0
47.990352,"/intake/output",0
47.99053,"/shooter/rpm",451
47.990534,"/shooter/output",0.1
47.990573,"/shooter/hasBall",true
47.990607,"/shooter/temperature",42
47.99077,"/climber/rightPos",0
48.009602,"/drivetrain/leftPos",0
48.009617,"/drivetrain/leftVelocity",0
48.009631,"/drivetrain/rightPos",0
48.009641,"/drivetrain/rightVelocity",0
48.009645,"/drivetrain/heading",-2.299999952316284
48.009649,"/drivetrain/headingVelocity",0
48.009653,"/drivetrain/xAcceleration",-0.004999999888241291
48.009656,"/drivetrain/yAcceleration",-0.00800000037997961
48.009659,"/drivetrain/leftOutputLog",0
48.009662,"/drivetrain/rightOutputLog",-0
48.010006,"/intake/pos",0
48.010011,"/intake/output",0
48.010318,"/shooter/rpm",437
48.010322,"/shooter/output",0.1
48.010367,"/shooter/hasBall",true
48.010407,"/shooter/temperature",42
48.010815,"/climber/rightPos",0
48.029695,"/drivetrain/leftPos",0
48.029715,"/drivetrain/leftVelocity",0
48.02973,"/drivetrain/rightPos",0
48.029741,"/drivetrain/rightVelocity",0
48.029746,"/drivetrain/heading",-2.299999952316284
48.029749,"/drivetrain/headingVelocity",0
48.029752,"/drivetrain/xAcceleration",0
48.029755,"/drivetrain/yAcceleration",0
48.029759,"/drivetrain/leftOutputLog",0
48.029762,"/drivetrain/rightOutputLog",-0
48.030083,"/intake/pos",0
48.030087,"/intake/output",0
48.030292,"/shooter/rpm",426
48.030296,"/shooter/output",0.1
48.030336,"/shooter/hasBall",true
48.030366,"/shooter/temperature",42
48.030525,"/climber/rightPos",0
48.049861,"/drivetrain/leftPos",0
48.049877,"/drivetrain/leftVelocity",0
48.049892,"/drivetrain/rightPos",0
48.049901,"/drivetrain/rightVelocity",0
48.049906,"/drivetrain/heading",-2.299999952316284
48.04991,"/drivetrain/headingVelocity",0
48.049913,"/drivetrain/xAcceleration",0.007000000216066837
48.049917,"/drivetrain/yAcceleration",0.003000000026077032
48.049921,"/drivetrain/leftOutputLog",0
48.049924,"/drivetrain/rightOutputLog",-0
48.050129,"/intake/pos",0
48.050133,"/intake/output",0
48.050314,"/shooter/rpm",414
48.050318,"/shooter/output",0.1
48.050364,"/shooter/hasBall",true
48.050386,"/shooter/temperature",42
48.050709,"/climber/rightPos",0
48.070223,"/drivetrain/leftPos",0
48.070235,"/drivetrain/leftVelocity",0
48.070248,"/drivetrain/rightPos",0
48.070257,"/drivetrain/rightVelocity",0
48.070262,"/drivetrain/heading",-2.2899999618530273
48.070265,"/drivetrain/headingVelocity",0
48.070268,"/drivetrain/xAcceleration",0
48.070271,"/drivetrain/yAcceleration",0
48.070275,"/drivetrain/leftOutputLog",0
48.070278,"/drivetrain/rightOutputLog",-0
48.070482,"/intake/pos",0
48.070486,"/intake/output",0
48.070672,"/shooter/rpm",401
48.070676,"/shooter/output",0.1
48.070714,"/shooter/hasBall",true
48.070737,"/shooter/temperature",42
48.071021,"/climber/rightPos",0
48.089201,"/drivetrain/leftPos",0
48.089215,"/drivetrain/leftVelocity",0
48.089227,"/drivetrain/rightPos",0
48.089236,"/drivetrain/rightVelocity",0
48.089241,"/drivetrain/heading",-2.2899999618530273
48.089244,"/drivetrain/headingVelocity",0
48.089248,"/drivetrain/xAcceleration",0
48.089251,"/drivetrain/yAcceleration",-0.00800000037997961
48.089254,"/drivetrain/leftOutputLog",0
48.089258,"/drivetrain/rightOutputLog",-0
48.089422,"/intake/pos",0
48.089426,"/intake/output",0
48.089601,"/shooter/rpm",401
48.089605,"/shooter/output",0.1
48.089626,"/shooter/hasBall",true
48.089665,"/shooter/temperature",42
48.089843,"/climber/rightPos",0
48.109447,"/drivetrain/leftPos",0
48.10946,"/drivetrain/leftVelocity",0
48.109473,"/drivetrain/rightPos",0
48.109482,"/drivetrain/rightVelocity",0
48.109487,"/drivetrain/heading",-2.2899999618530273
48.10949,"/drivetrain/headingVelocity",0
48.109494,"/drivetrain/xAcceleration",0
48.109497,"/drivetrain/yAcceleration",-0.004999999888241291
48.1095,"/drivetrain/leftOutputLog",0
48.109503,"/drivetrain/rightOutputLog",-0
48.109685,"/intake/pos",0
48.109689,"/intake/output",0
48.109895,"/shooter/rpm",375
48.109899,"/shooter/output",0.1
48.109982,"/shooter/hasBall",true
48.110025,"/shooter/temperature",42
48.110204,"/climber/rightPos",0
48.12925,"/drivetrain/leftPos",0
48.129263,"/drivetrain/leftVelocity",0
48.129276,"/drivetrain/rightPos",0
48.129286,"/drivetrain/rightVelocity",0
48.12929,"/drivetrain/heading",-2.2899999618530273
48.129293,"/drivetrain/headingVelocity",0.0610351525247097
48.129297,"/drivetrain/xAcceleration",0
48.1293,"/drivetrain/yAcceleration",-0.004999999888241291
48.129303,"/drivetrain/leftOutputLog",0
48.129307,"/drivetrain/rightOutputLog",-0
48.12947,"/intake/pos",0
48.129474,"/intake/output",0
48.129666,"/shooter/rpm",375
48.12967,"/shooter/output",0.1
48.129691,"/shooter/hasBall",true
48.129778,"/shooter/temperature",42
48.129954,"/climber/rightPos",0
48.149497,"/drivetrain/leftPos",0
48.149511,"/drivetrain/leftVelocity",0
48.149525,"/drivetrain/rightPos",0
48.149535,"/drivetrain/rightVelocity",0
48.14954,"/drivetrain/heading",-2.299999952316284
48.149544,"/drivetrain/headingVelocity",0
48.149547,"/drivetrain/xAcceleration",-0.003000000026077032
48.149551,"/drivetrain/yAcceleration",0
48.149554,"/drivetrain/leftOutputLog",0
48.149557,"/drivetrain/rightOutputLog",-0
48.149888,"/intake/pos",0
48.149892,"/intake/output",0
48.150685,"/shooter/rpm",357
48.150689,"/shooter/output",0.1
48.150731,"/shooter/hasBall",true
48.150774,"/shooter/temperature",42
48.150927,"/climber/rightPos",0
48.169181,"/drivetrain/leftPos",0
48.169194,"/drivetrain/leftVelocity",0
48.169209,"/drivetrain/rightPos",0
48.169219,"/drivetrain/rightVelocity",0
48.169224,"/drivetrain/heading",-2.299999952316284
48.169227,"/drivetrain/headingVelocity",0
48.169231,"/drivetrain/xAcceleration",0
48.169234,"/drivetrain/yAcceleration",0
48.169237,"/drivetrain/leftOutputLog",0
48.16924,"/drivetrain/rightOutputLog",-0
48.169407,"/intake/pos",0
48.169411,"/intake/output",0
48.169725,"/shooter/rpm",357
48.169729,"/shooter/output",0.1
48.169756,"/shooter/hasBall",true
48.170765,"/shooter/temperature",42
48.170939,"/climber/rightPos",0
48.189229,"/drivetrain/leftPos",0
48.189242,"/drivetrain/leftVelocity",0
48.189254,"/drivetrain/rightPos",0
48.189265,"/drivetrain/rightVelocity",0
48.18927,"/drivetrain/heading",-2.299999952316284
48.189273,"/drivetrain/headingVelocity",0
48.189277,"/drivetrain/xAcceleration",0.007000000216066837
48.18928,"/drivetrain/yAcceleration",0.003000000026077032
48.189283,"/drivetrain/leftOutputLog",0
48.189287,"/drivetrain/rightOutputLog",-0
48.189452,"/intake/pos",0
48.189455,"/intake/output",0
48.189676,"/shooter/rpm",339
48.18968,"/shooter/output",0.1
48.189726,"/shooter/hasBall",true
48.190465,"/shooter/temperature",42
48.1908,"/climber/rightPos",0
48.209681,"/drivetrain/leftPos",0
48.209696,"/drivetrain/leftVelocity",0
48.209757,"/drivetrain/rightPos",0
48.209769,"/drivetrain/rightVelocity",0
48.209774,"/drivetrain/heading",-2.299999952316284
48.209777,"/drivetrain/headingVelocity",0
48.209781,"/drivetrain/xAcceleration",0.007000000216066837
48.209784,"/drivetrain/yAcceleration",0
48.209787,"/drivetrain/leftOutputLog",0
48.20979,"/drivetrain/rightOutputLog",-0
48.209997,"/intake/pos",0
48.210001,"/intake/output",0
48.212711,"/shooter/rpm",331
48.212716,"/shooter/output",0.1
48.213084,"/shooter/hasBall",true
48.213135,"/shooter/temperature",42
48.213328,"/climber/rightPos",0
48.229272,"/drivetrain/leftPos",0
48.229286,"/drivetrain/leftVelocity",0
48.229298,"/drivetrain/rightPos",0
48.229308,"/drivetrain/rightVelocity",0
48.229312,"/drivetrain/heading",-2.299999952316284
48.229316,"/drivetrain/headingVelocity",0
48.229319,"/drivetrain/xAcceleration",0
48.229322,"/drivetrain/yAcceleration",-0.007000000216066837
48.229326,"/drivetrain/leftOutputLog",0
48.229329,"/drivetrain/rightOutputLog",-0
48.229519,"/intake/pos",0
48.229523,"/intake/output",0
48.230037,"/shooter/rpm",331
48.230041,"/shooter/output",0.1
48.230071,"/shooter/hasBall",true
48.230095,"/shooter/temperature",42
48.230377,"/climber/rightPos",0
48.250102,"/drivetrain/leftPos",0
48.250116,"/drivetrain/leftVelocity",0
48.250129,"/drivetrain/rightPos",0
48.250138,"/drivetrain/rightVelocity",0
48.250143,"/drivetrain/heading",-2.2899999618530273
48.250146,"/drivetrain/headingVelocity",0
48.25015,"/drivetrain/xAcceleration",-0.004999999888241291
48.250153,"/drivetrain/yAcceleration",0.003000000026077032
48.250156,"/drivetrain/leftOutputLog",0
48.25016,"/drivetrain/rightOutputLog",-0
48.250435,"/intake/pos",0
48.250439,"/intake/output",0
48.250757,"/shooter/rpm",316
48.25076,"/shooter/output",0.1
48.250807,"/shooter/hasBall",true
48.250844,"/shooter/temperature",42
48.251027,"/climber/rightPos",0
48.270196,"/drivetrain/leftPos",0
48.270228,"/drivetrain/leftVelocity",0
48.270244,"/drivetrain/rightPos",0
48.270254,"/drivetrain/rightVelocity",0
48.270259,"/drivetrain/heading",-2.2899999618530273
48.270263,"/drivetrain/headingVelocity",0
48.270267,"/drivetrain/xAcceleration",0
48.27027,"/drivetrain/yAcceleration",-0.006000000052154064
48.270274,"/drivetrain/leftOutputLog",0
48.270277,"/drivetrain/rightOutputLog",-0
48.270475,"/intake/pos",0
48.270479,"/intake/output",0
48.270683,"/shooter/rpm",309
48.270687,"/shooter/output",0.1
48.27077,"/shooter/hasBall",true
48.270804,"/shooter/temperature",42
48.27098,"/climber/rightPos",0
48.289965,"/drivetrain/leftPos",0
48.289978,"/drivetrain/leftVelocity",0
48.289991,"/drivetrain/rightPos",0
48.290001,"/drivetrain/rightVelocity",0
48.290006,"/drivetrain/heading",-2.2899999618530273
48.29001,"/drivetrain/headingVelocity",0
48.290013,"/drivetrain/xAcceleration",0.004000000189989805
48.290016,"/drivetrain/yAcceleration",-0.007000000216066837
48.290019,"/drivetrain/leftOutputLog",0
48.290023,"/drivetrain/rightOutputLog",-0
48.290215,"/intake/pos",0
48.290219,"/intake/output",0
48.290394,"/shooter/rpm",304
48.290398,"/shooter/output",0.1
48.290436,"/shooter/hasBall",true
48.290456,"/shooter/temperature",42
48.29063,"/climber/rightPos",0
48.310199,"/drivetrain/leftPos",0
48.310212,"/drivetrain/leftVelocity",0
48.310224,"/drivetrain/rightPos",0
48.310234,"/drivetrain/rightVelocity",0
48.310238,"/drivetrain/heading",-2.2899999618530273
48.310242,"/drivetrain/headingVelocity",0
48.310245,"/drivetrain/xAcceleration",-0.004000000189989805
48.310249,"/drivetrain/yAcceleration",0
48.310252,"/drivetrain/leftOutputLog",0
48.310255,"/drivetrain/rightOutputLog",-0
48.310448,"/intake/pos",0
48.310452,"/intake/output",0
48.310626,"/shooter/rpm",300
48.31063,"/shooter/output",0.1
48.310717,"/shooter/hasBall",true
48.310743,"/shooter/temperature",42
48.310924,"/climber/rightPos",0
48.329789,"/drivetrain/leftPos",0
48.329804,"/drivetrain/leftVelocity",0
48.329819,"/drivetrain/rightPos",0
48.329828,"/drivetrain/rightVelocity",0
48.329833,"/drivetrain/heading",-2.2899999618530273
48.329836,"/drivetrain/headingVelocity",0
48.32984,"/drivetrain/xAcceleration",-0.006000000052154064
48.329843,"/drivetrain/yAcceleration",-0.009999999776482582
48.329846,"/drivetrain/leftOutputLog",0
48.329849,"/drivetrain/rightOutputLog",-0
48.330158,"/intake/pos",0
48.330162,"/intake/output",0
48.330804,"/shooter/rpm",288
48.330808,"/shooter/output",0.1
48.33085,"/shooter/hasBall",true
48.330896,"/shooter/temperature",42
48.331041,"/climber/rightPos",0
48.349985,"/drivetrain/leftPos",0
48.349999,"/drivetrain/leftVelocity",0
48.350012,"/drivetrain/rightPos",0
48.350022,"/drivetrain/rightVelocity",0
48.350026,"/drivetrain/heading",-2.2899999618530273
48.35003,"/drivetrain/headingVelocity",0
48.350033,"/drivetrain/xAcceleration",0
48.350036,"/drivetrain/yAcceleration",-0.003000000026077032
48.350039,"/drivetrain/leftOutputLog",0
48.350042,"/drivetrain/rightOutputLog",-0
48.350236,"/intake/pos",0
48.35024,"/intake/output",0
48.350419,"/shooter/rpm",285
48.350423,"/shooter/output",0.1
48.350465,"/shooter/hasBall",true
48.350503,"/shooter/temperature",42
48.350679,"/climber/rightPos",0
48.37037,"/drivetrain/leftPos",0
48.370383,"/drivetrain/leftVelocity",0
48.370396,"/drivetrain/rightPos",0
48.370406,"/drivetrain/rightVelocity",0
48.37041,"/drivetrain/heading",-2.2899999618530273
48.370414,"/drivetrain/headingVelocity",0
48.370417,"/drivetrain/xAcceleration",-0.009999999776482582
48.37042,"/drivetrain/yAcceleration",0.006000000052154064
48.370423,"/drivetrain/leftOutputLog",0
48.370427,"/drivetrain/rightOutputLog",-0
48.370608,"/intake/pos",0
48.370611,"/intake/output",0
48.370772,"/shooter/rpm",285
48.370776,"/shooter/output",0.1
48.370799,"/shooter/hasBall",true
48.370837,"/shooter/temperature",42
48.371139,"/climber/rightPos",0
48.3903,"/drivetrain/leftPos",0
48.390313,"/drivetrain/leftVelocity",0
48.390327,"/drivetrain/rightPos",0
48.390337,"/drivetrain/rightVelocity",0
48.390341,"/drivetrain/heading",-2.2899999618530273
48.390345,"/drivetrain/headingVelocity",0.0610351525247097
48.390348,"/drivetrain/xAcceleration",0
48.390351,"/drivetrain/yAcceleration",0
48.390355,"/drivetrain/leftOutputLog",0
48.390358,"/drivetrain/rightOutputLog",-0
48.390545,"/intake/pos",0
48.390549,"/intake/output",0
48.390763,"/shooter/rpm",276
48.390767,"/shooter/output",0.1
48.390805,"/shooter/hasBall",true
48.390843,"/shooter/temperature",42
48.391053,"/climber/rightPos",0
48.410457,"/drivetrain/leftPos",0
48.41047,"/drivetrain/leftVelocity",0
48.410481,"/drivetrain/rightPos",0
48.410491,"/drivetrain/rightVelocity",0
48.410496,"/drivetrain/heading",-2.299999952316284
48.410499,"/drivetrain/headingVelocity",0.0610351525247097
48.410503,"/drivetrain/xAcceleration",-0.014000000432133675
48.410506,"/drivetrain/yAcceleration",-0.004000000189989805
48.410509,"/drivetrain/leftOutputLog",0
48.410513,"/drivetrain/rightOutputLog",-0
48.410691,"/intake/pos",0
48.410695,"/intake/output",0
48.410853,"/shooter/rpm",272
48.410857,"/shooter/output",0.1
48.410895,"/shooter/hasBall",true
48.410934,"/shooter/temperature",42
48.411133,"/climber/rightPos",0
48.429432,"/drivetrain/leftPos",0
48.429456,"/drivetrain/leftVelocity",0
48.42947,"/drivetrain/rightPos",0
48.429481,"/drivetrain/rightVelocity",0
48.429485,"/drivetrain/heading",-2.299999952316284
48.429489,"/drivetrain/headingVelocity",0
48.429492,"/drivetrain/xAcceleration",0
48.429495,"/drivetrain/yAcceleration",0.00800000037997961
48.429499,"/drivetrain/leftOutputLog",0
48.429502,"/drivetrain/rightOutputLog",-0
48.429795,"/intake/pos",0
48.429799,"/intake/output",0
48.430143,"/shooter/rpm",274
48.430147,"/shooter/output",0.1
48.430183,"/shooter/hasBall",true
48.430215,"/shooter/temperature",42
48.430909,"/climber/rightPos",0
48.449188,"/drivetrain/leftPos",0
48.449324,"/drivetrain/leftVelocity",0
48.44934,"/drivetrain/rightPos",0
48.449351,"/drivetrain/rightVelocity",0
48.449356,"/drivetrain/heading",-2.299999952316284
48.44936,"/drivetrain/headingVelocity",0
48.449363,"/drivetrain/xAcceleration",0
48.449366,"/drivetrain/yAcceleration",-0.006000000052154064
48.44937,"/drivetrain/leftOutputLog",0
48.449373,"/drivetrain/rightOutputLog",-0
48.449755,"/intake/pos",0
48.449759,"/intake/output",0
48.450145,"/shooter/rpm",265
48.450149,"/shooter/output",0.1
48.450188,"/shooter/hasBall",true
48.450225,"/shooter/temperature",42
48.450461,"/climber/rightPos",0
48.469963,"/drivetrain/leftPos",0
48.469977,"/drivetrain/leftVelocity",0
48.46999,"/drivetrain/rightPos",0
48.47,"/drivetrain/rightVelocity",0
48.470004,"/drivetrain/heading",-2.299999952316284
48.470008,"/drivetrain/headingVelocity",-0.0610351525247097
48.470011,"/drivetrain/xAcceleration",-0.01600000075995922
48.470015,"/drivetrain/yAcceleration",0.004000000189989805
48.470018,"/drivetrain/leftOutputLog",0
48.470021,"/drivetrain/rightOutputLog",-0
48.470589,"/intake/pos",0
48.470593,"/intake/output",0
48.470806,"/shooter/rpm",258
48.470809,"/shooter/output",0.1
48.470903,"/shooter/hasBall",true
48.47094,"/shooter/temperature",42
48.471112,"/climber/rightPos",0
48.490389,"/drivetrain/leftPos",0
48.490406,"/drivetrain/leftVelocity",0
48.490422,"/drivetrain/rightPos",0
48.490432,"/drivetrain/rightVelocity",0
48.490437,"/drivetrain/heading",-2.299999952316284
48.49044,"/drivetrain/headingVelocity",0
48.490444,"/drivetrain/xAcceleration",0.004999999888241291
48.490447,"/drivetrain/yAcceleration",0
48.49045,"/drivetrain/leftOutputLog",0
48.490453,"/drivetrain/rightOutputLog",-0
48.490807,"/intake/pos",0
48.490811,"/intake/output",0
48.491021,"/shooter/rpm",255
48.491025,"/shooter/output",0.1
48.491064,"/shooter/hasBall",true
48.491097,"/shooter/temperature",42
48.491248,"/climber/rightPos",0
48.509227,"/drivetrain/leftPos",0
48.509241,"/drivetrain/leftVelocity",0
48.509254,"/drivetrain/rightPos",0
48.509264,"/drivetrain/rightVelocity",0
48.509268,"/drivetrain/heading",-2.299999952316284
48.509272,"/drivetrain/headingVelocity",0
48.509276,"/drivetrain/xAcceleration",-0.007000000216066837
48.509279,"/drivetrain/yAcceleration",-0.012000000104308128
48.509282,"/drivetrain/leftOutputLog",0
48.509285,"/drivetrain/rightOutputLog",-0
48.509844,"/intake/pos",0
48.509848,"/intake/output",0
48.510716,"/shooter/rpm",255
48.51072,"/shooter/output",0.1
48.510793,"/shooter/hasBall",true
48.510817,"/shooter/temperature",42
48.510986,"/climber/rightPos",0
48.529392,"/drivetrain/leftPos",0
48.529407,"/drivetrain/leftVelocity",0
48.529421,"/drivetrain/rightPos",0
48.529431,"/drivetrain/rightVelocity",0
48.529436,"/drivetrain/heading",-2.299999952316284
48.52944,"/drivetrain/headingVelocity",0
48.529443,"/drivetrain/xAcceleration",0
48.529446,"/drivetrain/yAcceleration",0
48.529449,"/drivetrain/leftOutputLog",0
48.529453,"/drivetrain/rightOutputLog",-0
48.529863,"/intake/pos",0
48.529867,"/intake/output",0
48.530211,"/shooter/rpm",237
48.530375,"/shooter/output",0.1
48.530434,"/shooter/hasBall",true
48.530467,"/shooter/temperature",42
48.530633,"/climber/rightPos",0
48.549215,"/drivetrain/leftPos",0
48.549229,"/drivetrain/leftVelocity",0
48.549242,"/drivetrain/rightPos",0
48.549251,"/drivetrain/rightVelocity",0
48.549256,"/drivetrain/heading",-2.2899999618530273
48.549259,"/drivetrain/headingVelocity",0
48.549263,"/drivetrain/xAcceleration",0.004000000189989805
48.549266,"/drivetrain/yAcceleration",-0.006000000052154064
48.549269,"/drivetrain/leftOutputLog",0
48.549273,"/drivetrain/rightOutputLog",-0
48.549472,"/intake/pos",0
48.549476,"/intake/output",0
48.549668,"/shooter/rpm",237
48.549672,"/shooter/output",0.1
48.549694,"/shooter/hasBall",true
48.549715,"/shooter/temperature",42
48.549889,"/climber/rightPos",0
48.570146,"/drivetrain/leftPos",0
48.570247,"/drivetrain/leftVelocity",0
48.570265,"/drivetrain/rightPos",0
48.570275,"/drivetrain/rightVelocity",0
48.570279,"/drivetrain/heading",-2.299999952316284
48.570283,"/drivetrain/headingVelocity",0
48.570286,"/drivetrain/xAcceleration",-0.003000000026077032
48.570289,"/drivetrain/yAcceleration",-0.003000000026077032
48.570293,"/drivetrain/leftOutputLog",0
48.570296,"/drivetrain/rightOutputLog",-0
48.570491,"/intake/pos",0
48.570536,"/intake/output",0
48.570701,"/shooter/rpm",226
48.570705,"/shooter/output",0.1
48.570746,"/shooter/hasBall",true
48.570769,"/shooter/temperature",42
48.57094,"/climber/rightPos",0
48.589206,"/drivetrain/leftPos",0
48.58922,"/drivetrain/leftVelocity",0
48.589233,"/drivetrain/rightPos",0
48.589243,"/drivetrain/rightVelocity",0
48.589248,"/drivetrain/heading",-2.299999952316284
48.589251,"/drivetrain/headingVelocity",0
48.589362,"/drivetrain/xAcceleration",0
48.589368,"/drivetrain/yAcceleration",0
48.589371,"/drivetrain/leftOutputLog",0
48.589375,"/drivetrain/rightOutputLog",-0
48.589968,"/intake/pos",0
48.589972,"/intake/output",0
48.590857,"/shooter/rpm",215
48.590861,"/shooter/output",0.1
48.590918,"/shooter/hasBall",true
48.59109,"/shooter/temperature",42
48.591322,"/climber/rightPos",0
48.609405,"/drivetrain/leftPos",0
48.60942,"/drivetrain/leftVelocity",0
48.609433,"/drivetrain/rightPos",0
48.609443,"/drivetrain/rightVelocity",0
48.609448,"/drivetrain/heading",-2.2899999618530273
48.609452,"/drivetrain/headingVelocity",-0.0610351525247097
48.609455,"/drivetrain/xAcceleration",0
48.609458,"/drivetrain/yAcceleration",0
48.609461,"/drivetrain/leftOutputLog",0
48.609465,"/drivetrain/rightOutputLog",-0
48.60968,"/intake/pos",0
48.609684,"/intake/output",0
48.610275,"/shooter/rpm",204
48.61028,"/shooter/output",0.1
48.61046,"/shooter/hasBall",true
48.610509,"/shooter/temperature",42
48.610997,"/climber/rightPos",0
48.629182,"/drivetrain/leftPos",0
48.629196,"/drivetrain/leftVelocity",0
48.629209,"/drivetrain/rightPos",0
48.629218,"/drivetrain/rightVelocity",0
48.629223,"/drivetrain/heading",-2.2899999618530273
48.629226,"/drivetrain/headingVelocity",-0.0610351525247097
48.62923,"/drivetrain/xAcceleration",0
48.629233,"/drivetrain/yAcceleration",0
48.629236,"/drivetrain/leftOutputLog",0
48.629239,"/drivetrain/rightOutputLog",-0
48.629459,"/intake/pos",0
48.629463,"/intake/output",0
48.629631,"/shooter/rpm",204
48.629635,"/shooter/output",0.1
48.629657,"/shooter/hasBall",true
48.629698,"/shooter/temperature",42
48.629875,"/climber/rightPos",0
48.649181,"/drivetrain/leftPos",0
48.649197,"/drivetrain/leftVelocity",0
48.64921,"/drivetrain/rightPos",0
48.649219,"/drivetrain/rightVelocity",0
48.649224,"/drivetrain/heading",-2.2899999618530273
48.649227,"/drivetrain/headingVelocity",0
48.649231,"/drivetrain/xAcceleration",0
48.649234,"/drivetrain/yAcceleration",0
48.649237,"/drivetrain/leftOutputLog",0
48.649241,"/drivetrain/rightOutputLog",-0
48.649485,"/intake/pos",0
48.649489,"/intake/output",0
48.649704,"/shooter/rpm",190
48.649708,"/shooter/output",0.1
48.649747,"/shooter/hasBall",true
48.649911,"/shooter/temperature",42
48.650697,"/climber/rightPos",0
48.669405,"/drivetrain/leftPos",0
48.669417,"/drivetrain/leftVelocity",0
48.669431,"/drivetrain/rightPos",0
48.66944,"/drivetrain/rightVelocity",0
48.669445,"/drivetrain/heading",-2.2899999618530273
48.669448,"/drivetrain/headingVelocity",0
48.669452,"/drivetrain/xAcceleration",0
48.669455,"/drivetrain/yAcceleration",0
48.669458,"/drivetrain/leftOutputLog",0
48.669462,"/drivetrain/rightOutputLog",-0
48.669679,"/intake/pos",0
48.669682,"/intake/output",0
48.669858,"/shooter/rpm",181
48.669862,"/shooter/output",0.1
48.669901,"/shooter/hasBall",true
48.669941,"/shooter/temperature",42
48.670149,"/climber/rightPos",0
48.689931,"/drivetrain/leftPos",0
48.689945,"/drivetrain/leftVelocity",0
48.689957,"/drivetrain/rightPos",0
48.689966,"/drivetrain/rightVelocity",0
48.689971,"/drivetrain/heading",-2.2899999618530273
48.689974,"/drivetrain/headingVelocity",0
48.689978,"/drivetrain/xAcceleration",0.003000000026077032
48.689981,"/drivetrain/yAcceleration",-0.003000000026077032
48.689984,"/drivetrain/leftOutputLog",0
48.689987,"/drivetrain/rightOutputLog",-0
48.690206,"/intake/pos",0
48.69021,"/intake/output",0
48.690502,"/shooter/rpm",172
48.690506,"/shooter/output",0.1
48.690548,"/shooter/hasBall",true
48.690583,"/shooter/temperature",42
48.690801,"/climber/rightPos",0
48.710615,"/drivetrain/leftPos",0
48.71063,"/drivetrain/leftVelocity",0
48.710646,"/drivetrain/rightPos",0
48.710657,"/drivetrain/rightVelocity",0
48.710662,"/drivetrain/heading",-2.2899999618530273
48.710666,"/drivetrain/headingVelocity",0
48.710669,"/drivetrain/xAcceleration",-0.004999999888241291
48.710672,"/drivetrain/yAcceleration",0
48.710675,"/drivetrain/leftOutputLog",0
48.710679,"/drivetrain/rightOutputLog",-0
48.710888,"/intake/pos",0
48.710892,"/intake/output",0
48.711121,"/shooter/rpm",159
48.711125,"/shooter/output",0.1
48.711167,"/shooter/hasBall",true
48.711202,"/shooter/temperature",42
48.711366,"/climber/rightPos",0
48.730346,"/drivetrain/leftPos",0
48.730359,"/drivetrain/leftVelocity",0
48.730373,"/drivetrain/rightPos",0
48.730383,"/drivetrain/rightVelocity",0
48.730387,"/drivetrain/heading",-2.2899999618530273
48.730391,"/drivetrain/headingVelocity",0
48.730394,"/drivetrain/xAcceleration",0
48.730397,"/drivetrain/yAcceleration",-0.004000000189989805
48.730401,"/drivetrain/leftOutputLog",0
48.730404,"/drivetrain/rightOutputLog",-0
48.730614,"/intake/pos",0
48.730618,"/intake/output",0
48.730846,"/shooter/rpm",159
48.73085,"/shooter/output",0.1
48.730875,"/shooter/hasBall",true
48.730912,"/shooter/temperature",42
48.731117,"/climber/rightPos",0
48.749352,"/drivetrain/leftPos",0
48.749365,"/drivetrain/leftVelocity",0
48.749378,"/drivetrain/rightPos",0
48.749388,"/drivetrain/rightVelocity",0
48.749392,"/drivetrain/heading",-2.2899999618530273
48.749396,"/drivetrain/headingVelocity",0
48.749399,"/drivetrain/xAcceleration",-0.00800000037997961
48.749402,"/drivetrain/yAcceleration",0
48.749405,"/drivetrain/leftOutputLog",0
48.749409,"/drivetrain/rightOutputLog",-0
48.74959,"/intake/pos",0
48.749594,"/intake/output",0
48.749809,"/shooter/rpm",134
48.749813,"/shooter/output",0.1
48.749896,"/shooter/hasBall",true
48.749922,"/shooter/temperature",42
48.75019,"/climber/rightPos",0
48.769288,"/drivetrain/leftPos",0
48.769302,"/drivetrain/leftVelocity",0
48.769315,"/drivetrain/rightPos",0
48.769325,"/drivetrain/rightVelocity",0
48.769329,"/drivetrain/heading",-2.2899999618530273
48.769333,"/drivetrain/headingVelocity",0
48.769336,"/drivetrain/xAcceleration",-0.003000000026077032
48.769339,"/drivetrain/yAcceleration",-0.004000000189989805
48.769343,"/drivetrain/leftOutputLog",0
48.769346,"/drivetrain/rightOutputLog",-0
48.769551,"/intake/pos",0
48.769555,"/intake/output",0
48.770244,"/shooter/rpm",129
48.770249,"/shooter/output",0.1
48.770298,"/shooter/hasBall",true
48.770327,"/shooter/temperature",42
48.771614,"/climber/rightPos",0
48.789435,"/drivetrain/leftPos",0
48.78945,"/drivetrain/leftVelocity",0
48.789464,"/drivetrain/rightPos",0
48.789474,"/drivetrain/rightVelocity",0
48.789479,"/drivetrain/heading",-2.2899999618530273
48.789482,"/drivetrain/headingVelocity",0.0610351525247097
48.789485,"/drivetrain/xAcceleration",0
48.789489,"/drivetrain/yAcceleration",-0.004999999888241291
48.789492,"/drivetrain/leftOutputLog",0
48.789495,"/drivetrain/rightOutputLog",-0
48.789758,"/intake/pos",0
48.789762,"/intake/output",0
48.790097,"/shooter/rpm",116
48.790101,"/shooter/output",0.1
48.790145,"/shooter/hasBall",true
48.790259,"/shooter/temperature",42
48.790503,"/climber/rightPos",0
48.80992,"/drivetrain/leftPos",0
48.809935,"/drivetrain/leftVelocity",0
48.809949,"/drivetrain/rightPos",0
48.809958,"/drivetrain/rightVelocity",0
48.809963,"/drivetrain/heading",-2.2899999618530273
48.809966,"/drivetrain/headingVelocity",0.0610351525247097
48.810082,"/drivetrain/xAcceleration",0
48.81009,"/drivetrain/yAcceleration",-0.006000000052154064
48.810093,"/drivetrain/leftOutputLog",0
48.810097,"/drivetrain/rightOutputLog",-0
48.81053,"/intake/pos",0
48.810534,"/intake/output",0
48.810795,"/shooter/rpm",107
48.810799,"/shooter/output",0.1
48.810843,"/shooter/hasBall",true
48.810865,"/shooter/temperature",42
48.811022,"/climber/rightPos",0
48.829667,"/drivetrain/leftPos",0
48.829681,"/drivetrain/leftVelocity",0
48.829695,"/drivetrain/rightPos",0
48.829705,"/drivetrain/rightVelocity",0
48.82971,"/drivetrain/heading",-2.2899999618530273
48.829713,"/drivetrain/headingVelocity",0
48.829717,"/drivetrain/xAcceleration",0
48.82972,"/drivetrain/yAcceleration",0.003000000026077032
48.829723,"/drivetrain/leftOutputLog",0
48.829727,"/drivetrain/rightOutputLog",-0
48.830368,"/intake/pos",0
48.830372,"/intake/output",0
48.830909,"/shooter/rpm",96
48.830913,"/shooter/output",0.1
48.830959,"/shooter/hasBall",true
48.83112,"/shooter/temperature",42
48.831308,"/climber/rightPos",0
48.849508,"/drivetrain/leftPos",0
48.849723,"/drivetrain/leftVelocity",0
48.849821,"/drivetrain/rightPos",0
48.849841,"/drivetrain/rightVelocity",0
48.849846,"/drivetrain/heading",-2.2899999618530273
48.849849,"/drivetrain/headingVelocity",0
48.849853,"/drivetrain/xAcceleration",-0.003000000026077032
48.849856,"/drivetrain/yAcceleration",-0.003000000026077032
48.849859,"/drivetrain/leftOutputLog",0
48.849863,"/drivetrain/rightOutputLog",-0
48.850215,"/intake/pos",0
48.850219,"/intake/output",0
48.850698,"/shooter/rpm",96
48.850702,"/shooter/output",0.1
48.850726,"/shooter/hasBall",true
48.850774,"/shooter/temperature",42
48.850923,"/climber/rightPos",0
48.869243,"/drivetrain/leftPos",0
48.869255,"/drivetrain/leftVelocity",0
48.869267,"/drivetrain/rightPos",0
48.869277,"/drivetrain/rightVelocity",0
48.869281,"/drivetrain/heading",-2.2899999618530273
48.869285,"/drivetrain/headingVelocity",0
48.869288,"/drivetrain/xAcceleration",0
48.869291,"/drivetrain/yAcceleration",0
48.869295,"/drivetrain/leftOutputLog",0
48.869298,"/drivetrain/rightOutputLog",-0
48.869536,"/intake/pos",0
48.86954,"/intake/output",0
48.869712,"/shooter/rpm",70
48.869716,"/shooter/output",0.1
48.869756,"/shooter/hasBall",true
48.869794,"/shooter/temperature",42
48.869944,"/climber/rightPos",0
48.890628,"/drivetrain/leftPos",0
48.890642,"/drivetrain/leftVelocity",0
48.890656,"/drivetrain/rightPos",0
48.890665,"/drivetrain/rightVelocity",0
48.89067,"/drivetrain/heading",-2.2899999618530273
48.890674,"/drivetrain/headingVelocity",0.0610351525247097
48.890677,"/drivetrain/xAcceleration",0
48.89068,"/drivetrain/yAcceleration",0
48.890684,"/drivetrain/leftOutputLog",0
48.890687,"/drivetrain/rightOutputLog",-0
48.890912,"/intake/pos",0
48.890915,"/intake/output",0
48.891094,"/shooter/rpm",69
48.891098,"/shooter/output",0.1
48.891137,"/shooter/hasBall",true
48.891174,"/shooter/temperature",42
48.891322,"/climber/rightPos",0
48.909578,"/drivetrain/leftPos",0
48.909591,"/drivetrain/leftVelocity",0
48.909605,"/drivetrain/rightPos",0
48.909615,"/drivetrain/rightVelocity",0
48.909619,"/drivetrain/heading",-2.2899999618530273
48.909623,"/drivetrain/headingVelocity",0.0610351525247097
48.909626,"/drivetrain/xAcceleration",-0.004000000189989805
48.909629,"/drivetrain/yAcceleration",0
48.909633,"/drivetrain/leftOutputLog",0
48.909636,"/drivetrain/rightOutputLog",-0
48.909866,"/intake/pos",0
48.90987,"/intake/output",0
48.910055,"/shooter/rpm",69
48.910141,"/shooter/output",0.1
48.910169,"/shooter/hasBall",true
48.910215,"/shooter/temperature",42
48.910927,"/climber/rightPos",0
48.930202,"/drivetrain/leftPos",0
48.930214,"/drivetrain/leftVelocity",0
48.930227,"/drivetrain/rightPos",0
48.930236,"/drivetrain/rightVelocity",0
48.93024,"/drivetrain/heading",-2.299999952316284
48.930244,"/drivetrain/headingVelocity",0.0610351525247097
48.930247,"/drivetrain/xAcceleration",0
48.93025,"/drivetrain/yAcceleration",0
48.930254,"/drivetrain/leftOutputLog",0
48.930257,"/drivetrain/rightOutputLog",-0
48.930452,"/intake/pos",0
48.930456,"/intake/output",0
48.930638,"/shooter/rpm",47
48.930641,"/shooter/output",0.1
48.930683,"/shooter/hasBall",true
48.930716,"/shooter/temperature",42
48.930934,"/climber/rightPos",0
48.94948,"/drivetrain/leftPos",0
48.949493,"/drivetrain/leftVelocity",0
48.949506,"/drivetrain/rightPos",0
48.949516,"/drivetrain/rightVelocity",0
48.949521,"/drivetrain/heading",-2.299999952316284
48.949524,"/drivetrain/headingVelocity",0.1220703050494194
48.949528,"/drivetrain/xAcceleration",0
48.949531,"/drivetrain/yAcceleration",0
48.949534,"/drivetrain/leftOutputLog",0
48.949537,"/drivetrain/rightOutputLog",-0
48.949734,"/intake/pos",0
48.949738,"/intake/output",0
48.949954,"/shooter/rpm",32
48.949958,"/shooter/output",0.1
48.949997,"/shooter/hasBall",true
48.9501,"/shooter/temperature",42
48.950262,"/climber/rightPos",0
48.969706,"/drivetrain/leftPos",0
48.969719,"/drivetrain/leftVelocity",0
48.969732,"/drivetrain/rightPos",0
48.969742,"/drivetrain/rightVelocity",0
48.969747,"/drivetrain/heading",-2.299999952316284
48.96975,"/drivetrain/headingVelocity",0
48.969754,"/drivetrain/xAcceleration",0
48.969757,"/drivetrain/yAcceleration",0
48.96976,"/drivetrain/leftOutputLog",0
48.969763,"/drivetrain/rightOutputLog",-0
48.970416,"/intake/pos",0
48.97042,"/intake/output",0
48.970642,"/shooter/rpm",29
48.970646,"/shooter/output",0.1
48.970687,"/shooter/hasBall",true
48.970723,"/shooter/temperature",42
48.970905,"/climber/rightPos",0
48.989678,"/drivetrain/leftPos",0
48.989692,"/drivetrain/leftVelocity",0
48.989706,"/drivetrain/rightPos",0
48.989716,"/drivetrain/rightVelocity",0
48.989721,"/drivetrain/heading",-2.299999952316284
48.989725,"/drivetrain/headingVelocity",0
48.989728,"/drivetrain/xAcceleration",0
48.989731,"/drivetrain/yAcceleration",0
48.989753,"/drivetrain/leftOutputLog",0
48.989757,"/drivetrain/rightOutputLog",-0
48.990155,"/intake/pos",0
48.99016,"/intake/output",0
48.990356,"/shooter/rpm",13
48.99036,"/shooter/output",0.1
48.990404,"/shooter/hasBall",true
48.990432,"/shooter/temperature",42
48.990617,"/climber/rightPos",0
49.009581,"/drivetrain/leftPos",0
49.009595,"/drivetrain/leftVelocity",0
49.009608,"/drivetrain/rightPos",0
49.009618,"/drivetrain/rightVelocity",0
49.009623,"/drivetrain/heading",-2.299999952316284
49.009626,"/drivetrain/headingVelocity",0
49.009629,"/drivetrain/xAcceleration",0
49.009633,"/drivetrain/yAcceleration",0
49.009636,"/drivetrain/leftOutputLog",0
49.009639,"/drivetrain/rightOutputLog",-0
49.010272,"/intake/pos",0
49.010831,"/intake/output",0
49.011373,"/shooter/rpm",11
49.011377,"/shooter/output",0.1
49.011422,"/shooter/hasBall",true
49.011445,"/shooter/temperature",42
49.011664,"/climber/rightPos",0
49.030785,"/drivetrain/leftPos",0
49.030798,"/drivetrain/leftVelocity",0
49.030811,"/drivetrain/rightPos",0
49.030821,"/drivetrain/rightVelocity",0
49.030825,"/drivetrain/heading",-2.299999952316284
49.030829,"/drivetrain/headingVelocity",0
49.030832,"/drivetrain/xAcceleration",0
49.030835,"/drivetrain/yAcceleration",0
49.030839,"/drivetrain/leftOutputLog",0
49.030842,"/drivetrain/rightOutputLog",-0
49.03104,"/intake/pos",0
49.031044,"/intake/output",0
49.031277,"/shooter/rpm",4
49.031281,"/shooter/output",0.1
49.031322,"/shooter/hasBall",true
49.031344,"/shooter/temperature",42
49.031488,"/climber/rightPos",0
49.049865,"/drivetrain/leftPos",0
49.049882,"/drivetrain/leftVelocity",0
49.049895,"/drivetrain/rightPos",0
49.049905,"/drivetrain/rightVelocity",0
49.04991,"/drivetrain/heading",-2.299999952316284
49.049914,"/drivetrain/headingVelocity",0
49.049917,"/drivetrain/xAcceleration",0
49.04992,"/drivetrain/yAcceleration",0
49.049923,"/drivetrain/leftOutputLog",0
49.049927,"/drivetrain/rightOutputLog",-0
49.050186,"/intake/pos",0
49.05019,"/intake/output",0
49.051005,"/shooter/rpm",1
49.051009,"/shooter/output",0.1
49.051051,"/shooter/hasBall",true
49.051095,"/shooter/temperature",42
49.051248,"/climber/rightPos",0
49.069432,"/drivetrain/leftPos",0
49.069446,"/drivetrain/leftVelocity",0
49.069459,"/drivetrain/rightPos",0
49.069469,"/drivetrain/rightVelocity",0
49.069473,"/drivetrain/heading",-2.299999952316284
49.069477,"/drivetrain/headingVelocity",0.0610351525247097
49.069481,"/drivetrain/xAcceleration",0
49.069484,"/drivetrain/yAcceleration",0
49.069487,"/drivetrain/leftOutputLog",0
49.06949,"/drivetrain/rightOutputLog",-0
49.069816,"/intake/pos",0
49.069821,"/intake/output",0
49.070333,"/shooter/rpm",1
49.070339,"/shooter/output",0.1
49.070369,"/shooter/hasBall",true
49.070418,"/shooter/temperature",42
49.070746,"/climber/rightPos",0
49.089592,"/drivetrain/leftPos",0
49.089606,"/drivetrain/leftVelocity",0
49.089618,"/drivetrain/rightPos",0
49.089628,"/drivetrain/rightVelocity",0
49.089633,"/drivetrain/heading",-2.299999952316284
49.089636,"/drivetrain/headingVelocity",0
49.08964,"/drivetrain/xAcceleration",0
49.089643,"/drivetrain/yAcceleration",0
49.089646,"/drivetrain/leftOutputLog",0
49.089649,"/drivetrain/rightOutputLog",-0
49.089842,"/intake/pos",0
49.089845,"/intake/output",0
49.090016,"/shooter/rpm",-6
49.09002,"/shooter/output",0.1
49.090057,"/shooter/hasBall",true
49.090096,"/shooter/temperature",42
49.090253,"/climber/rightPos",0
49.109265,"/drivetrain/leftPos",0
49.109279,"/drivetrain/leftVelocity",0
49.109292,"/drivetrain/rightPos",0
49.109301,"/drivetrain/rightVelocity",0
49.109306,"/drivetrain/heading",-2.299999952316284
49.109309,"/drivetrain/headingVelocity",0
49.109313,"/drivetrain/xAcceleration",0
49.109316,"/drivetrain/yAcceleration",-0.003000000026077032
49.109319,"/drivetrain/leftOutputLog",0
49.109322,"/drivetrain/rightOutputLog",-0
49.109517,"/intake/pos",0
49.10952,"/intake/output",0
49.110171,"/shooter/rpm",-10
49.110176,"/shooter/output",0.1
49.110224,"/shooter/hasBall",true
49.110271,"/shooter/temperature",42
49.11105,"/climber/rightPos",0
49.129435,"/drivetrain/leftPos",0
49.12945,"/drivetrain/leftVelocity",0
49.129626,"/drivetrain/rightPos",0
49.129643,"/drivetrain/rightVelocity",0
49.129648,"/drivetrain/heading",-2.299999952316284
49.129651,"/drivetrain/headingVelocity",-0.0610351525247097
49.129654,"/drivetrain/xAcceleration",0
49.129657,"/drivetrain/yAcceleration",-0.003000000026077032
49.129661,"/drivetrain/leftOutputLog",0
49.129664,"/drivetrain/rightOutputLog",-0
49.130046,"/intake/pos",0
49.13005,"/intake/output",0
49.130381,"/shooter/rpm",-12
49.130385,"/shooter/output",0.1
49.130432,"/shooter/hasBall",true
49.130477,"/shooter/temperature",42
49.13102,"/climber/rightPos",0
49.149189,"/drivetrain/leftPos",0
49.149204,"/drivetrain/leftVelocity",0
49.149216,"/drivetrain/rightPos",0
49.149226,"/drivetrain/rightVelocity",0
49.149231,"/drivetrain/heading",-2.299999952316284
49.149234,"/drivetrain/headingVelocity",0
49.149237,"/drivetrain/xAcceleration",0
49.149241,"/drivetrain/yAcceleration",0
49.149244,"/drivetrain/leftOutputLog",0
49.149247,"/drivetrain/rightOutputLog",-0
49.149429,"/intake/pos",0
49.149433,"/intake/output",0
49.149597,"/shooter/rpm",-12
49.149601,"/shooter/output",0.1
49.149623,"/shooter/hasBall",true
49.14966,"/shooter/temperature",42
49.149824,"/climber/rightPos",0
49.1692,"/drivetrain/leftPos",0
49.169213,"/drivetrain/leftVelocity",0
49.169227,"/drivetrain/rightPos",0
49.169236,"/drivetrain/rightVelocity",0
49.169241,"/drivetrain/heading",-2.299999952316284
49.169245,"/drivetrain/headingVelocity",0
49.169248,"/drivetrain/xAcceleration",0
49.169251,"/drivetrain/yAcceleration",0
49.169254,"/drivetrain/leftOutputLog",0
49.169258,"/drivetrain/rightOutputLog",-0
49.16942,"/intake/pos",0
49.169424,"/intake/output",0
49.16958,"/shooter/rpm",-15
49.169584,"/shooter/output",0.1
49.16962,"/shooter/hasBall",true
49.169652,"/shooter/temperature",42
49.169852,"/climber/rightPos",0
49.189222,"/drivetrain/leftPos",0
49.189236,"/drivetrain/leftVelocity",0
49.189248,"/drivetrain/rightPos",0
49.189258,"/drivetrain/rightVelocity",0
49.189262,"/drivetrain/heading",-2.299999952316284
49.189265,"/drivetrain/headingVelocity",-0.0610351525247097
49.189268,"/drivetrain/xAcceleration",0
49.189272,"/drivetrain/yAcceleration",0
49.189275,"/drivetrain/leftOutputLog",0
49.189278,"/drivetrain/rightOutputLog",-0
49.189463,"/intake/pos",0
49.189467,"/intake/output",0
49.189639,"/shooter/rpm",-13
49.189644,"/shooter/output",0.1
49.189683,"/shooter/hasBall",true
49.189716,"/shooter/temperature",42
49.190306,"/climber/rightPos",0
49.209306,"/drivetrain/leftPos",0
49.20932,"/drivetrain/leftVelocity",0
49.209333,"/drivetrain/rightPos",0
49.209343,"/drivetrain/rightVelocity",0
49.209347,"/drivetrain/heading",-2.299999952316284
49.20935,"/drivetrain/headingVelocity",0
49.209354,"/drivetrain/xAcceleration",0
49.209357,"/drivetrain/yAcceleration",0
49.209403,"/drivetrain/leftOutputLog",0
49.209406,"/drivetrain/rightOutputLog",-0
49.209711,"/intake/pos",0
49.209715,"/intake/output",0
49.209901,"/shooter/rpm",-10
49.209905,"/shooter/output",0.1
49.209944,"/shooter/hasBall",true
49.209978,"/shooter/temperature",42
49.210138,"/climber/rightPos",0
49.229473,"/drivetrain/leftPos",0
49.229488,"/drivetrain/leftVelocity",0
49.229503,"/drivetrain/rightPos",0
49.229514,"/drivetrain/rightVelocity",0
49.229519,"/drivetrain/heading",-2.299999952316284
49.229523,"/drivetrain/headingVelocity",0
49.229526,"/drivetrain/xAcceleration",0
49.229529,"/drivetrain/yAcceleration",0.004000000189989805
49.229533,"/drivetrain/leftOutputLog",0
49.229536,"/drivetrain/rightOutputLog",-0
49.229935,"/intake/pos",0
49.229939,"/intake/output",0
49.23094,"/shooter/rpm",-7
49.230945,"/shooter/output",0.1
49.230995,"/shooter/hasBall",true
49.231025,"/shooter/temperature",42
49.231254,"/climber/rightPos",0
49.2492,"/drivetrain/leftPos",0
49.249213,"/drivetrain/leftVelocity",0
49.249225,"/drivetrain/rightPos",0
49.249235,"/drivetrain/rightVelocity",0
49.249239,"/drivetrain/heading",-2.299999952316284
49.249243,"/drivetrain/headingVelocity",0
49.249246,"/drivetrain/xAcceleration",0
49.249249,"/drivetrain/yAcceleration",0
49.249252,"/drivetrain/leftOutputLog",0
49.249256,"/drivetrain/rightOutputLog",-0
49.249422,"/intake/pos",0
49.249426,"/intake/output",0
49.249725,"/shooter/rpm",-7
49.249729,"/shooter/output",0.1
49.249756,"/shooter/hasBall",true
49.249782,"/shooter/temperature",42
49.250613,"/climber/rightPos",0
49.269227,"/drivetrain/leftPos",0
49.269242,"/drivetrain/leftVelocity",0
49.269255,"/drivetrain/rightPos",0
49.269264,"/drivetrain/rightVelocity",0
49.269269,"/drivetrain/heading",-2.2899999618530273
49.269272,"/drivetrain/headingVelocity",0
49.269276,"/drivetrain/xAcceleration",0
49.269279,"/drivetrain/yAcceleration",0
49.269282,"/drivetrain/leftOutputLog",0
49.269286,"/drivetrain/rightOutputLog",-0
49.269484,"/intake/pos",0
49.269487,"/intake/output",0
49.269865,"/shooter/rpm",-2
49.269869,"/shooter/output",0.1
49.269966,"/shooter/hasBall",true
49.26999,"/shooter/temperature",42
49.270175,"/climber/rightPos",0
49.290081,"/drivetrain/leftPos",0
49.290094,"/drivetrain/leftVelocity",0
49.290108,"/drivetrain/rightPos",0
49.290118,"/drivetrain/rightVelocity",0
49.290122,"/drivetrain/heading",-2.2899999618530273
49.290126,"/drivetrain/headingVelocity",-0.0610351525247097
49.290129,"/drivetrain/xAcceleration",0
49.290133,"/drivetrain/yAcceleration",0
49.290136,"/drivetrain/leftOutputLog",0
49.290139,"/drivetrain/rightOutputLog",-0
49.2904,"/intake/pos",0
49.290404,"/intake/output",0
49.290586,"/shooter/rpm",-1
49.29059,"/shooter/output",0.1
49.290629,"/shooter/hasBall",true
49.290668,"/shooter/temperature",42
49.29087,"/climber/rightPos",0
49.309343,"/drivetrain/leftPos",0
49.30936,"/drivetrain/leftVelocity",0
49.309374,"/drivetrain/rightPos",0
49.309384,"/drivetrain/rightVelocity",0
49.309389,"/drivetrain/heading",-2.2899999618530273
49.309393,"/drivetrain/headingVelocity",-0.1220703050494194
49.309396,"/drivetrain/xAcceleration",0
49.3094,"/drivetrain/yAcceleration",-0.004000000189989805
49.309403,"/drivetrain/leftOutputLog",0
49.309449,"/drivetrain/rightOutputLog",-0
49.309773,"/intake/pos",0
49.309777,"/intake/output",0
49.310676,"/shooter/rpm",0
49.31068,"/shooter/output",0.1
49.310731,"/shooter/hasBall",true
49.310777,"/shooter/temperature",42
49.311017,"/climber/rightPos",0
49.329203,"/drivetrain/leftPos",0
49.329217,"/drivetrain/leftVelocity",0
49.32923,"/drivetrain/rightPos",0
49.32924,"/drivetrain/rightVelocity",0
49.329245,"/drivetrain/heading",-2.2899999618530273
49.329248,"/drivetrain/headingVelocity",-0.1831054538488388
49.329252,"/drivetrain/xAcceleration",0
49.329255,"/drivetrain/yAcceleration",0
49.329258,"/drivetrain/leftOutputLog",0
49.329262,"/drivetrain/rightOutputLog",-0
49.329422,"/intake/pos",0
49.329425,"/intake/output",0
49.329572,"/shooter/rpm",0
49.329576,"/shooter/output",0.1
49.329599,"/shooter/hasBall",true
49.329638,"/shooter/temperature",42
49.329801,"/climber/rightPos",0
49.349512,"/drivetrain/leftPos",0
49.349527,"/drivetrain/leftVelocity",0
49.349542,"/drivetrain/rightPos",0
49.349552,"/drivetrain/rightVelocity",0
49.349557,"/drivetrain/heading",-2.2799999713897705
49.349561,"/drivetrain/headingVelocity",-0.1831054538488388
49.349564,"/drivetrain/xAcceleration",0
49.349567,"/drivetrain/yAcceleration",0
49.349571,"/drivetrain/leftOutputLog",0
49.349574,"/drivetrain/rightOutputLog",-0
49.350338,"/intake/pos",0
49.350512,"/intake/output",0
49.350744,"/shooter/rpm",0
49.350748,"/shooter/output",0.1
49.350774,"/shooter/hasBall",true
49.350811,"/shooter/temperature",42
49.350953,"/climber/rightPos",0
49.369449,"/drivetrain/leftPos",0
49.369463,"/drivetrain/leftVelocity",0
49.369477,"/drivetrain/rightPos",0
49.369538,"/drivetrain/rightVelocity",0
49.369544,"/drivetrain/heading",-2.2799999713897705
49.369547,"/drivetrain/headingVelocity",-0.1831054538488388
49.369551,"/drivetrain/xAcceleration",0
49.369554,"/drivetrain/yAcceleration",0
49.369557,"/drivetrain/leftOutputLog",0
49.369561,"/drivetrain/rightOutputLog",-0
49.370082,"/intake/pos",0
49.370086,"/intake/output",0
49.370427,"/shooter/rpm",0
49.370431,"/shooter/output",0.1
49.370498,"/shooter/hasBall",true
49.370547,"/shooter/temperature",42
49.371641,"/climber/rightPos",0
49.390112,"/drivetrain/leftPos",0
49.390127,"/drivetrain/leftVelocity",0
49.390141,"/drivetrain/rightPos",0
49.390152,"/drivetrain/rightVelocity",0
49.390157,"/drivetrain/heading",-2.2699999809265137
49.390161,"/drivetrain/headingVelocity",-0.1831054538488388
49.390164,"/drivetrain/xAcceleration",0
49.390167,"/drivetrain/yAcceleration",0
49.39017,"/drivetrain/leftOutputLog",0
49.390174,"/drivetrain/rightOutputLog",-0
49.390389,"/intake/pos",0
49.390393,"/intake/output",0
49.390588,"/shooter/rpm",0
49.390591,"/shooter/output",0.1
49.390617,"/shooter/hasBall",true
49.390652,"/shooter/temperature",42
49.390835,"/climber/rightPos",0
49.409353,"/drivetrain/leftPos",0
49.409487,"/drivetrain/leftVelocity",0
49.409502,"/drivetrain/rightPos",0
49.409512,"/drivetrain/rightVelocity",0
49.409517,"/drivetrain/heading",-2.2699999809265137
49.40952,"/drivetrain/headingVelocity",-0.1220703050494194
49.409524,"/drivetrain/xAcceleration",0
49.409527,"/drivetrain/yAcceleration",-0.004000000189989805
49.40953,"/drivetrain/leftOutputLog",0
49.409534,"/drivetrain/rightOutputLog",-0
49.41004,"/intake/pos",0
49.410044,"/intake/output",0
49.410411,"/shooter/rpm",0
49.410415,"/shooter/output",0.1
49.410444,"/shooter/hasBall",true
49.410481,"/shooter/temperature",42
49.410889,"/climber/rightPos",0
49.430136,"/drivetrain/leftPos",0
49.430149,"/drivetrain/leftVelocity",0
49.430163,"/drivetrain/rightPos",0
49.430173,"/drivetrain/rightVelocity",0
49.430178,"/drivetrain/heading",-2.2699999809265137
49.430181,"/drivetrain/headingVelocity",0
49.430185,"/drivetrain/xAcceleration",0
49.430188,"/drivetrain/yAcceleration",0
49.430191,"/drivetrain/leftOutputLog",0
49.430195,"/drivetrain/rightOutputLog",-0
49.43037,"/intake/pos",0
49.430373,"/intake/output",0
49.430583,"/shooter/rpm",0
49.430587,"/shooter/output",0.1
49.430611,"/shooter/hasBall",true
49.430644,"/shooter/temperature",42
49.430813,"/climber/rightPos",0
49.449224,"/drivetrain/leftPos",0
49.449237,"/drivetrain/leftVelocity",0
49.44925,"/drivetrain/rightPos",0
49.449259,"/drivetrain/rightVelocity",0
49.449264,"/drivetrain/heading",-2.2699999809265137
49.449267,"/drivetrain/headingVelocity",0
49.44927,"/drivetrain/xAcceleration",0
49.449273,"/drivetrain/yAcceleration",0
49.449276,"/drivetrain/leftOutputLog",0
49.44928,"/drivetrain/rightOutputLog",-0
49.44945,"/intake/pos",0
49.449454,"/intake/output",0
49.450144,"/shooter/rpm",0
49.450148,"/shooter/output",0.1
49.450178,"/shooter/hasBall",true
49.450215,"/shooter/temperature",42
49.4508,"/climber/rightPos",0
49.470323,"/drivetrain/leftPos",0
49.470339,"/drivetrain/leftVelocity",0
49.470352,"/drivetrain/rightPos",0
49.470362,"/drivetrain/rightVelocity",0
49.470366,"/drivetrain/heading",-2.2699999809265137
49.47037,"/drivetrain/headingVelocity",0
49.470373,"/drivetrain/xAcceleration",0
49.470376,"/drivetrain/yAcceleration",0
49.47038,"/drivetrain/leftOutputLog",0
49.470383,"/drivetrain/rightOutputLog",-0
49.470708,"/intake/pos",0
49.470712,"/intake/output",0
49.470897,"/shooter/rpm",0
49.470901,"/shooter/output",0.1
49.470926,"/shooter/hasBall",true
49.470951,"/shooter/temperature",42
49.471158,"/climber/rightPos",0
49.489182,"/drivetrain/leftPos",0
49.489195,"/drivetrain/leftVelocity",0
49.489208,"/drivetrain/rightPos",0
49.489218,"/drivetrain/rightVelocity",0
49.489222,"/drivetrain/heading",-2.2699999809265137
49.489226,"/drivetrain/headingVelocity",0
49.489229,"/drivetrain/xAcceleration",0
49.489233,"/drivetrain/yAcceleration",0
49.489236,"/drivetrain/leftOutputLog",0
49.489239,"/drivetrain/rightOutputLog",-0
49.489441,"/intake/pos",0
49.489445,"/intake/output",0
49.490061,"/shooter/rpm",0
49.490065,"/shooter/output",0.1
49.490132,"/shooter/hasBall",true
49.490155,"/shooter/temperature",42
49.49038,"/climber/rightPos",0
49.509507,"/drivetrain/leftPos",0
49.509519,"/drivetrain/leftVelocity",0
49.509532,"/drivetrain/rightPos",0
49.509542,"/drivetrain/rightVelocity",0
49.509547,"/drivetrain/heading",-2.2699999809265137
49.509551,"/drivetrain/headingVelocity",0
49.509554,"/drivetrain/xAcceleration",0
49.509558,"/drivetrain/yAcceleration",0
49.509561,"/drivetrain/leftOutputLog",0
49.509564,"/drivetrain/rightOutputLog",-0
49.509967,"/intake/pos",0
49.509971,"/intake/output",0
49.510579,"/shooter/rpm",0
49.510583,"/shooter/output",0.1
49.510608,"/shooter/hasBall",true
49.510628,"/shooter/temperature",42
49.510833,"/climber/rightPos",0
49.529225,"/drivetrain/leftPos",0
49.52924,"/drivetrain/leftVelocity",0
49.529504,"/drivetrain/rightPos",0
49.529518,"/drivetrain/rightVelocity",0
49.529524,"/drivetrain/heading",-2.2699999809265137
49.529527,"/drivetrain/headingVelocity",0
49.52953,"/drivetrain/xAcceleration",0
49.529534,"/drivetrain/yAcceleration",0
49.529537,"/drivetrain/leftOutputLog",0
49.529541,"/drivetrain/rightOutputLog",-0
49.529947,"/intake/pos",0
49.529951,"/intake/output",0
49.530217,"/shooter/rpm",0
49.530221,"/shooter/output",0.1
49.530248,"/shooter/hasBall",true
49.530287,"/shooter/temperature",42
49.530904,"/climber/rightPos",0
49.549243,"/drivetrain/leftPos",0
49.549256,"/drivetrain/leftVelocity",0
49.549269,"/drivetrain/rightPos",0
49.549279,"/drivetrain/rightVelocity",0
49.549284,"/drivetrain/heading",-2.2699999809265137
49.549287,"/drivetrain/headingVelocity",0.0610351525247097
49.549291,"/drivetrain/xAcceleration",0
49.549294,"/drivetrain/yAcceleration",0
49.549297,"/drivetrain/leftOutputLog",0
49.549301,"/drivetrain/rightOutputLog",-0
49.549472,"/intake/pos",0
49.549476,"/intake/output",0
49.549624,"/shooter/rpm",0
49.549628,"/shooter/output",0.1
49.549651,"/shooter/hasBall",true
49.54969,"/shooter/temperature",42
49.549847,"/climber/rightPos",0
49.570818,"/drivetrain/leftPos",0
49.570838,"/drivetrain/leftVelocity",0
49.570852,"/drivetrain/rightPos",0
49.570861,"/drivetrain/rightVelocity",0
49.570866,"/drivetrain/heading",-2.2799999713897705
49.57087,"/drivetrain/headingVelocity",0
49.570874,"/drivetrain/xAcceleration",0
49.570991,"/drivetrain/yAcceleration",0
49.571,"/drivetrain/leftOutputLog",0
49.571003,"/drivetrain/rightOutputLog",-0
49.571629,"/intake/pos",0
49.571633,"/intake/output",0
49.572185,"/shooter/rpm",0
49.572189,"/shooter/output",0.1
49.572224,"/shooter/hasBall",true
49.572275,"/shooter/temperature",42
49.572607,"/climber/rightPos",0
49.592164,"/drivetrain/leftPos",0
49.592185,"/drivetrain/leftVelocity",0
49.592199,"/drivetrain/rightPos",0
49.59221,"/drivetrain/rightVelocity",0
49.592214,"/drivetrain/heading",-2.2799999713897705
49.592218,"/drivetrain/headingVelocity",0
49.592221,"/drivetrain/xAcceleration",0
49.592225,"/drivetrain/yAcceleration",0
49.592228,"/drivetrain/leftOutputLog",0
49.592232,"/drivetrain/rightOutputLog",-0
49.592566,"/intake/pos",0
49.59257,"/intake/output",0
49.593003,"/shooter/rpm",0
49.593007,"/shooter/output",0.1
49.593104,"/shooter/hasBall",true
49.593151,"/shooter/temperature",42
49.593533,"/climber/rightPos",0
49.609331,"/drivetrain/leftPos",0
49.609345,"/drivetrain/leftVelocity",0
49.609358,"/drivetrain/rightPos",0
49.609367,"/drivetrain/rightVelocity",0
49.609372,"/drivetrain/heading",-2.2799999713897705
49.609375,"/drivetrain/headingVelocity",0
49.609378,"/drivetrain/xAcceleration",0
49.609382,"/drivetrain/yAcceleration",0
49.609385,"/drivetrain/leftOutputLog",0
49.609388,"/drivetrain/rightOutputLog",-0
49.610377,"/intake/pos",0
49.610381,"/intake/output",0
49.610964,"/shooter/rpm",0
49.610968,"/shooter/output",0.1
49.610996,"/shooter/hasBall",true
49.611039,"/shooter/temperature",42
49.611992,"/climber/rightPos",0
49.629504,"/drivetrain/leftPos",0
49.629518,"/drivetrain/leftVelocity",0
49.62965,"/drivetrain/rightPos",0
49.629664,"/drivetrain/rightVelocity",0
49.629669,"/drivetrain/heading",-2.2799999713897705
49.629673,"/drivetrain/headingVelocity",0
49.629676,"/drivetrain/xAcceleration",0
49.629679,"/drivetrain/yAcceleration",0
49.629683,"/drivetrain/leftOutputLog",0
49.629686,"/drivetrain/rightOutputLog",-0
49.630086,"/intake/pos",0
49.63009,"/intake/output",0
49.63068,"/shooter/rpm",0
49.630684,"/shooter/output",0.1
49.630711,"/shooter/hasBall",true
49.630749,"/shooter/temperature",42
49.631026,"/climber/rightPos",0
49.649546,"/drivetrain/leftPos",0
49.649666,"/drivetrain/leftVelocity",0
49.649683,"/drivetrain/rightPos",0
49.649693,"/drivetrain/rightVelocity",0
49.649698,"/drivetrain/heading",-2.2799999713897705
49.649702,"/drivetrain/headingVelocity",0
49.649706,"/drivetrain/xAcceleration",0
49.649709,"/drivetrain/yAcceleration",0
49.649712,"/drivetrain/leftOutputLog",0
49.649716,"/drivetrain/rightOutputLog",-0
49.649981,"/intake/pos",0
49.649985,"/intake/output",0
49.650707,"/shooter/rpm",0
49.650711,"/shooter/output",0.1
49.650806,"/shooter/hasBall",true
49.650923,"/shooter/temperature",42
49.65112,"/climber/rightPos",0
49.669348,"/drivetrain/leftPos",0
49.669363,"/drivetrain/leftVelocity",0
49.669377,"/drivetrain/rightPos",0
49.669388,"/drivetrain/rightVelocity",0
49.669393,"/drivetrain/heading",-2.2799999713897705
49.669397,"/drivetrain/headingVelocity",0
49.6694,"/drivetrain/xAcceleration",0
49.669403,"/drivetrain/yAcceleration",-0.004000000189989805
49.669435,"/drivetrain/leftOutputLog",0
49.669441,"/drivetrain/rightOutputLog",-0
49.669742,"/intake/pos",0
49.669746,"/intake/output",0
49.670001,"/shooter/rpm",0
49.670005,"/shooter/output",0.1
49.670131,"/shooter/hasBall",true
49.670179,"/shooter/temperature",42
49.670494,"/climber/rightPos",0
49.689625,"/drivetrain/leftPos",0
49.689638,"/drivetrain/leftVelocity",0
49.689652,"/drivetrain/rightPos",0
49.689662,"/drivetrain/rightVelocity",0
49.689666,"/drivetrain/heading",-2.2799999713897705
49.68967,"/drivetrain/headingVelocity",0
49.689673,"/drivetrain/xAcceleration",0
49.689676,"/drivetrain/yAcceleration",-0.003000000026077032
49.689679,"/drivetrain/leftOutputLog",0
49.689682,"/drivetrain/rightOutputLog",-0
49.689945,"/intake/pos",0
49.689949,"/intake/output",0
49.690146,"/shooter/rpm",0
49.69015,"/shooter/output",0.1
49.690209,"/shooter/hasBall",true
49.690246,"/shooter/temperature",42
49.690437,"/climber/rightPos",0
49.709986,"/drivetrain/leftPos",0
49.710001,"/drivetrain/leftVelocity",0
49.710015,"/drivetrain/rightPos",0
49.710024,"/drivetrain/rightVelocity",0
49.710029,"/drivetrain/heading",-2.2799999713897705
49.710033,"/drivetrain/headingVelocity",0
49.710036,"/drivetrain/xAcceleration",0
49.710039,"/drivetrain/yAcceleration",0
49.710043,"/drivetrain/leftOutputLog",0
49.710046,"/drivetrain/rightOutputLog",-0
49.710489,"/intake/pos",0
49.710493,"/intake/output",0
49.710691,"/shooter/rpm",0
49.710695,"/shooter/output",0.1
49.710719,"/shooter/hasBall",true
49.710746,"/shooter/temperature",42
49.710955,"/climber/rightPos",0
49.729258,"/drivetrain/leftPos",0
49.729272,"/drivetrain/leftVelocity",0
49.729285,"/drivetrain/rightPos",0
49.729295,"/drivetrain/rightVelocity",0
49.7293,"/drivetrain/heading",-2.2799999713897705
49.729303,"/drivetrain/headingVelocity",0.0610351525247097
49.729307,"/drivetrain/xAcceleration",0
49.72931,"/drivetrain/yAcceleration",0
49.729313,"/drivetrain/leftOutputLog",0
49.729316,"/drivetrain/rightOutputLog",-0
49.729676,"/intake/pos",0
49.72968,"/intake/output",0
49.730234,"/shooter/rpm",0
49.730239,"/shooter/output",0.1
49.730269,"/shooter/hasBall",true
49.73029,"/shooter/temperature",42
49.730478,"/climber/rightPos",0
49.74924,"/drivetrain/leftPos",0
49.749252,"/drivetrain/leftVelocity",0
49.749265,"/drivetrain/rightPos",0
49.749275,"/drivetrain/rightVelocity",0
49.749279,"/drivetrain/heading",-2.2799999713897705
49.749283,"/drivetrain/headingVelocity",0.0610351525247097
49.749286,"/drivetrain/xAcceleration",0
49.749289,"/drivetrain/yAcceleration",0
49.749293,"/drivetrain/leftOutputLog",0
49.749296,"/drivetrain/rightOutputLog",-0
49.749759,"/intake/pos",0
49.749763,"/intake/output",0
49.750056,"/shooter/rpm",0
49.75006,"/shooter/output",0.1
49.750087,"/shooter/hasBall",true
49.750109,"/shooter/temperature",42
49.750414,"/climber/rightPos",0
49.770182,"/drivetrain/leftPos",0
49.770196,"/drivetrain/leftVelocity",0
49.770209,"/drivetrain/rightPos",0
49.770219,"/drivetrain/rightVelocity",0
49.770223,"/drivetrain/heading",-2.2899999618530273
49.770227,"/drivetrain/headingVelocity",0.1220703050494194
49.77023,"/drivetrain/xAcceleration",0
49.770233,"/drivetrain/yAcceleration",0
49.770236,"/drivetrain/leftOutputLog",0
49.770239,"/drivetrain/rightOutputLog",-0
49.770437,"/intake/pos",0
49.770441,"/intake/output",0
49.770614,"/shooter/rpm",0
49.770618,"/shooter/output",0.1
49.77064,"/shooter/hasBall",true
49.770677,"/shooter/temperature",42
49.770855,"/climber/rightPos",0
49.789323,"/drivetrain/leftPos",0
49.789337,"/drivetrain/leftVelocity",0
49.78935,"/drivetrain/rightPos",0
49.78936,"/drivetrain/rightVelocity",0
49.789365,"/drivetrain/heading",-2.2899999618530273
49.789368,"/drivetrain/headingVelocity",0.0610351525247097
49.789371,"/drivetrain/xAcceleration",0
49.789375,"/drivetrain/yAcceleration",0
49.789378,"/drivetrain/leftOutputLog",0
49.789381,"/drivetrain/rightOutputLog",-0
49.789581,"/intake/pos",0
49.789628,"/intake/output",0
49.789781,"/shooter/rpm",0
49.789785,"/shooter/output",0.1
49.789808,"/shooter/hasBall",true
49.789849,"/shooter/temperature",42
49.790016,"/climber/rightPos",0
49.809694,"/drivetrain/leftPos",0
49.809712,"/drivetrain/leftVelocity",0
49.809727,"/drivetrain/rightPos",0
49.809736,"/drivetrain/rightVelocity",0
49.809741,"/drivetrain/heading",-2.2899999618530273
49.809745,"/drivetrain/headingVelocity",0.0610351525247097
49.809748,"/drivetrain/xAcceleration",0
49.809751,"/drivetrain/yAcceleration",-0.004000000189989805
49.809754,"/drivetrain/leftOutputLog",0
49.809758,"/drivetrain/rightOutputLog",-0
49.809992,"/intake/pos",0
49.809996,"/intake/output",0
49.81068,"/shooter/rpm",0
49.810684,"/shooter/output",0.1
49.810712,"/shooter/hasBall",true
49.810753,"/shooter/temperature",42
49.810922,"/climber/rightPos",0
49.829351,"/drivetrain/leftPos",0
49.829365,"/drivetrain/leftVelocity",0
49.829378,"/drivetrain/rightPos",0
49.829388,"/drivetrain/rightVelocity",0
49.829392,"/drivetrain/heading",-2.299999952316284
49.829396,"/drivetrain/headingVelocity",0.0610351525247097
49.829399,"/drivetrain/xAcceleration",0
49.829402,"/drivetrain/yAcceleration",0
49.829405,"/drivetrain/leftOutputLog",0
49.829409,"/drivetrain/rightOutputLog",-0
49.829619,"/intake/pos",0
49.829623,"/intake/output",0
49.829819,"/shooter/rpm",0
49.829824,"/shooter/output",0.1
49.829847,"/shooter/hasBall",true
49.829888,"/shooter/temperature",42
49.830046,"/climber/rightPos",0
49.84941,"/drivetrain/leftPos",0
49.849426,"/drivetrain/leftVelocity",0
49.84944,"/drivetrain/rightPos",0
49.84945,"/drivetrain/rightVelocity",0
49.849455,"/drivetrain/heading",-2.299999952316284
49.849458,"/drivetrain/headingVelocity",0.0610351525247097
49.849461,"/drivetrain/xAcceleration",0
49.849465,"/drivetrain/yAcceleration",0
49.849468,"/drivetrain/leftOutputLog",0
49.849471,"/drivetrain/rightOutputLog",-0
49.849681,"/intake/pos",0
49.849685,"/intake/output",0
49.85045,"/shooter/rpm",0
49.850456,"/shooter/output",0.1
49.85049,"/shooter/hasBall",true
49.850534,"/shooter/temperature",42
49.850715,"/climber/rightPos",0
49.869269,"/drivetrain/leftPos",0
49.869282,"/drivetrain/leftVelocity",0
49.869295,"/drivetrain/rightPos",0
49.869305,"/drivetrain/rightVelocity",0
49.86931,"/drivetrain/heading",-2.299999952316284
49.869314,"/drivetrain/headingVelocity",0.1220703050494194
49.869317,"/drivetrain/xAcceleration",0
49.86932,"/drivetrain/yAcceleration",0
49.869323,"/drivetrain/leftOutputLog",0
49.869327,"/drivetrain/rightOutputLog",-0
49.869514,"/intake/pos",0
49.869518,"/intake/output",0
49.869713,"/shooter/rpm",0
49.869717,"/shooter/output",0.1
49.869781,"/shooter/hasBall",true
49.869816,"/shooter/temperature",42
49.86999,"/climber/rightPos",0
49.889399,"/drivetrain/leftPos",0
49.889412,"/drivetrain/leftVelocity",0
49.889425,"/drivetrain/rightPos",0
49.889434,"/drivetrain/rightVelocity",0
49.889438,"/drivetrain/heading",-2.299999952316284
49.889442,"/drivetrain/headingVelocity",0
49.889445,"/drivetrain/xAcceleration",0
49.889448,"/drivetrain/yAcceleration",0
49.889451,"/drivetrain/leftOutputLog",0
49.889455,"/drivetrain/rightOutputLog",-0
49.88963,"/intake/pos",0
49.889634,"/intake/output",0
49.889793,"/shooter/rpm",0
49.889797,"/shooter/output",0.1
49.88982,"/shooter/hasBall",true
49.889851,"/shooter/temperature",42
49.890034,"/climber/rightPos",0
49.909433,"/drivetrain/leftPos",0
49.909445,"/drivetrain/leftVelocity",0
49.90946,"/drivetrain/rightPos",0
49.909469,"/drivetrain/rightVelocity",0
49.909474,"/drivetrain/heading",-2.299999952316284
49.909478,"/drivetrain/headingVelocity",0
49.909481,"/drivetrain/xAcceleration",0
49.909484,"/drivetrain/yAcceleration",0
49.909488,"/drivetrain/leftOutputLog",0
49.909491,"/drivetrain/rightOutputLog",-0
49.909878,"/intake/pos",0
49.909882,"/intake/output",0
49.910298,"/shooter/rpm",0
49.910302,"/shooter/output",0.1
49.910329,"/shooter/hasBall",true
49.910364,"/shooter/temperature",42
49.910685,"/climber/rightPos",0
49.929923,"/drivetrain/leftPos",0
49.929936,"/drivetrain/leftVelocity",0
49.929949,"/drivetrain/rightPos",0
49.929958,"/drivetrain/rightVelocity",0
49.929963,"/drivetrain/heading",-2.299999952316284
49.929966,"/drivetrain/headingVelocity",0
49.929969,"/drivetrain/xAcceleration",0
49.929973,"/drivetrain/yAcceleration",0
49.929976,"/drivetrain/leftOutputLog",0
49.929979,"/drivetrain/rightOutputLog",-0
49.930187,"/intake/pos",0
49.930191,"/intake/output",0
49.930367,"/shooter/rpm",0
49.930371,"/shooter/output",0.1
49.930395,"/shooter/hasBall",true
49.930428,"/shooter/temperature",42
49.930604,"/climber/rightPos",0
49.949242,"/drivetrain/leftPos",0
49.949255,"/drivetrain/leftVelocity",0
49.949267,"/drivetrain/rightPos",0
49.949278,"/drivetrain/rightVelocity",0
49.949282,"/drivetrain/heading",-2.299999952316284
49.949286,"/drivetrain/headingVelocity",0
49.949289,"/drivetrain/xAcceleration",0
49.949292,"/drivetrain/yAcceleration",0
49.949295,"/drivetrain/leftOutputLog",0
49.949299,"/drivetrain/rightOutputLog",-0
49.949466,"/intake/pos",0
49.94947,"/intake/output",0
49.949698,"/shooter/rpm",0
49.949737,"/shooter/output",0.1
49.949763,"/shooter/hasBall",true
49.949784,"/shooter/temperature",42
49.949957,"/climber/rightPos",0
49.970186,"/drivetrain/leftPos",0
49.970201,"/drivetrain/leftVelocity",0
49.970215,"/drivetrain/rightPos",0
49.970225,"/drivetrain/rightVelocity",0
49.970229,"/drivetrain/heading",-2.299999952316284
49.970233,"/drivetrain/headingVelocity",0
49.970236,"/drivetrain/xAcceleration",0
49.970239,"/drivetrain/yAcceleration",0
49.970243,"/drivetrain/leftOutputLog",0
49.970246,"/drivetrain/rightOutputLog",-0
49.970468,"/intake/pos",0
49.970472,"/intake/output",0
49.970685,"/shooter/rpm",0
49.970689,"/shooter/output",0.1
49.970713,"/shooter/hasBall",true
49.970738,"/shooter/temperature",42
49.970914,"/climber/rightPos",0
49.989318,"/drivetrain/leftPos",0
49.989332,"/drivetrain/leftVelocity",0
49.989346,"/drivetrain/rightPos",0
49.989356,"/drivetrain/rightVelocity",0
49.989361,"/drivetrain/heading",-2.299999952316284
49.989364,"/drivetrain/headingVelocity",0
49.989368,"/drivetrain/xAcceleration",0
49.989371,"/drivetrain/yAcceleration",0
49.989374,"/drivetrain/leftOutputLog",0
49.989377,"/drivetrain/rightOutputLog",-0
49.989578,"/intake/pos",0
49.989582,"/intake/output",0
49.989772,"/shooter/rpm",0
49.989776,"/shooter/output",0.1
49.9898,"/shooter/hasBall",true
49.989821,"/shooter/temperature",42
49.990005,"/climber/rightPos",0
50.010149,"/drivetrain/leftPos",0
50.010164,"/drivetrain/leftVelocity",0
50.010179,"/drivetrain/rightPos",0
50.010189,"/drivetrain/rightVelocity",0
50.010194,"/drivetrain/heading",-2.299999952316284
50.010197,"/drivetrain/headingVelocity",0
50.010201,"/drivetrain/xAcceleration",0
50.010286,"/drivetrain/yAcceleration",0
50.010293,"/drivetrain/leftOutputLog",0
50.010297,"/drivetrain/rightOutputLog",-0
50.010501,"/intake/pos",0
50.010505,"/intake/output",0
50.010685,"/shooter/rpm",0
50.010689,"/shooter/output",0.1
50.010713,"/shooter/hasBall",true
50.010733,"/shooter/temperature",42
50.010909,"/climber/rightPos",0
50.029195,"/drivetrain/leftPos",0
50.029208,"/drivetrain/leftVelocity",0
50.029345,"/drivetrain/rightPos",0
50.029357,"/drivetrain/rightVelocity",0
50.029362,"/drivetrain/heading",-2.299999952316284
50.029366,"/drivetrain/headingVelocity",0
50.029369,"/drivetrain/xAcceleration",0
50.029372,"/drivetrain/yAcceleration",0
50.029376,"/drivetrain/leftOutputLog",0
50.029379,"/drivetrain/rightOutputLog",-0
50.029634,"/intake/pos",0
50.029638,"/intake/output",0
50.029836,"/shooter/rpm",0
50.02984,"/shooter/output",0.1
50.029866,"/shooter/hasBall",true
50.029911,"/shooter/temperature",42
50.030154,"/climber/rightPos",0
50.04972,"/drivetrain/leftPos",0
50.049734,"/drivetrain/leftVelocity",0
50.049747,"/drivetrain/rightPos",0
50.049756,"/drivetrain/rightVelocity",0
50.049761,"/drivetrain/heading",-2.299999952316284
50.049764,"/drivetrain/headingVelocity",0
50.049767,"/drivetrain/xAcceleration",0
50.049771,"/drivetrain/yAcceleration",0
50.049774,"/drivetrain/leftOutputLog",0
50.049777,"/drivetrain/rightOutputLog",-0
50.050165,"/intake/pos",0
50.050169,"/intake/output",0
50.050411,"/shooter/rpm",0
50.050415,"/shooter/output",0.1
50.050443,"/shooter/hasBall",true
50.05049,"/shooter/temperature",42
50.050704,"/climber/rightPos",0
50.070361,"/drivetrain/leftPos",0
50.070376,"/drivetrain/leftVelocity",0
50.07039,"/drivetrain/rightPos",0
50.0704,"/drivetrain/rightVelocity",0
50.070404,"/drivetrain/heading",-2.299999952316284
50.070408,"/drivetrain/headingVelocity",0
50.070411,"/drivetrain/xAcceleration",0
50.070414,"/drivetrain/yAcceleration",0
50.070417,"/drivetrain/leftOutputLog",0
50.07042,"/drivetrain/rightOutputLog",-0
50.070648,"/intake/pos",0
50.070652,"/intake/output",0
50.070828,"/shooter/rpm",0
50.070832,"/shooter/output",0.1
50.070855,"/shooter/hasBall",true
50.070892,"/shooter/temperature",42
50.071064,"/climber/rightPos",0
50.089543,"/drivetrain/leftPos",0
50.089556,"/drivetrain/leftVelocity",0
50.089569,"/drivetrain/rightPos",0
50.089579,"/drivetrain/rightVelocity",0
50.089584,"/drivetrain/heading",-2.299999952316284
50.089587,"/drivetrain/headingVelocity",0
50.08959,"/drivetrain/xAcceleration",0
50.089594,"/drivetrain/yAcceleration",0
50.089597,"/drivetrain/leftOutputLog",0
50.0896,"/drivetrain/rightOutputLog",-0
50.089923,"/intake/pos",0
50.089994,"/intake/output",0
50.090298,"/shooter/rpm",0
50.090302,"/shooter/output",0.1
50.090331,"/shooter/hasBall",true
50.090398,"/shooter/temperature",42
50.090687,"/climber/rightPos",0
50.1096,"/drivetrain/leftPos",0
50.109614,"/drivetrain/leftVelocity",0
50.109627,"/drivetrain/rightPos",0
50.109637,"/drivetrain/rightVelocity",0
50.109642,"/drivetrain/heading",-2.299999952316284
50.109646,"/drivetrain/headingVelocity",0
50.109649,"/drivetrain/xAcceleration",0
50.109652,"/drivetrain/yAcceleration",0
50.109656,"/drivetrain/leftOutputLog",0
50.109659,"/drivetrain/rightOutputLog",-0
50.110216,"/intake/pos",0
50.11022,"/intake/output",0
50.110548,"/shooter/rpm",0
50.110552,"/shooter/output",0.1
50.110582,"/shooter/hasBall",true
50.110822,"/shooter/temperature",42
50.111003,"/climber/rightPos",0
50.129293,"/drivetrain/leftPos",0
50.12931,"/drivetrain/leftVelocity",0
50.129323,"/drivetrain/rightPos",0
50.129333,"/drivetrain/rightVelocity",0
50.129338,"/drivetrain/heading",-2.299999952316284
50.129341,"/drivetrain/headingVelocity",0
50.129345,"/drivetrain/xAcceleration",0
50.129348,"/drivetrain/yAcceleration",0
50.129352,"/drivetrain/leftOutputLog",0
50.129355,"/drivetrain/rightOutputLog",-0
50.129755,"/intake/pos",0
50.129759,"/intake/output",0
50.130265,"/shooter/rpm",0
50.130269,"/shooter/output",0.1
50.130381,"/shooter/hasBall",true
50.130428,"/shooter/temperature",42
50.130615,"/climber/rightPos",0
50.149313,"/drivetrain/leftPos",0
50.149326,"/drivetrain/leftVelocity",0
50.14934,"/drivetrain/rightPos",0
50.14935,"/drivetrain/rightVelocity",0
50.149355,"/drivetrain/heading",-2.299999952316284
50.149358,"/drivetrain/headingVelocity",0
50.149362,"/drivetrain/xAcceleration",0
50.149365,"/drivetrain/yAcceleration",0
50.149368,"/drivetrain/leftOutputLog",0
50.149371,"/drivetrain/rightOutputLog",-0
50.149596,"/intake/pos",0
50.1496,"/intake/output",0
50.149789,"/shooter/rpm",0
50.149836,"/shooter/output",0.1
50.149864,"/shooter/hasBall",true
50.1499,"/shooter/temperature",42
50.150076,"/climber/rightPos",0
50.170416,"/drivetrain/leftPos",0
50.17043,"/drivetrain/leftVelocity",0
50.170443,"/drivetrain/rightPos",0
50.170453,"/drivetrain/rightVelocity",0
50.170457,"/drivetrain/heading",-2.299999952316284
50.170461,"/drivetrain/headingVelocity",0
50.170464,"/drivetrain/xAcceleration",0
50.170467,"/drivetrain/yAcceleration",0
50.170471,"/drivetrain/leftOutputLog",0
50.170474,"/drivetrain/rightOutputLog",-0
50.170686,"/intake/pos",0
50.170881,"/intake/output",0
50.171073,"/shooter/rpm",0
50.171077,"/shooter/output",0.1
50.171202,"/shooter/hasBall",true
50.171241,"/shooter/temperature",42
50.171554,"/climber/rightPos",0
50.18926,"/drivetrain/leftPos",0
50.189275,"/drivetrain/leftVelocity",0
50.189289,"/drivetrain/rightPos",0
50.189299,"/drivetrain/rightVelocity",0
50.189304,"/drivetrain/heading",-2.299999952316284
50.189308,"/drivetrain/headingVelocity",0
50.189311,"/drivetrain/xAcceleration",0
50.189314,"/drivetrain/yAcceleration",0
50.189317,"/drivetrain/leftOutputLog",0
50.189321,"/drivetrain/rightOutputLog",-0
50.189796,"/intake/pos",0
50.1898,"/intake/output",0
50.190194,"/shooter/rpm",0
50.190198,"/shooter/output",0.1
50.190224,"/shooter/hasBall",true
50.190246,"/shooter/temperature",42
50.190395,"/climber/rightPos",0
50.209923,"/drivetrain/leftPos",0
50.209937,"/drivetrain/leftVelocity",0
50.209949,"/drivetrain/rightPos",0
50.209959,"/drivetrain/rightVelocity",0
50.209963,"/drivetrain/heading",-2.299999952316284
50.209967,"/drivetrain/headingVelocity",0
50.20997,"/drivetrain/xAcceleration",0
50.209973,"/drivetrain/yAcceleration",0
50.209977,"/drivetrain/leftOutputLog",0
50.20998,"/drivetrain/rightOutputLog",-0
50.210381,"/intake/pos",0
50.210385,"/intake/output",0
50.21058,"/shooter/rpm",0
50.210583,"/shooter/output",0.1
50.210609,"/shooter/hasBall",true
50.210635,"/shooter/temperature",42
50.21078,"/climber/rightPos",0
50.230248,"/drivetrain/leftPos",0
50.230262,"/drivetrain/leftVelocity",0
50.230276,"/drivetrain/rightPos",0
50.230286,"/drivetrain/rightVelocity",0
50.230291,"/drivetrain/heading",-2.299999952316284
50.230294,"/drivetrain/headingVelocity",0
50.230298,"/drivetrain/xAcceleration",0
50.230301,"/drivetrain/yAcceleration",0
50.230304,"/drivetrain/leftOutputLog",0
50.230308,"/drivetrain/rightOutputLog",-0
50.230522,"/intake/pos",0
50.230526,"/intake/output",0
50.230708,"/shooter/rpm",0
50.230712,"/shooter/output",0.1
50.230736,"/shooter/hasBall",true
50.230757,"/shooter/temperature",42
50.230937,"/climber/rightPos",0
50.250611,"/drivetrain/leftPos",0
50.250624,"/drivetrain/leftVelocity",0
50.250637,"/drivetrain/rightPos",0
50.250646,"/drivetrain/rightVelocity",0
50.250651,"/drivetrain/heading",-2.299999952316284
50.250654,"/drivetrain/headingVelocity",0
50.250658,"/drivetrain/xAcceleration",0
50.250661,"/drivetrain/yAcceleration",0
50.250664,"/drivetrain/leftOutputLog",0
50.250668,"/drivetrain/rightOutputLog",-0
50.250849,"/intake/pos",0
50.250853,"/intake/output",0
50.251054,"/shooter/rpm",0
50.251058,"/shooter/output",0.1
50.251124,"/shooter/hasBall",true
50.251151,"/shooter/temperature",42
50.251287,"/climber/rightPos",0
50.269615,"/drivetrain/leftPos",0
50.269628,"/drivetrain/leftVelocity",0
50.269643,"/drivetrain/rightPos",0
50.269652,"/drivetrain/rightVelocity",0
50.269656,"/drivetrain/heading",-2.299999952316284
50.26966,"/drivetrain/headingVelocity",0
50.269663,"/drivetrain/xAcceleration",0
50.269667,"/drivetrain/yAcceleration",0
50.26967,"/drivetrain/leftOutputLog",0
50.269673,"/drivetrain/rightOutputLog",-0
50.269892,"/intake/pos",0
50.269895,"/intake/output",0
50.270232,"/shooter/rpm",0
50.270236,"/shooter/output",0.1
50.270267,"/shooter/hasBall",true
50.270315,"/shooter/temperature",42
50.270531,"/climber/rightPos",0
50.290624,"/drivetrain/leftPos",0
50.290638,"/drivetrain/leftVelocity",0
50.290651,"/drivetrain/rightPos",0
50.29066,"/drivetrain/rightVelocity",0
50.290665,"/drivetrain/heading",-2.299999952316284
50.290668,"/drivetrain/headingVelocity",0
50.290671,"/drivetrain/xAcceleration",0
50.290675,"/drivetrain/yAcceleration",-0.003000000026077032
50.290678,"/drivetrain/leftOutputLog",0
50.290681,"/drivetrain/rightOutputLog",-0
50.290949,"/intake/pos",0
50.290953,"/intake/output",0
50.291181,"/shooter/rpm",0
50.291185,"/shooter/output",0.1
50.291209,"/shooter/hasBall",true
50.291246,"/shooter/temperature",42
50.291386,"/climber/rightPos",0
50.309212,"/drivetrain/leftPos",0
50.309224,"/drivetrain/leftVelocity",0
50.309237,"/drivetrain/rightPos",0
50.309247,"/drivetrain/rightVelocity",0
50.309251,"/drivetrain/heading",-2.299999952316284
50.309255,"/drivetrain/headingVelocity",0
50.309258,"/drivetrain/xAcceleration",0
50.309261,"/drivetrain/yAcceleration",0
50.309264,"/drivetrain/leftOutputLog",0
50.309268,"/drivetrain/rightOutputLog",-0
50.309427,"/intake/pos",0
50.309431,"/intake/output",0
50.309579,"/shooter/rpm",0
50.309583,"/shooter/output",0.1
50.309606,"/shooter/hasBall",true
50.309644,"/shooter/temperature",42
50.309816,"/climber/rightPos",0
50.329502,"/drivetrain/leftPos",0
50.329515,"/drivetrain/leftVelocity",0
50.32953,"/drivetrain/rightPos",0
50.329541,"/drivetrain/rightVelocity",0
50.329546,"/drivetrain/heading",-2.299999952316284
50.32955,"/drivetrain/headingVelocity",0
50.329553,"/drivetrain/xAcceleration",0
50.329556,"/drivetrain/yAcceleration",0
50.32956,"/drivetrain/leftOutputLog",0
50.329563,"/drivetrain/rightOutputLog",-0
50.330023,"/intake/pos",0
50.330027,"/intake/output",0
50.330347,"/shooter/rpm",0
50.330351,"/shooter/output",0.1
50.330379,"/shooter/hasBall",true
50.330764,"/shooter/temperature",42
50.330946,"/climber/rightPos",0
50.349218,"/drivetrain/leftPos",0
50.349234,"/drivetrain/leftVelocity",0
50.349249,"/drivetrain/rightPos",0
50.34926,"/drivetrain/rightVelocity",0
50.349265,"/drivetrain/heading",-2.299999952316284
50.349269,"/drivetrain/headingVelocity",0
50.349272,"/drivetrain/xAcceleration",0
50.349275,"/drivetrain/yAcceleration",0
50.349279,"/drivetrain/leftOutputLog",0
50.349282,"/drivetrain/rightOutputLog",-0
50.349964,"/intake/pos",0
50.349968,"/intake/output",0
50.350337,"/shooter/rpm",0
50.350342,"/shooter/output",0.1
50.350387,"/shooter/hasBall",true
50.350431,"/shooter/temperature",42
50.351094,"/climber/rightPos",0
50.369682,"/drivetrain/leftPos",0
50.369698,"/drivetrain/leftVelocity",0
50.369712,"/drivetrain/rightPos",0
50.369722,"/drivetrain/rightVelocity",0
50.369727,"/drivetrain/heading",-2.299999952316284
50.36973,"/drivetrain/headingVelocity",0
50.369733,"/drivetrain/xAcceleration",0
50.369737,"/drivetrain/yAcceleration",0
50.36974,"/drivetrain/leftOutputLog",0
50.369743,"/drivetrain/rightOutputLog",-0
50.370129,"/intake/pos",0
50.370133,"/intake/output",0
50.370545,"/shooter/rpm",0
50.370549,"/shooter/output",0.1
50.370574,"/shooter/hasBall",true
50.370607,"/shooter/temperature",42
50.37082,"/climber/rightPos",0
50.390949,"/drivetrain/leftPos",0
50.390986,"/drivetrain/leftVelocity",0
50.391006,"/drivetrain/rightPos",0
50.391018,"/drivetrain/rightVelocity",0
50.391023,"/drivetrain/heading",-2.299999952316284
50.391026,"/drivetrain/headingVelocity",0
50.391029,"/drivetrain/xAcceleration",0
50.391032,"/drivetrain/yAcceleration",-0.003000000026077032
50.391036,"/drivetrain/leftOutputLog",0
50.391039,"/drivetrain/rightOutputLog",-0
50.391321,"/intake/pos",0
50.391325,"/intake/output",0
50.391524,"/shooter/rpm",0
50.391528,"/shooter/output",0.1
50.391593,"/shooter/hasBall",true
50.39163,"/shooter/temperature",42
50.391796,"/climber/rightPos",0
50.409984,"/drivetrain/leftPos",0
50.409999,"/drivetrain/leftVelocity",0
50.410012,"/drivetrain/rightPos",0
50.410022,"/drivetrain/rightVelocity",0
50.410027,"/drivetrain/heading",-2.299999952316284
50.410031,"/drivetrain/headingVelocity",0
50.410034,"/drivetrain/xAcceleration",0
50.410037,"/drivetrain/yAcceleration",0
50.41004,"/drivetrain/leftOutputLog",0
50.410044,"/drivetrain/rightOutputLog",-0
50.410678,"/intake/pos",0
50.410682,"/intake/output",0
50.410851,"/shooter/rpm",0
50.410855,"/shooter/output",0.1
50.410879,"/shooter/hasBall",true
50.410913,"/shooter/temperature",42
50.411063,"/climber/rightPos",0
50.430445,"/drivetrain/leftPos",0
50.43046,"/drivetrain/leftVelocity",0
50.430474,"/drivetrain/rightPos",0
50.430485,"/drivetrain/rightVelocity",0
50.43049,"/drivetrain/heading",-2.299999952316284
50.430494,"/drivetrain/headingVelocity",0
50.430497,"/drivetrain/xAcceleration",0
50.4305,"/drivetrain/yAcceleration",0
50.430504,"/drivetrain/leftOutputLog",0
50.430507,"/drivetrain/rightOutputLog",-0
50.431235,"/intake/pos",0
50.431239,"/intake/output",0
50.431794,"/shooter/rpm",0
50.431798,"/shooter/output",0.1
50.431826,"/shooter/hasBall",true
50.431854,"/shooter/temperature",42
50.432003,"/climber/rightPos",0
50.449256,"/drivetrain/leftPos",0
50.44927,"/drivetrain/leftVelocity",0
50.449283,"/drivetrain/rightPos",0
50.449293,"/drivetrain/rightVelocity",0
50.449297,"/drivetrain/heading",-2.299999952316284
50.449301,"/drivetrain/headingVelocity",0
50.449304,"/drivetrain/xAcceleration",0
50.449308,"/drivetrain/yAcceleration",0
50.449311,"/drivetrain/leftOutputLog",0
50.449314,"/drivetrain/rightOutputLog",-0
50.449478,"/intake/pos",0
50.449482,"/intake/output",0
50.449627,"/shooter/rpm",0
50.449631,"/shooter/output",0.1
50.449653,"/shooter/hasBall",true
50.449673,"/shooter/temperature",42
50.449834,"/climber/rightPos",0
50.469901,"/drivetrain/leftPos",0
50.469915,"/drivetrain/leftVelocity",0
50.469929,"/drivetrain/rightPos",0
50.469939,"/drivetrain/rightVelocity",0
50.469944,"/drivetrain/heading",-2.299999952316284
50.469948,"/drivetrain/headingVelocity",0
50.469951,"/drivetrain/xAcceleration",0
50.469954,"/drivetrain/yAcceleration",0
50.469958,"/drivetrain/leftOutputLog",0
50.469961,"/drivetrain/rightOutputLog",-0
50.470196,"/intake/pos",0
50.4702,"/intake/output",0
50.47052,"/shooter/rpm",0
50.470524,"/shooter/output",0.1
50.47055,"/shooter/hasBall",true
50.47057,"/shooter/temperature",42
50.470722,"/climber/rightPos",0
50.490181,"/drivetrain/leftPos",0
50.490195,"/drivetrain/leftVelocity",0
50.490208,"/drivetrain/rightPos",0
50.490218,"/drivetrain/rightVelocity",0
50.490222,"/drivetrain/heading",-2.2899999618530273
50.490226,"/drivetrain/headingVelocity",0
50.490229,"/drivetrain/xAcceleration",0
50.490232,"/drivetrain/yAcceleration",0
50.490236,"/drivetrain/leftOutputLog",0
50.490239,"/drivetrain/rightOutputLog",-0
50.490428,"/intake/pos",0
50.490432,"/intake/output",0
50.490644,"/shooter/rpm",0
50.490648,"/shooter/output",0.1
50.490673,"/shooter/hasBall",true
50.490711,"/shooter/temperature",42
50.490883,"/climber/rightPos",0
50.50921,"/drivetrain/leftPos",0
50.509224,"/drivetrain/leftVelocity",0
50.509237,"/drivetrain/rightPos",0
50.509247,"/drivetrain/rightVelocity",0
50.509252,"/drivetrain/heading",-2.2899999618530273
50.509256,"/drivetrain/headingVelocity",0
50.509259,"/drivetrain/xAcceleration",0
50.509262,"/drivetrain/yAcceleration",0
50.509265,"/drivetrain/leftOutputLog",0
50.509269,"/drivetrain/rightOutputLog",-0
50.50943,"/intake/pos",0
50.509434,"/intake/output",0
50.509582,"/shooter/rpm",0
50.509586,"/shooter/output",0.1
50.509608,"/shooter/hasBall",true
50.509646,"/shooter/temperature",42
50.509809,"/climber/rightPos",0
50.529206,"/drivetrain/leftPos",0
50.529219,"/drivetrain/leftVelocity",0
50.529232,"/drivetrain/rightPos",0
50.529242,"/drivetrain/rightVelocity",0
50.529247,"/drivetrain/heading",-2.2899999618530273
50.52925,"/drivetrain/headingVelocity",0
50.529254,"/drivetrain/xAcceleration",0
50.529257,"/drivetrain/yAcceleration",0
50.52926,"/drivetrain/leftOutputLog",0
50.529263,"/drivetrain/rightOutputLog",-0
50.529426,"/intake/pos",0
50.52943,"/intake/output",0
50.52959,"/shooter/rpm",0
50.529594,"/shooter/output",0.1
50.529622,"/shooter/hasBall",true
50.529661,"/shooter/temperature",42
50.529799,"/climber/rightPos",0
50.549205,"/drivetrain/leftPos",0
50.549217,"/drivetrain/leftVelocity",0
50.54923,"/drivetrain/rightPos",0
50.54924,"/drivetrain/rightVelocity",0
50.549244,"/drivetrain/heading",-2.2899999618530273
50.549248,"/drivetrain/headingVelocity",0
50.549251,"/drivetrain/xAcceleration",0
50.549254,"/drivetrain/yAcceleration",-0.003000000026077032
50.549257,"/drivetrain/leftOutputLog",0
50.54926,"/drivetrain/rightOutputLog",-0
50.549424,"/intake/pos",0
50.549428,"/intake/output",0
50.549983,"/shooter/rpm",0
50.549987,"/shooter/output",0.1
50.550015,"/shooter/hasBall",true
50.550057,"/shooter/temperature",42
50.550321,"/climber/rightPos",0
50.569617,"/drivetrain/leftPos",0
50.56963,"/drivetrain/leftVelocity",0
50.569789,"/drivetrain/rightPos",0
50.569808,"/drivetrain/rightVelocity",0
50.569813,"/drivetrain/heading",-2.2899999618530273
50.569817,"/drivetrain/headingVelocity",0
50.56982,"/drivetrain/xAcceleration",0
50.569823,"/drivetrain/yAcceleration",-0.003000000026077032
50.569993,"/drivetrain/leftOutputLog",0
50.569996,"/drivetrain/rightOutputLog",-0
50.570225,"/intake/pos",0
50.570229,"/intake/output",0
50.570425,"/shooter/rpm",0
50.570429,"/shooter/output",0.1
50.570507,"/shooter/hasBall",true
50.570551,"/shooter/temperature",42
50.570724,"/climber/rightPos",0
50.590297,"/drivetrain/leftPos",0
50.59031,"/drivetrain/leftVelocity",0
50.590324,"/drivetrain/rightPos",0
50.590334,"/drivetrain/rightVelocity",0
50.590339,"/drivetrain/heading",-2.2899999618530273
50.590342,"/drivetrain/headingVelocity",0
50.590346,"/drivetrain/xAcceleration",0
50.590349,"/drivetrain/yAcceleration",0
50.590352,"/drivetrain/leftOutputLog",0
50.590356,"/drivetrain/rightOutputLog",-0
50.590533,"/intake/pos",0
50.590537,"/intake/output",0
50.590786,"/shooter/rpm",0
50.59079,"/shooter/output",0.1
50.590815,"/shooter/hasBall",true
50.590848,"/shooter/temperature",42
50.590989,"/climber/rightPos",0
50.610195,"/drivetrain/leftPos",0
50.610209,"/drivetrain/leftVelocity",0
50.610223,"/drivetrain/rightPos",0
50.610233,"/drivetrain/rightVelocity",0
50.610238,"/drivetrain/heading",-2.2899999618530273
50.610241,"/drivetrain/headingVelocity",0
50.610245,"/drivetrain/xAcceleration",0
50.610248,"/drivetrain/yAcceleration",0
50.610251,"/drivetrain/leftOutputLog",0
50.610255,"/drivetrain/rightOutputLog",-0
50.610435,"/intake/pos",0
50.610439,"/intake/output",0
50.610686,"/shooter/rpm",0
50.61069,"/shooter/output",0.1
50.61072,"/shooter/hasBall",true
50.610756,"/shooter/temperature",42
50.610999,"/climber/rightPos",0
50.629247,"/drivetrain/leftPos",0
50.629259,"/drivetrain/leftVelocity",0
50.629272,"/drivetrain/rightPos",0
50.629283,"/drivetrain/rightVelocity",0
50.629287,"/drivetrain/heading",-2.2899999618530273
50.62929,"/drivetrain/headingVelocity",0
50.629294,"/drivetrain/xAcceleration",0
50.629297,"/drivetrain/yAcceleration",0
50.6293,"/drivetrain/leftOutputLog",0
50.629303,"/drivetrain/rightOutputLog",-0
50.629476,"/intake/pos",0
50.629525,"/intake/output",0
50.629679,"/shooter/rpm",0
50.629683,"/shooter/output",0.1
50.629705,"/shooter/hasBall",true
50.629725,"/shooter/temperature",42
50.629895,"/climber/rightPos",0
50.64932,"/drivetrain/leftPos",0
50.649334,"/drivetrain/leftVelocity",0
50.649347,"/drivetrain/rightPos",0
50.649356,"/drivetrain/rightVelocity",0
50.649361,"/drivetrain/heading",-2.2899999618530273
50.649364,"/drivetrain/headingVelocity",0
50.649368,"/drivetrain/xAcceleration",0
50.649371,"/drivetrain/yAcceleration",0
50.649374,"/drivetrain/leftOutputLog",0
50.649377,"/drivetrain/rightOutputLog",-0
50.649593,"/intake/pos",0
50.649597,"/intake/output",0
50.650095,"/shooter/rpm",0
50.650099,"/shooter/output",0.1
50.650128,"/shooter/hasBall",true
50.650165,"/shooter/temperature",42
50.650339,"/climber/rightPos",0
50.670075,"/drivetrain/leftPos",0
50.670087,"/drivetrain/leftVelocity",0
50.670101,"/drivetrain/rightPos",0
50.670112,"/drivetrain/rightVelocity",0
50.670118,"/drivetrain/heading",-2.2899999618530273
50.670121,"/drivetrain/headingVelocity",0
50.670125,"/drivetrain/xAcceleration",0
50.670128,"/drivetrain/yAcceleration",0
50.670131,"/drivetrain/leftOutputLog",0
50.670135,"/drivetrain/rightOutputLog",-0
50.670495,"/intake/pos",0
50.670501,"/intake/output",0
50.670713,"/shooter/rpm",0
50.670718,"/shooter/output",0.1
50.670742,"/shooter/hasBall",true
50.670767,"/shooter/temperature",42
50.670923,"/climber/rightPos",0
50.690285,"/drivetrain/leftPos",0
50.690301,"/drivetrain/leftVelocity",0
50.690316,"/drivetrain/rightPos",0
50.690325,"/drivetrain/rightVelocity",0
50.69033,"/drivetrain/heading",-2.2899999618530273
50.690334,"/drivetrain/headingVelocity",0
50.690337,"/drivetrain/xAcceleration",0
50.690341,"/drivetrain/yAcceleration",0
50.690344,"/drivetrain/leftOutputLog",0
50.690347,"/drivetrain/rightOutputLog",-0
50.691255,"/intake/pos",0
50.69126,"/intake/output",0
50.691607,"/shooter/rpm",0
50.691611,"/shooter/output",0.1
50.691644,"/shooter/hasBall",true
50.691666,"/shooter/temperature",42
50.692038,"/climber/rightPos",0
50.709892,"/drivetrain/leftPos",0
50.709905,"/drivetrain/leftVelocity",0
50.70992,"/drivetrain/rightPos",0
50.70993,"/drivetrain/rightVelocity",0
50.709935,"/drivetrain/heading",-2.2899999618530273
50.709938,"/drivetrain/headingVelocity",0
50.709941,"/drivetrain/xAcceleration",0
50.709945,"/drivetrain/yAcceleration",0
50.709948,"/drivetrain/leftOutputLog",0
50.709951,"/drivetrain/rightOutputLog",-0
50.710623,"/intake/pos",0
50.710627,"/intake/output",0
50.710835,"/shooter/rpm",0
50.71084,"/shooter/output",0.1
50.710864,"/shooter/hasBall",true
50.710886,"/shooter/temperature",42
50.711123,"/climber/rightPos",0
50.729227,"/drivetrain/leftPos",0
50.729241,"/drivetrain/leftVelocity",0
50.729253,"/drivetrain/rightPos",0
50.729263,"/drivetrain/rightVelocity",0
50.729267,"/drivetrain/heading",-2.2899999618530273
50.729271,"/drivetrain/headingVelocity",0
50.729274,"/drivetrain/xAcceleration",0
50.729277,"/drivetrain/yAcceleration",0
50.729281,"/drivetrain/leftOutputLog",0
50.729284,"/drivetrain/rightOutputLog",-0
50.729838,"/intake/pos",0
50.729842,"/intake/output",0
50.730155,"/shooter/rpm",0
50.730159,"/shooter/output",0.1
50.730186,"/shooter/hasBall",true
50.730227,"/shooter/temperature",42
50.730742,"/climber/rightPos",0
50.749196,"/drivetrain/leftPos",0
50.749209,"/drivetrain/leftVelocity",0
50.749221,"/drivetrain/rightPos",0
50.749232,"/drivetrain/rightVelocity",0
50.749236,"/drivetrain/heading",-2.2899999618530273
50.74924,"/drivetrain/headingVelocity",0
50.749243,"/drivetrain/xAcceleration",0
50.749247,"/drivetrain/yAcceleration",0
50.74925,"/drivetrain/leftOutputLog",0
50.749253,"/drivetrain/rightOutputLog",-0
50.749422,"/intake/pos",0
50.749426,"/intake/output",0
50.749642,"/shooter/rpm",0
50.749646,"/shooter/output",0.1
50.749673,"/shooter/hasBall",true
50.750021,"/shooter/temperature",42
50.750332,"/climber/rightPos",0
50.769446,"/drivetrain/leftPos",0
50.76946,"/drivetrain/leftVelocity",0
50.769475,"/drivetrain/rightPos",0
50.769485,"/drivetrain/rightVelocity",0
50.769489,"/drivetrain/heading",-2.2899999618530273
50.769493,"/drivetrain/headingVelocity",0
50.769496,"/drivetrain/xAcceleration",0
50.769499,"/drivetrain/yAcceleration",0
50.769502,"/drivetrain/leftOutputLog",0
50.769506,"/drivetrain/rightOutputLog",-0
50.769941,"/intake/pos",0
50.769945,"/intake/output",0
50.770365,"/shooter/rpm",0
50.770369,"/shooter/output",0.1
50.770396,"/shooter/hasBall",true
50.770435,"/shooter/temperature",42
50.770761,"/climber/rightPos",0
50.789978,"/drivetrain/leftPos",0
50.789992,"/drivetrain/leftVelocity",0
50.790005,"/drivetrain/rightPos",0
50.790015,"/drivetrain/rightVelocity",0
50.79002,"/drivetrain/heading",-2.2899999618530273
50.790024,"/drivetrain/headingVelocity",-0.0610351525247097
50.790027,"/drivetrain/xAcceleration",0
50.79003,"/drivetrain/yAcceleration",0
50.790034,"/drivetrain/leftOutputLog",0
50.790037,"/drivetrain/rightOutputLog",-0
50.79024,"/intake/pos",0
50.790244,"/intake/output",0
50.790438,"/shooter/rpm",0
50.790442,"/shooter/output",0.1
50.790467,"/shooter/hasBall",true
50.790506,"/shooter/temperature",42
50.7907,"/climber/rightPos",0
50.809542,"/drivetrain/leftPos",0
50.809557,"/drivetrain/leftVelocity",0
50.809571,"/drivetrain/rightPos",0
50.80958,"/drivetrain/rightVelocity",0
50.809585,"/drivetrain/heading",-2.2799999713897705
50.80959,"/drivetrain/headingVelocity",-0.1220703050494194
50.809593,"/drivetrain/xAcceleration",0
50.809596,"/drivetrain/yAcceleration",-0.003000000026077032
50.8096,"/drivetrain/leftOutputLog",0
50.809603,"/drivetrain/rightOutputLog",-0
50.809824,"/intake/pos",0
50.809828,"/intake/output",0
50.810653,"/shooter/rpm",0
50.810661,"/shooter/output",0.1
50.810694,"/shooter/hasBall",true
50.810738,"/shooter/temperature",42
50.810932,"/climber/rightPos",0
50.829854,"/drivetrain/leftPos",0
50.829867,"/drivetrain/leftVelocity",0
50.829882,"/drivetrain/rightPos",0
50.829891,"/drivetrain/rightVelocity",0
50.829896,"/drivetrain/heading",-2.2799999713897705
50.829899,"/drivetrain/headingVelocity",-0.0610351525247097
50.829903,"/drivetrain/xAcceleration",0
50.829906,"/drivetrain/yAcceleration",-0.003000000026077032
50.829909,"/drivetrain/leftOutputLog",0
50.829912,"/drivetrain/rightOutputLog",-0
50.830529,"/intake/pos",0
50.830533,"/intake/output",0
50.830866,"/shooter/rpm",0
50.83087,"/shooter/output",0.1
50.830895,"/shooter/hasBall",true
50.830929,"/shooter/temperature",42
50.831128,"/climber/rightPos",0
50.849556,"/drivetrain/leftPos",0
50.84957,"/drivetrain/leftVelocity",0
50.849583,"/drivetrain/rightPos",0
50.849593,"/drivetrain/rightVelocity",0
50.849597,"/drivetrain/heading",-2.2799999713897705
50.849601,"/drivetrain/headingVelocity",-0.0610351525247097
50.849604,"/drivetrain/xAcceleration",0
50.849607,"/drivetrain/yAcceleration",0
50.849611,"/drivetrain/leftOutputLog",0
50.849614,"/drivetrain/rightOutputLog",-0
50.849783,"/intake/pos",0
50.849787,"/intake/output",0
50.850111,"/shooter/rpm",0
50.850114,"/shooter/output",0.1
50.850143,"/shooter/hasBall",true
50.850167,"/shooter/temperature",42
50.850468,"/climber/rightPos",0
50.870125,"/drivetrain/leftPos",0
50.870139,"/drivetrain/leftVelocity",0
50.870153,"/drivetrain/rightPos",0
50.870162,"/drivetrain/rightVelocity",0
50.870167,"/drivetrain/heading",-2.2799999713897705
50.87017,"/drivetrain/headingVelocity",0
50.870174,"/drivetrain/xAcceleration",0
50.870177,"/drivetrain/yAcceleration",0
50.87018,"/drivetrain/leftOutputLog",0
50.870183,"/drivetrain/rightOutputLog",-0
50.87038,"/intake/pos",0
50.870383,"/intake/output",0
50.870781,"/shooter/rpm",0
50.870784,"/shooter/output",0.1
50.87081,"/shooter/hasBall",true
50.870843,"/shooter/temperature",42
50.871084,"/climber/rightPos",0
50.890559,"/drivetrain/leftPos",0
50.890571,"/drivetrain/leftVelocity",0
50.890586,"/drivetrain/rightPos",0
50.890595,"/drivetrain/rightVelocity",0
50.8906,"/drivetrain/heading",-2.2799999713897705
50.890604,"/drivetrain/headingVelocity",0
50.890607,"/drivetrain/xAcceleration",0
50.89061,"/drivetrain/yAcceleration",0
50.890613,"/drivetrain/leftOutputLog",0
50.890617,"/drivetrain/rightOutputLog",-0
50.890861,"/intake/pos",0
50.890865,"/intake/output",0
50.891046,"/shooter/rpm",0
50.89105,"/shooter/output",0.1
50.891073,"/shooter/hasBall",true
50.891106,"/shooter/temperature",42
50.891285,"/climber/rightPos",0
50.910231,"/drivetrain/leftPos",0
50.910244,"/drivetrain/leftVelocity",0
50.910257,"/drivetrain/rightPos",0
50.910267,"/drivetrain/rightVelocity",0
50.910272,"/drivetrain/heading",-2.2799999713897705
50.910275,"/drivetrain/headingVelocity",0.0610351525247097
50.910279,"/drivetrain/xAcceleration",0
50.910282,"/drivetrain/yAcceleration",0
50.910285,"/drivetrain/leftOutputLog",0
50.910288,"/drivetrain/rightOutputLog",-0
50.910498,"/intake/pos",0
50.910502,"/intake/output",0
50.910674,"/shooter/rpm",0
50.910678,"/shooter/output",0.1
50.910702,"/shooter/hasBall",true
50.910723,"/shooter/temperature",42
50.910899,"/climber/rightPos",0
50.929193,"/drivetrain/leftPos",0
50.929206,"/drivetrain/leftVelocity",0
50.929219,"/drivetrain/rightPos",0
50.929228,"/drivetrain/rightVelocity",0
50.929233,"/drivetrain/heading",-2.2799999713897705
50.929236,"/drivetrain/headingVelocity",0
50.92924,"/drivetrain/xAcceleration",0
50.929243,"/drivetrain/yAcceleration",0
50.929246,"/drivetrain/leftOutputLog",0
50.929249,"/drivetrain/rightOutputLog",-0
50.929414,"/intake/pos",0
50.929418,"/intake/output",0
50.92962,"/shooter/rpm",0
50.929624,"/shooter/output",0.1
50.929645,"/shooter/hasBall",true
50.929718,"/shooter/temperature",42
50.92989,"/climber/rightPos",0
50.950157,"/drivetrain/leftPos",0
50.95017,"/drivetrain/leftVelocity",0
50.950183,"/drivetrain/rightPos",0
50.950193,"/drivetrain/rightVelocity",0
50.950197,"/drivetrain/heading",-2.2799999713897705
50.950201,"/drivetrain/headingVelocity",0
50.950204,"/drivetrain/xAcceleration",0
50.950207,"/drivetrain/yAcceleration",0
50.950211,"/drivetrain/leftOutputLog",0
50.950214,"/drivetrain/rightOutputLog",-0
50.950441,"/intake/pos",0
50.950444,"/intake/output",0
50.950705,"/shooter/rpm",0
50.950709,"/shooter/output",0.1
50.95074,"/shooter/hasBall",true
50.950763,"/shooter/temperature",42
50.950979,"/climber/rightPos",0
50.969891,"/drivetrain/leftPos",0
50.969905,"/drivetrain/leftVelocity",0
50.969918,"/drivetrain/rightPos",0
50.969928,"/drivetrain/rightVelocity",0
50.969934,"/drivetrain/heading",-2.2799999713897705
50.969938,"/drivetrain/headingVelocity",0
50.969941,"/drivetrain/xAcceleration",0
50.969945,"/drivetrain/yAcceleration",0
50.969948,"/drivetrain/leftOutputLog",0
50.969952,"/drivetrain/rightOutputLog",-0
50.970263,"/intake/pos",0
50.970267,"/intake/output",0
50.970508,"/shooter/rpm",0
50.970512,"/shooter/output",0.1
50.970537,"/shooter/hasBall",true
50.970558,"/shooter/temperature",42
50.9707,"/climber/rightPos",0
50.989556,"/drivetrain/leftPos",0
50.989569,"/drivetrain/leftVelocity",0
50.989582,"/drivetrain/rightPos",0
50.989592,"/drivetrain/rightVelocity",0
50.989596,"/drivetrain/heading",-2.2799999713897705
50.9896,"/drivetrain/headingVelocity",0
50.989603,"/drivetrain/xAcceleration",0
50.989606,"/drivetrain/yAcceleration",0
50.989609,"/drivetrain/leftOutputLog",0
50.989613,"/drivetrain/rightOutputLog",-0
50.989817,"/intake/pos",0
50.98982,"/intake/output",0
50.990022,"/shooter/rpm",0
50.990026,"/shooter/output",0.1
50.990051,"/shooter/hasBall",true
50.990091,"/shooter/temperature",42
50.990278,"/climber/rightPos",0
51.00965,"/drivetrain/leftPos",0
51.009664,"/drivetrain/leftVelocity",0
51.009678,"/drivetrain/rightPos",0
51.009688,"/drivetrain/rightVelocity",0
51.009693,"/drivetrain/heading",-2.2799999713897705
51.009697,"/drivetrain/headingVelocity",-0.0610351525247097
51.009701,"/drivetrain/xAcceleration",0
51.009704,"/drivetrain/yAcceleration",-0.003000000026077032
51.009707,"/drivetrain/leftOutputLog",0
51.009711,"/drivetrain/rightOutputLog",-0
51.009911,"/intake/pos",0
51.009915,"/intake/output",0
51.010278,"/shooter/rpm",0
51.010282,"/shooter/output",0.1
51.010309,"/shooter/hasBall",true
51.010356,"/shooter/temperature",42
51.01054,"/climber/rightPos",0
51.029599,"/drivetrain/leftPos",0
51.029612,"/drivetrain/leftVelocity",0
51.029626,"/drivetrain/rightPos",0
51.029637,"/drivetrain/rightVelocity",0
51.029641,"/drivetrain/heading",-2.2699999809265137
51.029645,"/drivetrain/headingVelocity",-0.0610351525247097
51.029648,"/drivetrain/xAcceleration",0
51.029651,"/drivetrain/yAcceleration",0
51.029654,"/drivetrain/leftOutputLog",0
51.029658,"/drivetrain/rightOutputLog",-0
51.029855,"/intake/pos",0
51.029859,"/intake/output",0
51.030062,"/shooter/rpm",0
51.030066,"/shooter/output",0.1
51.03009,"/shooter/hasBall",true
51.030127,"/shooter/temperature",42
51.030291,"/climber/rightPos",0
51.049682,"/drivetrain/leftPos",0
51.049695,"/drivetrain/leftVelocity",0
51.049708,"/drivetrain/rightPos",0
51.049718,"/drivetrain/rightVelocity",0
51.049723,"/drivetrain/heading",-2.2699999809265137
51.049727,"/drivetrain/headingVelocity",-0.1220703050494194
51.04973,"/drivetrain/xAcceleration",0
51.050117,"/drivetrain/yAcceleration",0
51.050129,"/drivetrain/leftOutputLog",0
51.050133,"/drivetrain/rightOutputLog",-0
51.050339,"/intake/pos",0
51.050343,"/intake/output",0
51.050583,"/shooter/rpm",0
51.050587,"/shooter/output",0.1
51.050612,"/shooter/hasBall",true
51.050651,"/shooter/temperature",42
51.050874,"/climber/rightPos",0
51.069669,"/drivetrain/leftPos",0
51.069682,"/drivetrain/leftVelocity",0
51.069695,"/drivetrain/rightPos",0
51.069705,"/drivetrain/rightVelocity",0
51.06971,"/drivetrain/heading",-2.2699999809265137
51.069714,"/drivetrain/headingVelocity",-0.0610351525247097
51.069717,"/drivetrain/xAcceleration",0
51.06972,"/drivetrain/yAcceleration",0
51.069724,"/drivetrain/leftOutputLog",0
51.069727,"/drivetrain/rightOutputLog",-0
51.069888,"/intake/pos",0
51.069892,"/intake/output",0
51.070096,"/shooter/rpm",0
51.0701,"/shooter/output",0.1
51.070122,"/shooter/hasBall",true
51.070207,"/shooter/temperature",42
51.0704,"/climber/rightPos",0
51.08922,"/drivetrain/leftPos",0
51.089235,"/drivetrain/leftVelocity",0
51.089248,"/drivetrain/rightPos",0
51.089258,"/drivetrain/rightVelocity",0
51.089263,"/drivetrain/heading",-2.2699999809265137
51.089267,"/drivetrain/headingVelocity",-0.0610351525247097
51.08927,"/drivetrain/xAcceleration",0
51.089273,"/drivetrain/yAcceleration",0
51.089277,"/drivetrain/leftOutputLog",0
51.08928,"/drivetrain/rightOutputLog",-0
51.08948,"/intake/pos",0
51.089484,"/intake/output",0
51.089699,"/shooter/rpm",0
51.089703,"/shooter/output",0.1
51.089726,"/shooter/hasBall",true
51.089812,"/shooter/temperature",42
51.090052,"/climber/rightPos",0
51.11408,"/drivetrain/leftPos",0
51.114093,"/drivetrain/leftVelocity",0
51.114106,"/drivetrain/rightPos",0
51.114116,"/drivetrain/rightVelocity",0
51.114121,"/drivetrain/heading",-2.259999990463257
51.114125,"/drivetrain/headingVelocity",0
51.114128,"/drivetrain/xAcceleration",0
51.114131,"/drivetrain/yAcceleration",0
51.114134,"/drivetrain/leftOutputLog",0
51.114138,"/drivetrain/rightOutputLog",-0
51.114355,"/intake/pos",0
51.114359,"/intake/output",0
51.114545,"/shooter/rpm",0
51.114549,"/shooter/output",0.1
51.114574,"/shooter/hasBall",true
51.114608,"/shooter/temperature",42
51.114847,"/climber/rightPos",0
51.130055,"/drivetrain/leftPos",0
51.130074,"/drivetrain/leftVelocity",0
51.13009,"/drivetrain/rightPos",0
51.1301,"/drivetrain/rightVelocity",0
51.130104,"/drivetrain/heading",-2.2699999809265137
51.130108,"/drivetrain/headingVelocity",0
51.130111,"/drivetrain/xAcceleration",0
51.130114,"/drivetrain/yAcceleration",0
51.130118,"/drivetrain/leftOutputLog",0
51.130121,"/drivetrain/rightOutputLog",-0
51.1304,"/intake/pos",0
51.130404,"/intake/output",0
51.130576,"/shooter/rpm",0
51.13058,"/shooter/output",0.1
51.130651,"/shooter/hasBall",true
51.130679,"/shooter/temperature",42
51.130833,"/climber/rightPos",0
51.149169,"/drivetrain/leftPos",0
51.149183,"/drivetrain/leftVelocity",0
51.149196,"/drivetrain/rightPos",0
51.149205,"/drivetrain/rightVelocity",0
51.14921,"/drivetrain/heading",-2.2699999809265137
51.149213,"/drivetrain/headingVelocity",0
51.149217,"/drivetrain/xAcceleration",0
51.14922,"/drivetrain/yAcceleration",0
51.149223,"/drivetrain/leftOutputLog",0
51.149226,"/drivetrain/rightOutputLog",-0
51.149546,"/intake/pos",0
51.14955,"/intake/output",0
51.149865,"/shooter/rpm",0
51.149869,"/shooter/output",0.1
51.150093,"/shooter/hasBall",true
51.150133,"/shooter/temperature",42
51.150659,"/climber/rightPos",0
51.169562,"/drivetrain/leftPos",0
51.169574,"/drivetrain/leftVelocity",0
51.169587,"/drivetrain/rightPos",0
51.169596,"/drivetrain/rightVelocity",0
51.169601,"/drivetrain/heading",-2.2699999809265137
51.169605,"/drivetrain/headingVelocity",0
51.169608,"/drivetrain/xAcceleration",0
51.169611,"/drivetrain/yAcceleration",0
51.169614,"/drivetrain/leftOutputLog",0
51.169618,"/drivetrain/rightOutputLog",-0
51.169807,"/intake/pos",0
51.169811,"/intake/output",0
51.169982,"/shooter/rpm",0
51.169986,"/shooter/output",0.1
51.17001,"/shooter/hasBall",true
51.17003,"/shooter/temperature",42
51.170203,"/climber/rightPos",0
51.189688,"/drivetrain/leftPos",0
51.189702,"/drivetrain/leftVelocity",0
51.189715,"/drivetrain/rightPos",0
51.189725,"/drivetrain/rightVelocity",0
51.18973,"/drivetrain/heading",-2.2699999809265137
51.189733,"/drivetrain/headingVelocity",0.0610351525247097
51.189736,"/drivetrain/xAcceleration",0
51.189739,"/drivetrain/yAcceleration",-0.003000000026077032
51.189743,"/drivetrain/leftOutputLog",0
51.189746,"/drivetrain/rightOutputLog",-0
51.190107,"/intake/pos",0
51.190111,"/intake/output",0
51.190387,"/shooter/rpm",0
51.190391,"/shooter/output",0.1
51.190417,"/shooter/hasBall",true
51.190438,"/shooter/temperature",42
51.190582,"/climber/rightPos",0
51.209881,"/drivetrain/leftPos",0
51.209895,"/drivetrain/leftVelocity",0
51.209908,"/drivetrain/rightPos",0
51.209918,"/drivetrain/rightVelocity",0
51.209922,"/drivetrain/heading",-2.2699999809265137
51.209926,"/drivetrain/headingVelocity",0.0610351525247097
51.209929,"/drivetrain/xAcceleration",0
51.209933,"/drivetrain/yAcceleration",0
51.209936,"/drivetrain/leftOutputLog",0
51.209939,"/drivetrain/rightOutputLog",-0
51.210244,"/intake/pos",0
51.210248,"/intake/output",0
51.210447,"/shooter/rpm",0
51.210451,"/shooter/output",0.1
51.210475,"/shooter/hasBall",true
51.210513,"/shooter/temperature",42
51.210675,"/climber/rightPos",0
51.230433,"/drivetrain/leftPos",0
51.230447,"/drivetrain/leftVelocity",0
51.230462,"/drivetrain/rightPos",0
51.230472,"/drivetrain/rightVelocity",0
51.230477,"/drivetrain/heading",-2.2699999809265137
51.23048,"/drivetrain/headingVelocity",0.0610351525247097
51.230484,"/drivetrain/xAcceleration",0
51.230487,"/drivetrain/yAcceleration",0
51.23049,"/drivetrain/leftOutputLog",0
51.230493,"/drivetrain/rightOutputLog",-0
51.230665,"/intake/pos",0
51.230669,"/intake/output",0
51.230846,"/shooter/rpm",0
51.23085,"/shooter/output",0.1
51.230874,"/shooter/hasBall",true
51.230915,"/shooter/temperature",42
51.231065,"/climber/rightPos",0
51.250325,"/drivetrain/leftPos",0
51.250339,"/drivetrain/leftVelocity",0
51.250353,"/drivetrain/rightPos",0
51.250362,"/drivetrain/rightVelocity",0
51.250367,"/drivetrain/heading",-2.2699999809265137
51.25037,"/drivetrain/headingVelocity",0
51.250373,"/drivetrain/xAcceleration",0
51.250376,"/drivetrain/yAcceleration",0
51.25038,"/drivetrain/leftOutputLog",0
51.250383,"/drivetrain/rightOutputLog",-0
51.250809,"/intake/pos",0
51.250817,"/intake/output",0
51.251083,"/shooter/rpm",0
51.251088,"/shooter/output",0.1
51.251115,"/shooter/hasBall",true
51.251154,"/shooter/temperature",42
51.251407,"/climber/rightPos",0
51.269562,"/drivetrain/leftPos",0
51.269575,"/drivetrain/leftVelocity",0
51.269588,"/drivetrain/rightPos",0
51.269598,"/drivetrain/rightVelocity",0
51.269603,"/drivetrain/heading",-2.2699999809265137
51.269606,"/drivetrain/headingVelocity",0
51.269609,"/drivetrain/xAcceleration",0
51.269612,"/drivetrain/yAcceleration",0
51.269616,"/drivetrain/leftOutputLog",0
51.269619,"/drivetrain/rightOutputLog",-0
51.269863,"/intake/pos",0
51.269867,"/intake/output",0
51.270056,"/shooter/rpm",0
51.27006,"/shooter/output",0.1
51.27012,"/shooter/hasBall",true
51.270164,"/shooter/temperature",42
51.270327,"/climber/rightPos",0
51.289429,"/drivetrain/leftPos",0
51.289442,"/drivetrain/leftVelocity",0
51.289457,"/drivetrain/rightPos",0
51.289466,"/drivetrain/rightVelocity",0
51.289471,"/drivetrain/heading",-2.2699999809265137
51.289475,"/drivetrain/headingVelocity",0
51.289478,"/drivetrain/xAcceleration",0
51.289481,"/drivetrain/yAcceleration",0
51.289485,"/drivetrain/leftOutputLog",0
51.289488,"/drivetrain/rightOutputLog",-0
51.289957,"/intake/pos",0
51.289961,"/intake/output",0
51.29015,"/shooter/rpm",0
51.290154,"/shooter/output",0.1
51.290178,"/shooter/hasBall",true
51.290215,"/shooter/temperature",42
51.290398,"/climber/rightPos",0
51.309714,"/drivetrain/leftPos",0
51.309727,"/drivetrain/leftVelocity",0
51.30974,"/drivetrain/rightPos",0
51.309749,"/drivetrain/rightVelocity",0
51.309754,"/drivetrain/heading",-2.2699999809265137
51.309757,"/drivetrain/headingVelocity",0.1220703050494194
51.309761,"/drivetrain/xAcceleration",0
51.309764,"/drivetrain/yAcceleration",-0.009999999776482582
51.309767,"/drivetrain/leftOutputLog",0
51.30977,"/drivetrain/rightOutputLog",-0
51.310061,"/intake/pos",0
51.310064,"/intake/output",0
51.310273,"/shooter/rpm",0
51.310277,"/shooter/output",0.1
51.310302,"/shooter/hasBall",true
51.310337,"/shooter/temperature",42
51.310525,"/climber/rightPos",0
51.32921,"/drivetrain/leftPos",0
51.329224,"/drivetrain/leftVelocity",0
51.329236,"/drivetrain/rightPos",0
51.329245,"/drivetrain/rightVelocity",0
51.329249,"/drivetrain/heading",-2.2699999809265137
51.329253,"/drivetrain/headingVelocity",0.1220703050494194
51.329256,"/drivetrain/xAcceleration",0
51.329259,"/drivetrain/yAcceleration",0
51.329262,"/drivetrain/leftOutputLog",0
51.329265,"/drivetrain/rightOutputLog",-0
51.329448,"/intake/pos",0
51.329452,"/intake/output",0
51.329617,"/shooter/rpm",0
51.329621,"/shooter/output",0.1
51.329644,"/shooter/hasBall",true
51.329666,"/shooter/temperature",42
51.33062,"/climber/rightPos",0
51.350015,"/drivetrain/leftPos",0
51.350029,"/drivetrain/leftVelocity",0
51.350043,"/drivetrain/rightPos",0
51.350053,"/drivetrain/rightVelocity",0
51.350058,"/drivetrain/heading",-2.2699999809265137
51.350061,"/drivetrain/headingVelocity",0
51.350065,"/drivetrain/xAcceleration",0
51.350068,"/drivetrain/yAcceleration",0
51.350071,"/drivetrain/leftOutputLog",0
51.350075,"/drivetrain/rightOutputLog",-0
51.350673,"/intake/pos",0
51.350677,"/intake/output",0
51.350858,"/shooter/rpm",0
51.350862,"/shooter/output",0.1
51.350887,"/shooter/hasBall",true
51.35092,"/shooter/temperature",42
51.351139,"/climber/rightPos",0
51.369235,"/drivetrain/leftPos",0
51.369249,"/drivetrain/leftVelocity",0
51.369262,"/drivetrain/rightPos",0
51.369271,"/drivetrain/rightVelocity",0
51.369276,"/drivetrain/heading",-2.2699999809265137
51.369279,"/drivetrain/headingVelocity",-0.1220703050494194
51.369283,"/drivetrain/xAcceleration",0
51.369286,"/drivetrain/yAcceleration",0.004000000189989805
51.369289,"/drivetrain/leftOutputLog",0
51.369292,"/drivetrain/rightOutputLog",-0
51.369453,"/intake/pos",0
51.369456,"/intake/output",0
51.369653,"/shooter/rpm",0
51.369657,"/shooter/output",0.1
51.369679,"/shooter/hasBall",true
51.369749,"/shooter/temperature",42
51.369874,"/climber/rightPos",0
51.389598,"/drivetrain/leftPos",0
51.389612,"/drivetrain/leftVelocity",0
51.389624,"/drivetrain/rightPos",0
51.389634,"/drivetrain/rightVelocity",0
51.389639,"/drivetrain/heading",-2.2699999809265137
51.389642,"/drivetrain/headingVelocity",-0.1220703050494194
51.389645,"/drivetrain/xAcceleration",0
51.389649,"/drivetrain/yAcceleration",0
51.389652,"/drivetrain/leftOutputLog",0
51.389655,"/drivetrain/rightOutputLog",-0
51.389882,"/intake/pos",0
51.389886,"/intake/output",0
51.390091,"/shooter/rpm",0
51.390096,"/shooter/output",0.1
51.390118,"/shooter/hasBall",true
51.390187,"/shooter/temperature",42
51.390385,"/climber/rightPos",0
51.409565,"/drivetrain/leftPos",0
51.40958,"/drivetrain/leftVelocity",0
51.409595,"/drivetrain/rightPos",0
51.409605,"/drivetrain/rightVelocity",0
51.409611,"/drivetrain/heading",-2.2699999809265137
51.409614,"/drivetrain/headingVelocity",-0.0610351525247097
51.409618,"/drivetrain/xAcceleration",0
51.409621,"/drivetrain/yAcceleration",0
51.409624,"/drivetrain/leftOutputLog",0
51.409628,"/drivetrain/rightOutputLog",-0
51.410673,"/intake/pos",0
51.410677,"/intake/output",0
51.410951,"/shooter/rpm",0
51.411043,"/shooter/output",0.1
51.411077,"/shooter/hasBall",true
51.411098,"/shooter/temperature",42
51.411412,"/climber/rightPos",0
51.429432,"/drivetrain/leftPos",0
51.429446,"/drivetrain/leftVelocity",0
51.429461,"/drivetrain/rightPos",0
51.429471,"/drivetrain/rightVelocity",0
51.429475,"/drivetrain/heading",-2.259999990463257
51.429479,"/drivetrain/headingVelocity",0
51.429482,"/drivetrain/xAcceleration",0
51.429485,"/drivetrain/yAcceleration",-0.004000000189989805
51.429489,"/drivetrain/leftOutputLog",0
51.429492,"/drivetrain/rightOutputLog",-0
51.429852,"/intake/pos",0
51.429856,"/intake/output",0
51.430129,"/shooter/rpm",0
51.430133,"/shooter/output",0.1
51.430157,"/shooter/hasBall",true
51.430178,"/shooter/temperature",42
51.430583,"/climber/rightPos",0
51.44954,"/drivetrain/leftPos",0
51.44964,"/drivetrain/leftVelocity",0
51.449659,"/drivetrain/rightPos",0
51.449669,"/drivetrain/rightVelocity",0
51.449674,"/drivetrain/heading",-2.259999990463257
51.449678,"/drivetrain/headingVelocity",0
51.449681,"/drivetrain/xAcceleration",0
51.449684,"/drivetrain/yAcceleration",0
51.449688,"/drivetrain/leftOutputLog",0
51.449692,"/drivetrain/rightOutputLog",-0
51.450767,"/intake/pos",0
51.450771,"/intake/output",0
51.450968,"/shooter/rpm",0
51.450972,"/shooter/output",0.1
51.450997,"/shooter/hasBall",true
51.451036,"/shooter/temperature",42
51.451213,"/climber/rightPos",0
51.469301,"/drivetrain/leftPos",0
51.469315,"/drivetrain/leftVelocity",0
51.469328,"/drivetrain/rightPos",0
51.469339,"/drivetrain/rightVelocity",0
51.469343,"/drivetrain/heading",-2.259999990463257
51.469346,"/drivetrain/headingVelocity",0.0610351525247097
51.46935,"/drivetrain/xAcceleration",0
51.469353,"/drivetrain/yAcceleration",0
51.469356,"/drivetrain/leftOutputLog",0
51.469359,"/drivetrain/rightOutputLog",-0
51.469658,"/intake/pos",0
51.469662,"/intake/output",0
51.470304,"/shooter/rpm",0
51.470309,"/shooter/output",0.1
51.470371,"/shooter/hasBall",true
51.470432,"/shooter/temperature",42
51.470915,"/climber/rightPos",0
51.490159,"/drivetrain/leftPos",0
51.490173,"/drivetrain/leftVelocity",0
51.490187,"/drivetrain/rightPos",0
51.490197,"/drivetrain/rightVelocity",0
51.490201,"/drivetrain/heading",-2.2699999809265137
51.490205,"/drivetrain/headingVelocity",0.1220703050494194
51.490208,"/drivetrain/xAcceleration",0
51.490212,"/drivetrain/yAcceleration",0
51.490215,"/drivetrain/leftOutputLog",0
51.490218,"/drivetrain/rightOutputLog",-0
51.490632,"/intake/pos",0
51.490636,"/intake/output",0
51.491015,"/shooter/rpm",0
51.491019,"/shooter/output",0.1
51.491045,"/shooter/hasBall",true
51.491085,"/shooter/temperature",42
51.49124,"/climber/rightPos",0
51.509276,"/drivetrain/leftPos",0
51.509289,"/drivetrain/leftVelocity",0
51.509302,"/drivetrain/rightPos",0
51.509312,"/drivetrain/rightVelocity",0
51.509316,"/drivetrain/heading",-2.2699999809265137
51.50932,"/drivetrain/headingVelocity",0
51.509323,"/drivetrain/xAcceleration",0
51.509326,"/drivetrain/yAcceleration",-0.003000000026077032
51.50933,"/drivetrain/leftOutputLog",0
51.509333,"/drivetrain/rightOutputLog",-0
51.509493,"/intake/pos",0
51.509497,"/intake/output",0
51.51,"/shooter/rpm",0
51.510004,"/shooter/output",0.1
51.510034,"/shooter/hasBall",true
51.510081,"/shooter/temperature",42
51.510991,"/climber/rightPos",0
51.530197,"/drivetrain/leftPos",0
51.53021,"/drivetrain/leftVelocity",0
51.530225,"/drivetrain/rightPos",0
51.530235,"/drivetrain/rightVelocity",0
51.530239,"/drivetrain/heading",-2.2699999809265137
51.530243,"/drivetrain/headingVelocity",-0.1831054538488388
51.530246,"/drivetrain/xAcceleration",0
51.530249,"/drivetrain/yAcceleration",0
51.530253,"/drivetrain/leftOutputLog",0
51.530256,"/drivetrain/rightOutputLog",-0
51.530495,"/intake/pos",0
51.530499,"/intake/output",0
51.530699,"/shooter/rpm",0
51.530703,"/shooter/output",0.1
51.530727,"/shooter/hasBall",true
51.530764,"/shooter/temperature",42
51.531009,"/climber/rightPos",0
51.549501,"/drivetrain/leftPos",0
51.549516,"/drivetrain/leftVelocity",0
51.549529,"/drivetrain/rightPos",0
51.54954,"/drivetrain/rightVelocity",0
51.549545,"/drivetrain/heading",-2.259999990463257
51.549548,"/drivetrain/headingVelocity",0
51.549552,"/drivetrain/xAcceleration",0
51.549555,"/drivetrain/yAcceleration",-0.004000000189989805
51.549559,"/drivetrain/leftOutputLog",0
51.549562,"/drivetrain/rightOutputLog",-0
51.549793,"/intake/pos",0
51.549797,"/intake/output",0
51.549997,"/shooter/rpm",0
51.550001,"/shooter/output",0.1
51.550121,"/shooter/hasBall",true
51.550206,"/shooter/temperature",42
51.550432,"/climber/rightPos",0
51.56945,"/drivetrain/leftPos",0
51.569463,"/drivetrain/leftVelocity",0
51.569475,"/drivetrain/rightPos",0
51.569485,"/drivetrain/rightVelocity",0
51.569489,"/drivetrain/heading",-2.259999990463257
51.569493,"/drivetrain/headingVelocity",0
51.569496,"/drivetrain/xAcceleration",0
51.569499,"/drivetrain/yAcceleration",-0.003000000026077032
51.569502,"/drivetrain/leftOutputLog",0
51.569506,"/drivetrain/rightOutputLog",-0
51.569666,"/intake/pos",0
51.56967,"/intake/output",0
51.569863,"/shooter/rpm",0
51.569867,"/shooter/output",0.1
51.569897,"/shooter/hasBall",true
51.569977,"/shooter/temperature",42
51.570144,"/climber/rightPos",0
51.589635,"/drivetrain/leftPos",0
51.589649,"/drivetrain/leftVelocity",0
51.589662,"/drivetrain/rightPos",0
51.589672,"/drivetrain/rightVelocity",0
51.589677,"/drivetrain/heading",-2.259999990463257
51.58968,"/drivetrain/headingVelocity",0
51.589683,"/drivetrain/xAcceleration",0
51.589686,"/drivetrain/yAcceleration",-0.003000000026077032
51.58969,"/drivetrain/leftOutputLog",0
51.589693,"/drivetrain/rightOutputLog",-0
51.59008,"/intake/pos",0
51.590084,"/intake/output",0
51.590257,"/shooter/rpm",0
51.59026,"/shooter/output",0.1
51.590329,"/shooter/hasBall",true
51.590363,"/shooter/temperature",42
51.590543,"/climber/rightPos",0
51.609926,"/drivetrain/leftPos",0
51.609939,"/drivetrain/leftVelocity",0
51.609952,"/drivetrain/rightPos",0
51.609961,"/drivetrain/rightVelocity",0
51.609965,"/drivetrain/heading",-2.259999990463257
51.609968,"/drivetrain/headingVelocity",0.1220703050494194
51.609971,"/drivetrain/xAcceleration",0
51.609975,"/drivetrain/yAcceleration",0
51.609978,"/drivetrain/leftOutputLog",0
51.609981,"/drivetrain/rightOutputLog",-0
51.610213,"/intake/pos",0
51.610217,"/intake/output",0
51.610444,"/shooter/rpm",0
51.610448,"/shooter/output",0.1
51.610471,"/shooter/hasBall",true
51.610548,"/shooter/temperature",42
51.610715,"/climber/rightPos",0
51.629589,"/drivetrain/leftPos",0
51.629618,"/drivetrain/leftVelocity",0
51.629635,"/drivetrain/rightPos",0
51.629645,"/drivetrain/rightVelocity",0
51.62965,"/drivetrain/heading",-2.2699999809265137
51.629825,"/drivetrain/headingVelocity",0.0610351525247097
51.629834,"/drivetrain/xAcceleration",0
51.629837,"/drivetrain/yAcceleration",0
51.629841,"/drivetrain/leftOutputLog",0
51.629942,"/drivetrain/rightOutputLog",-0
51.630518,"/intake/pos",0
51.630522,"/intake/output",0
51.630777,"/shooter/rpm",0
51.630781,"/shooter/output",0.1
51.630809,"/shooter/hasBall",true
51.630836,"/shooter/temperature",42
51.631008,"/climber/rightPos",0
51.649319,"/drivetrain/leftPos",0
51.649332,"/drivetrain/leftVelocity",0
51.649346,"/drivetrain/rightPos",0
51.649355,"/drivetrain/rightVelocity",0
51.64936,"/drivetrain/heading",-2.2699999809265137
51.649363,"/drivetrain/headingVelocity",0
51.649367,"/drivetrain/xAcceleration",0
51.64937,"/drivetrain/yAcceleration",0
51.649373,"/drivetrain/leftOutputLog",0
51.649376,"/drivetrain/rightOutputLog",-0
51.64958,"/intake/pos",0
51.649584,"/intake/output",0
51.649785,"/shooter/rpm",0
51.649789,"/shooter/output",0.1
51.649813,"/shooter/hasBall",true
51.649833,"/shooter/temperature",42
51.649996,"/climber/rightPos",0
51.669987,"/drivetrain/leftPos",0
51.670001,"/drivetrain/leftVelocity",0
51.670013,"/drivetrain/rightPos",0
51.670024,"/drivetrain/rightVelocity",0
51.670029,"/drivetrain/heading",-2.259999990463257
51.670032,"/drivetrain/headingVelocity",-0.1220703050494194
51.670035,"/drivetrain/xAcceleration",0.003000000026077032
51.670039,"/drivetrain/yAcceleration",0
51.670042,"/drivetrain/leftOutputLog",0
51.670045,"/drivetrain/rightOutputLog",-0
51.67032,"/intake/pos",0
51.670324,"/intake/output",0
51.670546,"/shooter/rpm",0
51.67055,"/shooter/output",0.1
51.670575,"/shooter/hasBall",true
51.670596,"/shooter/temperature",42
51.67074,"/climber/rightPos",0
51.689438,"/drivetrain/leftPos",0
51.689452,"/drivetrain/leftVelocity",0
51.689465,"/drivetrain/rightPos",0
51.689475,"/drivetrain/rightVelocity",0
51.68948,"/drivetrain/heading",-2.259999990463257
51.689483,"/drivetrain/headingVelocity",-0.1831054538488388
51.689487,"/drivetrain/xAcceleration",0
51.68949,"/drivetrain/yAcceleration",0
51.689493,"/drivetrain/leftOutputLog",0
51.689497,"/drivetrain/rightOutputLog",-0
51.689708,"/intake/pos",0
51.689712,"/intake/output",0
51.69004,"/shooter/rpm",0
51.690047,"/shooter/output",0.1
51.690072,"/shooter/hasBall",true
51.690111,"/shooter/temperature",42
51.69028,"/climber/rightPos",0
51.709543,"/drivetrain/leftPos",0
51.709556,"/drivetrain/leftVelocity",0
51.70957,"/drivetrain/rightPos",0
51.709579,"/drivetrain/rightVelocity",0
51.709584,"/drivetrain/heading",-2.259999990463257
51.709587,"/drivetrain/headingVelocity",-0.1220703050494194
51.709591,"/drivetrain/xAcceleration",0
51.709594,"/drivetrain/yAcceleration",0
51.709597,"/drivetrain/leftOutputLog",0
51.709601,"/drivetrain/rightOutputLog",-0
51.710211,"/intake/pos",0
51.710215,"/intake/output",0
51.710398,"/shooter/rpm",0
51.710402,"/shooter/output",0.1
51.710427,"/shooter/hasBall",true
51.710466,"/shooter/temperature",42
51.710646,"/climber/rightPos",0
51.729261,"/drivetrain/leftPos",0
51.729276,"/drivetrain/leftVelocity",0
51.729289,"/drivetrain/rightPos",0
51.729299,"/drivetrain/rightVelocity",0
51.729304,"/drivetrain/heading",-2.25
51.729307,"/drivetrain/headingVelocity",0
51.729311,"/drivetrain/xAcceleration",0
51.729314,"/drivetrain/yAcceleration",0
51.729317,"/drivetrain/leftOutputLog",0
51.72932,"/drivetrain/rightOutputLog",-0
51.729523,"/intake/pos",0
51.729527,"/intake/output",0
51.729727,"/shooter/rpm",0
51.729731,"/shooter/output",0.1
51.729754,"/shooter/hasBall",true
51.729796,"/shooter/temperature",42
51.729995,"/climber/rightPos",0
51.749569,"/drivetrain/leftPos",0
51.749583,"/drivetrain/leftVelocity",0
51.749595,"/drivetrain/rightPos",0
51.749605,"/drivetrain/rightVelocity",0
51.74961,"/drivetrain/heading",-2.259999990463257
51.749614,"/drivetrain/headingVelocity",0.0610351525247097
51.749617,"/drivetrain/xAcceleration",0
51.74962,"/drivetrain/yAcceleration",0
51.749623,"/drivetrain/leftOutputLog",0
51.749626,"/drivetrain/rightOutputLog",-0
51.749825,"/intake/pos",0
51.749829,"/intake/output",0
51.750075,"/shooter/rpm",0
51.75008,"/shooter/output",0.1
51.750108,"/shooter/hasBall",true
51.750147,"/shooter/temperature",42
51.750349,"/climber/rightPos",0
51.769896,"/drivetrain/leftPos",0
51.769911,"/drivetrain/leftVelocity",0
51.769926,"/drivetrain/rightPos",0
51.769936,"/drivetrain/rightVelocity",0
51.769941,"/drivetrain/heading",-2.259999990463257
51.769945,"/drivetrain/headingVelocity",0.1220703050494194
51.769948,"/drivetrain/xAcceleration",0
51.769952,"/drivetrain/yAcceleration",-0.003000000026077032
51.769955,"/drivetrain/leftOutputLog",0
51.769959,"/drivetrain/rightOutputLog",-0
51.770256,"/intake/pos",0
51.77026,"/intake/output",0
51.770526,"/shooter/rpm",0
51.77053,"/shooter/output",0.1
51.770718,"/shooter/hasBall",true
51.770763,"/shooter/temperature",42
51.770926,"/climber/rightPos",0
51.789818,"/drivetrain/leftPos",0
51.789832,"/drivetrain/leftVelocity",0
51.789844,"/drivetrain/rightPos",0
51.789854,"/drivetrain/rightVelocity",0
51.789859,"/drivetrain/heading",-2.259999990463257
51.789862,"/drivetrain/headingVelocity",0
51.789866,"/drivetrain/xAcceleration",0
51.789869,"/drivetrain/yAcceleration",0
51.789872,"/drivetrain/leftOutputLog",0
51.789875,"/drivetrain/rightOutputLog",-0
51.790052,"/intake/pos",0
51.790056,"/intake/output",0
51.790234,"/shooter/rpm",0
51.790238,"/shooter/output",0.1
51.790262,"/shooter/hasBall",true
51.790293,"/shooter/temperature",42
51.790471,"/climber/rightPos",0
51.809842,"/drivetrain/leftPos",0
51.809855,"/drivetrain/leftVelocity",0
51.809869,"/drivetrain/rightPos",0
51.809878,"/drivetrain/rightVelocity",0
51.809883,"/drivetrain/heading",-2.259999990463257
51.809887,"/drivetrain/headingVelocity",0
51.80989,"/drivetrain/xAcceleration",0
51.809893,"/drivetrain/yAcceleration",0.003000000026077032
51.809896,"/drivetrain/leftOutputLog",0
51.8099,"/drivetrain/rightOutputLog",-0
51.810102,"/intake/pos",0
51.810106,"/intake/output",0
51.81043,"/shooter/rpm",0
51.810435,"/shooter/output",0.1
51.810464,"/shooter/hasBall",true
51.810502,"/shooter/temperature",42
51.810653,"/climber/rightPos",0
51.83005,"/drivetrain/leftPos",0
51.830086,"/drivetrain/leftVelocity",0
51.830103,"/drivetrain/rightPos",0
51.830113,"/drivetrain/rightVelocity",0
51.830118,"/drivetrain/heading",-2.259999990463257
51.830122,"/drivetrain/headingVelocity",0.0610351525247097
51.830125,"/drivetrain/xAcceleration",0
51.830128,"/drivetrain/yAcceleration",-0.004000000189989805
51.830131,"/drivetrain/leftOutputLog",0
51.830135,"/drivetrain/rightOutputLog",-0
51.830431,"/intake/pos",0
51.830435,"/intake/output",0
51.830633,"/shooter/rpm",0
51.830637,"/shooter/output",0.1
51.830664,"/shooter/hasBall",true
51.830698,"/shooter/temperature",42
51.830933,"/climber/rightPos",0
51.849314,"/drivetrain/leftPos",0
51.849327,"/drivetrain/leftVelocity",0
51.84934,"/drivetrain/rightPos",0
51.849349,"/drivetrain/rightVelocity",0
51.849354,"/drivetrain/heading",-2.259999990463257
51.849357,"/drivetrain/headingVelocity",0.1831054538488388
51.849361,"/drivetrain/xAcceleration",-0.004999999888241291
51.849364,"/drivetrain/yAcceleration",-0.009999999776482582
51.849367,"/drivetrain/leftOutputLog",0
51.84937,"/drivetrain/rightOutputLog",-0
51.849662,"/intake/pos",0
51.849666,"/intake/output",0
51.850171,"/shooter/rpm",0
51.850175,"/shooter/output",0.1
51.850201,"/shooter/hasBall",true
51.850235,"/shooter/temperature",42
51.850403,"/climber/rightPos",0
51.869663,"/drivetrain/leftPos",0
51.869676,"/drivetrain/leftVelocity",0
51.869689,"/drivetrain/rightPos",0
51.869698,"/drivetrain/rightVelocity",0
51.869703,"/drivetrain/heading",-2.2699999809265137
51.869707,"/drivetrain/headingVelocity",0.30517578125
51.86971,"/drivetrain/xAcceleration",-0.013000000268220901
51.869713,"/drivetrain/yAcceleration",-0.003000000026077032
51.869716,"/drivetrain/leftOutputLog",0
51.86972,"/drivetrain/rightOutputLog",-0
51.86989,"/intake/pos",0
51.869894,"/intake/output",0
51.870051,"/shooter/rpm",0
51.870055,"/shooter/output",0.1
51.870078,"/shooter/hasBall",true
51.870103,"/shooter/temperature",42
51.870323,"/climber/rightPos",0
51.889291,"/drivetrain/leftPos",0
51.889305,"/drivetrain/leftVelocity",0
51.889318,"/drivetrain/rightPos",0
51.889328,"/drivetrain/rightVelocity",0
51.889333,"/drivetrain/heading",-2.2699999809265137
51.889336,"/drivetrain/headingVelocity",0
51.889339,"/drivetrain/xAcceleration",0
51.889342,"/drivetrain/yAcceleration",0
51.889346,"/drivetrain/leftOutputLog",0
51.889349,"/drivetrain/rightOutputLog",-0
51.889509,"/intake/pos",0
51.889513,"/intake/output",0
51.889775,"/shooter/rpm",0
51.88978,"/shooter/output",0.1
51.889805,"/shooter/hasBall",true
51.889894,"/shooter/temperature",42
51.890083,"/climber/rightPos",0
51.909288,"/drivetrain/leftPos",0
51.9093,"/drivetrain/leftVelocity",0
51.909316,"/drivetrain/rightPos",0
51.909326,"/drivetrain/rightVelocity",0
51.90933,"/drivetrain/heading",-2.2699999809265137
51.909334,"/drivetrain/headingVelocity",-0.1831054538488388
51.909337,"/drivetrain/xAcceleration",0
51.90934,"/drivetrain/yAcceleration",0
51.909344,"/drivetrain/leftOutputLog",0
51.909347,"/drivetrain/rightOutputLog",-0
51.909508,"/intake/pos",0
51.909512,"/intake/output",0
51.909724,"/shooter/rpm",0
51.909728,"/shooter/output",0.1
51.909752,"/shooter/hasBall",true
51.909773,"/shooter/temperature",42
51.909913,"/climber/rightPos",0
51.929331,"/drivetrain/leftPos",0
51.929345,"/drivetrain/leftVelocity",0
51.929359,"/drivetrain/rightPos",0
51.929369,"/drivetrain/rightVelocity",0
51.929374,"/drivetrain/heading",-2.259999990463257
51.929378,"/drivetrain/headingVelocity",-0.30517578125
51.929381,"/drivetrain/xAcceleration",0.006000000052154064
51.929384,"/drivetrain/yAcceleration",0
51.929388,"/drivetrain/leftOutputLog",0
51.929391,"/drivetrain/rightOutputLog",-0
51.929749,"/intake/pos",0
51.929753,"/intake/output",0
51.930183,"/shooter/rpm",0
51.930187,"/shooter/output",0.1
51.930213,"/shooter/hasBall",true
51.930253,"/shooter/temperature",42
51.930588,"/climber/rightPos",0
51.949506,"/drivetrain/leftPos",0
51.94952,"/drivetrain/leftVelocity",0
51.949532,"/drivetrain/rightPos",0
51.949542,"/drivetrain/rightVelocity",0
51.949547,"/drivetrain/heading",-2.25
51.94955,"/drivetrain/headingVelocity",-0.30517578125
51.949553,"/drivetrain/xAcceleration",-0.006000000052154064
51.949557,"/drivetrain/yAcceleration",0
51.94956,"/drivetrain/leftOutputLog",0
51.949563,"/drivetrain/rightOutputLog",-0
51.949754,"/intake/pos",0
51.949758,"/intake/output",0
51.949929,"/shooter/rpm",0
51.949933,"/shooter/output",0.1
51.949955,"/shooter/hasBall",true
51.949992,"/shooter/temperature",42
51.950238,"/climber/rightPos",0
51.969384,"/drivetrain/leftPos",0
51.969398,"/drivetrain/leftVelocity",0
51.969412,"/drivetrain/rightPos",0
51.969422,"/drivetrain/rightVelocity",0
51.969427,"/drivetrain/heading",-2.25
51.96943,"/drivetrain/headingVelocity",-0.2441406100988388
51.969433,"/drivetrain/xAcceleration",0
51.969436,"/drivetrain/yAcceleration",0
51.96944,"/drivetrain/leftOutputLog",0
51.969443,"/drivetrain/rightOutputLog",-0
51.969668,"/intake/pos",0
51.969672,"/intake/output",0
51.969836,"/shooter/rpm",0
51.96984,"/shooter/output",0.1
51.969862,"/shooter/hasBall",true
51.969906,"/shooter/temperature",42
51.970055,"/climber/rightPos",0
51.989528,"/drivetrain/leftPos",0
51.989542,"/drivetrain/leftVelocity",0
51.989556,"/drivetrain/rightPos",0
51.989566,"/drivetrain/rightVelocity",0
51.989571,"/drivetrain/heading",-2.25
51.989575,"/drivetrain/headingVelocity",-0.2441406100988388
51.989578,"/drivetrain/xAcceleration",0
51.989581,"/drivetrain/yAcceleration",0
51.989584,"/drivetrain/leftOutputLog",0
51.989588,"/drivetrain/rightOutputLog",-0
51.989797,"/intake/pos",0
51.989801,"/intake/output",0
51.989971,"/shooter/rpm",0
51.989974,"/shooter/output",0.1
51.989997,"/shooter/hasBall",true
51.990033,"/shooter/temperature",42
51.990211,"/climber/rightPos",0
52.009187,"/drivetrain/leftPos",0
52.009201,"/drivetrain/leftVelocity",0
52.009215,"/drivetrain/rightPos",0
52.009224,"/drivetrain/rightVelocity",0
52.009229,"/drivetrain/heading",-2.25
52.009232,"/drivetrain/headingVelocity",-0.2441406100988388
52.009236,"/drivetrain/xAcceleration",0
52.009239,"/drivetrain/yAcceleration",0
52.009242,"/drivetrain/leftOutputLog",0
52.009246,"/drivetrain/rightOutputLog",-0
52.009456,"/intake/pos",0
52.00946,"/intake/output",0
52.009798,"/shooter/rpm",0
52.009803,"/shooter/output",0.1
52.009829,"/shooter/hasBall",true
52.00988,"/shooter/temperature",42
52.010239,"/climber/rightPos",0
52.029211,"/drivetrain/leftPos",0
52.029223,"/drivetrain/leftVelocity",0
52.029237,"/drivetrain/rightPos",0
52.029247,"/drivetrain/rightVelocity",0
52.029252,"/drivetrain/heading",-2.25
52.029255,"/drivetrain/headingVelocity",-0.2441406100988388
52.029258,"/drivetrain/xAcceleration",0
52.029262,"/drivetrain/yAcceleration",0
52.029265,"/drivetrain/leftOutputLog",0
52.029268,"/drivetrain/rightOutputLog",-0
52.029493,"/intake/pos",0
52.029496,"/intake/output",0
52.029926,"/shooter/rpm",0
52.02993,"/shooter/output",0.1
52.029963,"/shooter/hasBall",true
52.030006,"/shooter/temperature",42
52.030947,"/climber/rightPos",0
52.050391,"/drivetrain/leftPos",0
52.050404,"/drivetrain/leftVelocity",0
52.050417,"/drivetrain/rightPos",0
52.050427,"/drivetrain/rightVelocity",0
52.050431,"/drivetrain/heading",-2.25
52.050435,"/drivetrain/headingVelocity",0.1220703050494194
52.050438,"/drivetrain/xAcceleration",0
52.050441,"/drivetrain/yAcceleration",0
52.050444,"/drivetrain/leftOutputLog",0
52.050448,"/drivetrain/rightOutputLog",-0
52.050683,"/intake/pos",0
52.050687,"/intake/output",0
52.050859,"/shooter/rpm",0
52.050863,"/shooter/output",0.1
52.050886,"/shooter/hasBall",true
52.050918,"/shooter/temperature",42
52.051078,"/climber/rightPos",0
52.070106,"/drivetrain/leftPos",0
52.070123,"/drivetrain/leftVelocity",0
52.070139,"/drivetrain/rightPos",0
52.07015,"/drivetrain/rightVelocity",0
52.070154,"/drivetrain/heading",-2.25
52.070158,"/drivetrain/headingVelocity",0
52.070161,"/drivetrain/xAcceleration",0
52.070275,"/drivetrain/yAcceleration",0.004999999888241291
52.070283,"/drivetrain/leftOutputLog",0
52.070286,"/drivetrain/rightOutputLog",-0
52.070473,"/intake/pos",0
52.070477,"/intake/output",0
52.07065,"/shooter/rpm",0
52.070653,"/shooter/output",0.1
52.070678,"/shooter/hasBall",true
52.070698,"/shooter/temperature",42
52.070883,"/climber/rightPos",0
52.089582,"/drivetrain/leftPos",0
52.089598,"/drivetrain/leftVelocity",0
52.089612,"/drivetrain/rightPos",0
52.089622,"/drivetrain/rightVelocity",0
52.089626,"/drivetrain/heading",-2.25
52.08963,"/drivetrain/headingVelocity",-0.0610351525247097
52.089633,"/drivetrain/xAcceleration",0
52.089637,"/drivetrain/yAcceleration",0.004000000189989805
52.08964,"/drivetrain/leftOutputLog",0
52.089644,"/drivetrain/rightOutputLog",-0
52.090027,"/intake/pos",0
52.090031,"/intake/output",0
52.090207,"/shooter/rpm",0
52.090211,"/shooter/output",0.1
52.090234,"/shooter/hasBall",true
52.090266,"/shooter/temperature",42
52.090469,"/climber/rightPos",0
52.109308,"/drivetrain/leftPos",0
52.109322,"/drivetrain/leftVelocity",0
52.109335,"/drivetrain/rightPos",0
52.109345,"/drivetrain/rightVelocity",0
52.10935,"/drivetrain/heading",-2.25
52.109354,"/drivetrain/headingVelocity",0
52.109357,"/drivetrain/xAcceleration",0
52.10936,"/drivetrain/yAcceleration",0
52.109364,"/drivetrain/leftOutputLog",0
52.109367,"/drivetrain/rightOutputLog",-0
52.109618,"/intake/pos",0
52.109622,"/intake/output",0
52.109802,"/shooter/rpm",0
52.109806,"/shooter/output",0.1
52.10983,"/shooter/hasBall",true
52.10985,"/shooter/temperature",42
52.110132,"/climber/rightPos",0
52.129204,"/drivetrain/leftPos",0
52.129217,"/drivetrain/leftVelocity",0
52.12923,"/drivetrain/rightPos",0
52.129239,"/drivetrain/rightVelocity",0
52.129244,"/drivetrain/heading",-2.25
52.129247,"/drivetrain/headingVelocity",0.0610351525247097
52.12925,"/drivetrain/xAcceleration",0
52.129254,"/drivetrain/yAcceleration",-0.004999999888241291
52.129257,"/drivetrain/leftOutputLog",0
52.12926,"/drivetrain/rightOutputLog",-0
52.129445,"/intake/pos",0
52.129449,"/intake/output",0
52.129622,"/shooter/rpm",0
52.129626,"/shooter/output",0.1
52.129651,"/shooter/hasBall",true
52.129677,"/shooter/temperature",42
52.129838,"/climber/rightPos",0
52.150198,"/drivetrain/leftPos",0
52.150211,"/drivetrain/leftVelocity",0
52.150224,"/drivetrain/rightPos",0
52.150234,"/drivetrain/rightVelocity",0
52.150238,"/drivetrain/heading",-2.25
52.150242,"/drivetrain/headingVelocity",0.0610351525247097
52.150245,"/drivetrain/xAcceleration",0.004999999888241291
52.150248,"/drivetrain/yAcceleration",-0.008999999612569809
52.150252,"/drivetrain/leftOutputLog",0
52.150255,"/drivetrain/rightOutputLog",-0
52.150454,"/intake/pos",0
52.150458,"/intake/output",0
52.150633,"/shooter/rpm",0
52.150637,"/shooter/output",0.1
52.150661,"/shooter/hasBall",true
52.150681,"/shooter/temperature",42
52.150854,"/climber/rightPos",0
52.169797,"/drivetrain/leftPos",0
52.169811,"/drivetrain/leftVelocity",0
52.169824,"/drivetrain/rightPos",0
52.169833,"/drivetrain/rightVelocity",0
52.169838,"/drivetrain/heading",-2.25
52.169841,"/drivetrain/headingVelocity",0
52.169844,"/drivetrain/xAcceleration",0
52.169848,"/drivetrain/yAcceleration",0
52.169851,"/drivetrain/leftOutputLog",0
52.169854,"/drivetrain/rightOutputLog",-0
52.170027,"/intake/pos",0
52.170031,"/intake/output",0
52.170203,"/shooter/rpm",0
52.170207,"/shooter/output",0.1
52.170231,"/shooter/hasBall",true
52.170251,"/shooter/temperature",42
52.170451,"/climber/rightPos",0
52.189845,"/drivetrain/leftPos",0
52.189858,"/drivetrain/leftVelocity",0
52.189871,"/drivetrain/rightPos",0
52.189881,"/drivetrain/rightVelocity",0
52.189886,"/drivetrain/heading",-2.259999990463257
52.189889,"/drivetrain/headingVelocity",0.1220703050494194
52.189893,"/drivetrain/xAcceleration",0
52.189896,"/drivetrain/yAcceleration",0.006000000052154064
52.189899,"/drivetrain/leftOutputLog",0
52.189902,"/drivetrain/rightOutputLog",-0
52.190059,"/intake/pos",0
52.190063,"/intake/output",0
52.190218,"/shooter/rpm",0
52.190222,"/shooter/output",0.1
52.190244,"/shooter/hasBall",true
52.190279,"/shooter/temperature",42
52.190548,"/climber/rightPos",0
52.209697,"/drivetrain/leftPos",0
52.209711,"/drivetrain/leftVelocity",0
52.209725,"/drivetrain/rightPos",0
52.209735,"/drivetrain/rightVelocity",0
52.209739,"/drivetrain/heading",-2.259999990463257
52.209743,"/drivetrain/headingVelocity",0.0610351525247097
52.209746,"/drivetrain/xAcceleration",0.007000000216066837
52.209749,"/drivetrain/yAcceleration",0
52.209752,"/drivetrain/leftOutputLog",0
52.209756,"/drivetrain/rightOutputLog",-0
52.210768,"/intake/pos",0
52.210772,"/intake/output",0
52.210953,"/shooter/rpm",0
52.210957,"/shooter/output",0.1
52.210982,"/shooter/hasBall",true
52.211019,"/shooter/temperature",42
52.211207,"/climber/rightPos",0
52.22946,"/drivetrain/leftPos",0
52.229474,"/drivetrain/leftVelocity",0
52.229488,"/drivetrain/rightPos",0
52.229499,"/drivetrain/rightVelocity",0
52.229503,"/drivetrain/heading",-2.259999990463257
52.229507,"/drivetrain/headingVelocity",0
52.22951,"/drivetrain/xAcceleration",0
52.229513,"/drivetrain/yAcceleration",0
52.229516,"/drivetrain/leftOutputLog",0
52.229614,"/drivetrain/rightOutputLog",-0
52.230057,"/intake/pos",0
52.230061,"/intake/output",0
52.230718,"/shooter/rpm",0
52.230722,"/shooter/output",0.1
52.230749,"/shooter/hasBall",true
52.230793,"/shooter/temperature",42
52.230962,"/climber/rightPos",0
52.249292,"/drivetrain/leftPos",0
52.249305,"/drivetrain/leftVelocity",0
52.249318,"/drivetrain/rightPos",0
52.249328,"/drivetrain/rightVelocity",0
52.249333,"/drivetrain/heading",-2.25
52.249336,"/drivetrain/headingVelocity",-0.1831054538488388
52.24934,"/drivetrain/xAcceleration",0
52.249343,"/drivetrain/yAcceleration",0
52.249346,"/drivetrain/leftOutputLog",0
52.249349,"/drivetrain/rightOutputLog",-0
52.249543,"/intake/pos",0
52.249547,"/intake/output",0
52.249762,"/shooter/rpm",0
52.249768,"/shooter/output",0.1
52.249794,"/shooter/hasBall",true
52.249835,"/shooter/temperature",42
52.250067,"/climber/rightPos",0
52.269596,"/drivetrain/leftPos",0
52.26961,"/drivetrain/leftVelocity",0
52.269624,"/drivetrain/rightPos",0
52.269634,"/drivetrain/rightVelocity",0
52.269639,"/drivetrain/heading",-2.25
52.269642,"/drivetrain/headingVelocity",-0.1220703050494194
52.269645,"/drivetrain/xAcceleration",0
52.269649,"/drivetrain/yAcceleration",0
52.269652,"/drivetrain/leftOutputLog",0
52.269655,"/drivetrain/rightOutputLog",-0
52.269853,"/intake/pos",0
52.269857,"/intake/output",0
52.270125,"/shooter/rpm",0
52.270129,"/shooter/output",0.1
52.270154,"/shooter/hasBall",true
52.270191,"/shooter/temperature",42
52.270349,"/climber/rightPos",0
52.289206,"/drivetrain/leftPos",0
52.289221,"/drivetrain/leftVelocity",0
52.289235,"/drivetrain/rightPos",0
52.289244,"/drivetrain/rightVelocity",0
52.289249,"/drivetrain/heading",-2.25
52.289252,"/drivetrain/headingVelocity",-0.1220703050494194
52.289255,"/drivetrain/xAcceleration",-0.003000000026077032
52.289259,"/drivetrain/yAcceleration",0.004000000189989805
52.289262,"/drivetrain/leftOutputLog",0
52.289265,"/drivetrain/rightOutputLog",-0
52.289686,"/intake/pos",0
52.289691,"/intake/output",0
52.289902,"/shooter/rpm",0
52.289906,"/shooter/output",0.1
52.28993,"/shooter/hasBall",true
52.289963,"/shooter/temperature",42
52.290233,"/climber/rightPos",0
52.309517,"/drivetrain/leftPos",0
52.30953,"/drivetrain/leftVelocity",0
52.309545,"/drivetrain/rightPos",0
52.309554,"/drivetrain/rightVelocity",0
52.309559,"/drivetrain/heading",-2.240000009536743
52.309563,"/drivetrain/headingVelocity",-0.1831054538488388
52.309566,"/drivetrain/xAcceleration",0
52.30957,"/drivetrain/yAcceleration",-0.008999999612569809
52.309573,"/drivetrain/leftOutputLog",0
52.309576,"/drivetrain/rightOutputLog",-0
52.309925,"/intake/pos",0
52.309929,"/intake/output",0
52.310111,"/shooter/rpm",0
52.310115,"/shooter/output",0.1
52.310139,"/shooter/hasBall",true
52.310171,"/shooter/temperature",42
52.31036,"/climber/rightPos",0
52.329214,"/drivetrain/leftPos",0
52.329228,"/drivetrain/leftVelocity",0
52.329241,"/drivetrain/rightPos",0
52.329251,"/drivetrain/rightVelocity",0
52.329256,"/drivetrain/heading",-2.240000009536743
52.32926,"/drivetrain/headingVelocity",-0.1220703050494194
52.329263,"/drivetrain/xAcceleration",0
52.329267,"/drivetrain/yAcceleration",-0.004999999888241291
52.32927,"/drivetrain/leftOutputLog",0
52.329274,"/drivetrain/rightOutputLog",-0
52.329509,"/intake/pos",0
52.329513,"/intake/output",0
52.3297,"/shooter/rpm",0
52.329704,"/shooter/output",0.1
52.329728,"/shooter/hasBall",true
52.329748,"/shooter/temperature",42
52.330008,"/climber/rightPos",0
52.349605,"/drivetrain/leftPos",0
52.349619,"/drivetrain/leftVelocity",0
52.349632,"/drivetrain/rightPos",0
52.349642,"/drivetrain/rightVelocity",0
52.349647,"/drivetrain/heading",-2.2300000190734863
52.349651,"/drivetrain/headingVelocity",0
52.349654,"/drivetrain/xAcceleration",0
52.349657,"/drivetrain/yAcceleration",-0.004000000189989805
52.34966,"/drivetrain/leftOutputLog",0
52.349663,"/drivetrain/rightOutputLog",-0
52.349835,"/intake/pos",0
52.349839,"/intake/output",0
52.350046,"/shooter/rpm",0
52.35005,"/shooter/output",0.1
52.350074,"/shooter/hasBall",true
52.350099,"/shooter/temperature",42
52.350313,"/climber/rightPos",0
52.369532,"/drivetrain/leftPos",0
52.369555,"/drivetrain/leftVelocity",0
52.369572,"/drivetrain/rightPos",0
52.369582,"/drivetrain/rightVelocity",0
52.369586,"/drivetrain/heading",-2.240000009536743
52.36959,"/drivetrain/headingVelocity",0.2441406100988388
52.369593,"/drivetrain/xAcceleration",-0.006000000052154064
52.369596,"/drivetrain/yAcceleration",-0.003000000026077032
52.3696,"/drivetrain/leftOutputLog",0
52.369603,"/drivetrain/rightOutputLog",-0
52.369802,"/intake/pos",0
52.369805,"/intake/output",0
52.369978,"/shooter/rpm",0
52.369982,"/shooter/output",0.1
52.370052,"/shooter/hasBall",true
52.370076,"/shooter/temperature",42
52.370317,"/climber/rightPos",0
52.389975,"/drivetrain/leftPos",0
52.389989,"/drivetrain/leftVelocity",0
52.390003,"/drivetrain/rightPos",0
52.390014,"/drivetrain/rightVelocity",0
52.390019,"/drivetrain/heading",-2.25
52.390023,"/drivetrain/headingVelocity",0.2441406100988388
52.390026,"/drivetrain/xAcceleration",0
52.390029,"/drivetrain/yAcceleration",0
52.390033,"/drivetrain/leftOutputLog",0
52.390036,"/drivetrain/rightOutputLog",-0
52.390375,"/intake/pos",0
52.390379,"/intake/output",0
52.390641,"/shooter/rpm",0
52.390645,"/shooter/output",0.1
52.390671,"/shooter/hasBall",true
52.390692,"/shooter/temperature",42
52.390842,"/climber/rightPos",0
52.409829,"/drivetrain/leftPos",0
52.409845,"/drivetrain/leftVelocity",0
52.409859,"/drivetrain/rightPos",0
52.40987,"/drivetrain/rightVelocity",0
52.409874,"/drivetrain/heading",-2.25
52.409878,"/drivetrain/headingVelocity",0.1220703050494194
52.409881,"/drivetrain/xAcceleration",0
52.409884,"/drivetrain/yAcceleration",0.004000000189989805
52.409888,"/drivetrain/leftOutputLog",0
52.409891,"/drivetrain/rightOutputLog",-0
52.410329,"/intake/pos",0
52.410333,"/intake/output",0
52.410738,"/shooter/rpm",0
52.410742,"/shooter/output",0.1
52.41077,"/shooter/hasBall",true
52.41081,"/shooter/temperature",42
52.410987,"/climber/rightPos",0
52.429186,"/drivetrain/leftPos",0
52.429198,"/drivetrain/leftVelocity",0
52.429211,"/drivetrain/rightPos",0
52.429221,"/drivetrain/rightVelocity",0
52.429225,"/drivetrain/heading",-2.25
52.429229,"/drivetrain/headingVelocity",0.0610351525247097
52.429232,"/drivetrain/xAcceleration",0
52.429235,"/drivetrain/yAcceleration",0
52.429238,"/drivetrain/leftOutputLog",0
52.429242,"/drivetrain/rightOutputLog",-0
52.429404,"/intake/pos",0
52.429408,"/intake/output",0
52.429601,"/shooter/rpm",0
52.429605,"/shooter/output",0.1
52.429627,"/shooter/hasBall",true
52.429713,"/shooter/temperature",42
52.429876,"/climber/rightPos",0
52.449707,"/drivetrain/leftPos",0
52.44972,"/drivetrain/leftVelocity",0
52.449734,"/drivetrain/rightPos",0
52.449744,"/drivetrain/rightVelocity",0
52.449749,"/drivetrain/heading",-2.25
52.449753,"/drivetrain/headingVelocity",0
52.449756,"/drivetrain/xAcceleration",0
52.449759,"/drivetrain/yAcceleration",0
52.449763,"/drivetrain/leftOutputLog",0
52.449766,"/drivetrain/rightOutputLog",-0
52.449945,"/intake/pos",0
52.449948,"/intake/output",0
52.450252,"/shooter/rpm",0
52.450256,"/shooter/output",0.1
52.450281,"/shooter/hasBall",true
52.45032,"/shooter/temperature",42
52.450466,"/climber/rightPos",0
52.469987,"/drivetrain/leftPos",0
52.470001,"/drivetrain/leftVelocity",0
52.470014,"/drivetrain/rightPos",0
52.470024,"/drivetrain/rightVelocity",0
52.470029,"/drivetrain/heading",-2.25
52.470032,"/drivetrain/headingVelocity",-0.1220703050494194
52.470035,"/drivetrain/xAcceleration",0
52.470038,"/drivetrain/yAcceleration",0
52.470041,"/drivetrain/leftOutputLog",0
52.470045,"/drivetrain/rightOutputLog",-0
52.47035,"/intake/pos",0
52.470354,"/intake/output",0
52.470545,"/shooter/rpm",0
52.470549,"/shooter/output",0.1
52.470573,"/shooter/hasBall",true
52.470611,"/shooter/temperature",42
52.470755,"/climber/rightPos",0
52.489951,"/drivetrain/leftPos",0
52.489964,"/drivetrain/leftVelocity",0
52.489977,"/drivetrain/rightPos",0
52.489987,"/drivetrain/rightVelocity",0
52.489992,"/drivetrain/heading",-2.25
52.489996,"/drivetrain/headingVelocity",-0.1220703050494194
52.489999,"/drivetrain/xAcceleration",-0.003000000026077032
52.490002,"/drivetrain/yAcceleration",0
52.490006,"/drivetrain/leftOutputLog",0
52.490009,"/drivetrain/rightOutputLog",-0
52.490175,"/intake/pos",0
52.490179,"/intake/output",0
52.490481,"/shooter/rpm",0
52.490485,"/shooter/output",0.1
52.490515,"/shooter/hasBall",true
52.490554,"/shooter/temperature",42
52.490849,"/climber/rightPos",0
52.509718,"/drivetrain/leftPos",0
52.509736,"/drivetrain/leftVelocity",0
52.50975,"/drivetrain/rightPos",0
52.50976,"/drivetrain/rightVelocity",0
52.509764,"/drivetrain/heading",-2.240000009536743
52.509768,"/drivetrain/headingVelocity",-0.0610351525247097
52.509771,"/drivetrain/xAcceleration",0
52.509774,"/drivetrain/yAcceleration",0
52.509778,"/drivetrain/leftOutputLog",0
52.509781,"/drivetrain/rightOutputLog",-0
52.510205,"/intake/pos",0
52.510209,"/intake/output",0
52.510645,"/shooter/rpm",0
52.510649,"/shooter/output",0.1
52.510674,"/shooter/hasBall",true
52.510707,"/shooter/temperature",42
52.51102,"/climber/rightPos",0
52.530084,"/drivetrain/leftPos",0
52.530098,"/drivetrain/leftVelocity",0
52.530111,"/drivetrain/rightPos",0
52.530122,"/drivetrain/rightVelocity",0
52.530126,"/drivetrain/heading",-2.240000009536743
52.53013,"/drivetrain/headingVelocity",-0.0610351525247097
52.530133,"/drivetrain/xAcceleration",0
52.530136,"/drivetrain/yAcceleration",-0.004000000189989805
52.53014,"/drivetrain/leftOutputLog",0
52.530143,"/drivetrain/rightOutputLog",-0
52.530325,"/intake/pos",0
52.530329,"/intake/output",0
52.530502,"/shooter/rpm",0
52.530506,"/shooter/output",0.1
52.530531,"/shooter/hasBall",true
52.530564,"/shooter/temperature",42
52.530856,"/climber/rightPos",0
52.549223,"/drivetrain/leftPos",0
52.549237,"/drivetrain/leftVelocity",0
52.54925,"/drivetrain/rightPos",0
52.54926,"/drivetrain/rightVelocity",0
52.549264,"/drivetrain/heading",-2.240000009536743
52.549268,"/drivetrain/headingVelocity",-0.1831054538488388
52.549271,"/drivetrain/xAcceleration",0
52.549274,"/drivetrain/yAcceleration",-0.003000000026077032
52.549277,"/drivetrain/leftOutputLog",0
52.54928,"/drivetrain/rightOutputLog",-0
52.549581,"/intake/pos",0
52.549585,"/intake/output",0
52.550709,"/shooter/rpm",0
52.550714,"/shooter/output",0.1
52.550755,"/shooter/hasBall",true
52.550796,"/shooter/temperature",42
52.551006,"/climber/rightPos",0
52.569642,"/drivetrain/leftPos",0
52.569658,"/drivetrain/leftVelocity",0
52.569672,"/drivetrain/rightPos",0
52.569683,"/drivetrain/rightVelocity",0
52.569688,"/drivetrain/heading",-2.2300000190734863
52.569692,"/drivetrain/headingVelocity",-0.2441406100988388
52.569696,"/drivetrain/xAcceleration",0
52.569699,"/drivetrain/yAcceleration",0
52.569703,"/drivetrain/leftOutputLog",0
52.569706,"/drivetrain/rightOutputLog",-0
52.570251,"/intake/pos",0
52.570256,"/intake/output",0
52.570464,"/shooter/rpm",0
52.570468,"/shooter/output",0.1
52.570492,"/shooter/hasBall",true
52.570525,"/shooter/temperature",42
52.570744,"/climber/rightPos",0
52.589479,"/drivetrain/leftPos",0
52.589494,"/drivetrain/leftVelocity",0
52.589509,"/drivetrain/rightPos",0
52.589519,"/drivetrain/rightVelocity",0
52.589523,"/drivetrain/heading",-2.2300000190734863
52.589527,"/drivetrain/headingVelocity",0
52.58953,"/drivetrain/xAcceleration",0
52.589533,"/drivetrain/yAcceleration",-0.003000000026077032
52.589537,"/drivetrain/leftOutputLog",0
52.58954,"/drivetrain/rightOutputLog",-0
52.590053,"/intake/pos",0
52.590057,"/intake/output",0
52.590254,"/shooter/rpm",0
52.590258,"/shooter/output",0.1
52.590282,"/shooter/hasBall",true
52.590308,"/shooter/temperature",42
52.590455,"/climber/rightPos",0
52.610104,"/drivetrain/leftPos",0
52.610116,"/drivetrain/leftVelocity",0
52.610131,"/drivetrain/rightPos",0
52.610141,"/drivetrain/rightVelocity",0
52.610146,"/drivetrain/heading",-2.2300000190734863
52.610149,"/drivetrain/headingVelocity",0.1220703050494194
52.610152,"/drivetrain/xAcceleration",-0.007000000216066837
52.610156,"/drivetrain/yAcceleration",0
52.610159,"/drivetrain/leftOutputLog",0
52.610162,"/drivetrain/rightOutputLog",-0
52.610382,"/intake/pos",0
52.610386,"/intake/output",0
52.610591,"/shooter/rpm",0
52.610595,"/shooter/output",0.1
52.610621,"/shooter/hasBall",true
52.610642,"/shooter/temperature",42
52.610807,"/climber/rightPos",0
52.629937,"/drivetrain/leftPos",0
52.630006,"/drivetrain/leftVelocity",0
52.630022,"/drivetrain/rightPos",0
52.630032,"/drivetrain/rightVelocity",0
52.630037,"/drivetrain/heading",-2.240000009536743
52.630041,"/drivetrain/headingVelocity",0.1220703050494194
52.630044,"/drivetrain/xAcceleration",0
52.630047,"/drivetrain/yAcceleration",-0.004000000189989805
52.63005,"/drivetrain/leftOutputLog",0
52.630054,"/drivetrain/rightOutputLog",-0
52.630219,"/intake/pos",0
52.630223,"/intake/output",0
52.63038,"/shooter/rpm",0
52.630384,"/shooter/output",0.1
52.630408,"/shooter/hasBall",true
52.630428,"/shooter/temperature",42
52.630601,"/climber/rightPos",0
52.649959,"/drivetrain/leftPos",0
52.649972,"/drivetrain/leftVelocity",0
52.649984,"/drivetrain/rightPos",0
52.649995,"/drivetrain/rightVelocity",0
52.649999,"/drivetrain/heading",-2.240000009536743
52.650003,"/drivetrain/headingVelocity",0.1831054538488388
52.650006,"/drivetrain/xAcceleration",0
52.650009,"/drivetrain/yAcceleration",0
52.650012,"/drivetrain/leftOutputLog",0
52.650015,"/drivetrain/rightOutputLog",-0
52.650181,"/intake/pos",0
52.650184,"/intake/output",0
52.650399,"/shooter/rpm",0
52.650403,"/shooter/output",0.1
52.650429,"/shooter/hasBall",true
52.650466,"/shooter/temperature",42
52.650649,"/climber/rightPos",0
52.66992,"/drivetrain/leftPos",0
52.669934,"/drivetrain/leftVelocity",0
52.669947,"/drivetrain/rightPos",0
52.669957,"/drivetrain/rightVelocity",0
52.669962,"/drivetrain/heading",-2.25
52.669965,"/drivetrain/headingVelocity",0.1831054538488388
52.669968,"/drivetrain/xAcceleration",0
52.669972,"/drivetrain/yAcceleration",0.006000000052154064
52.669975,"/drivetrain/leftOutputLog",0
52.669978,"/drivetrain/rightOutputLog",-0
52.670188,"/intake/pos",0
52.670236,"/intake/output",0
52.670432,"/shooter/rpm",0
52.670435,"/shooter/output",0.1
52.670459,"/shooter/hasBall",true
52.670498,"/shooter/temperature",42
52.670685,"/climber/rightPos",0
52.690534,"/drivetrain/leftPos",0
52.690548,"/drivetrain/leftVelocity",0
52.690563,"/drivetrain/rightPos",0
52.690572,"/drivetrain/rightVelocity",0
52.690577,"/drivetrain/heading",-2.25
52.690581,"/drivetrain/headingVelocity",0.1831054538488388
52.690726,"/drivetrain/xAcceleration",0.006000000052154064
52.69073,"/drivetrain/yAcceleration",0.004000000189989805
52.690733,"/drivetrain/leftOutputLog",0
52.690737,"/drivetrain/rightOutputLog",-0
52.690941,"/intake/pos",0
52.690945,"/intake/output",0
52.691124,"/shooter/rpm",0
52.691128,"/shooter/output",0.1
52.691153,"/shooter/hasBall",true
52.691191,"/shooter/temperature",42
52.691371,"/climber/rightPos",0
52.710046,"/drivetrain/leftPos",0
52.710061,"/drivetrain/leftVelocity",0
52.710076,"/drivetrain/rightPos",0
52.710087,"/drivetrain/rightVelocity",0
52.710091,"/drivetrain/heading",-2.25
52.710095,"/drivetrain/headingVelocity",0
52.710099,"/drivetrain/xAcceleration",-0.003000000026077032
52.710102,"/drivetrain/yAcceleration",0
52.710105,"/drivetrain/leftOutputLog",0
52.710109,"/drivetrain/rightOutputLog",-0
52.710383,"/intake/pos",0
52.710387,"/intake/output",0
52.710584,"/shooter/rpm",0
52.710588,"/shooter/output",0.1
52.710648,"/shooter/hasBall",true
52.710696,"/shooter/temperature",42
52.710857,"/climber/rightPos",0
52.729197,"/drivetrain/leftPos",0
52.729209,"/drivetrain/leftVelocity",0
52.729223,"/drivetrain/rightPos",0
52.729232,"/drivetrain/rightVelocity",0
52.729237,"/drivetrain/heading",-2.25
52.729241,"/drivetrain/headingVelocity",0
52.729244,"/drivetrain/xAcceleration",0
52.729247,"/drivetrain/yAcceleration",-0.004000000189989805
52.72925,"/drivetrain/leftOutputLog",0
52.729254,"/drivetrain/rightOutputLog",-0
52.729416,"/intake/pos",0
52.72942,"/intake/output",0
52.729782,"/shooter/rpm",0
52.729787,"/shooter/output",0.1
52.729816,"/shooter/hasBall",true
52.729912,"/shooter/temperature",42
52.730103,"/climber/rightPos",0
52.74979,"/drivetrain/leftPos",0
52.749804,"/drivetrain/leftVelocity",0
52.749819,"/drivetrain/rightPos",0
52.749829,"/drivetrain/rightVelocity",0
52.749834,"/drivetrain/heading",-2.25
52.749838,"/drivetrain/headingVelocity",0
52.749841,"/drivetrain/xAcceleration",0
52.749844,"/drivetrain/yAcceleration",0
52.749847,"/drivetrain/leftOutputLog",0
52.74985,"/drivetrain/rightOutputLog",-0
52.75002,"/intake/pos",0
52.750024,"/intake/output",0
52.750303,"/shooter/rpm",0
52.750307,"/shooter/output",0.1
52.750333,"/shooter/hasBall",true
52.750366,"/shooter/temperature",42
52.750571,"/climber/rightPos",0
52.769822,"/drivetrain/leftPos",0
52.769836,"/drivetrain/leftVelocity",0
52.769907,"/drivetrain/rightPos",0
52.769923,"/drivetrain/rightVelocity",0
52.769928,"/drivetrain/heading",-2.240000009536743
52.769932,"/drivetrain/headingVelocity",-0.0610351525247097
52.769935,"/drivetrain/xAcceleration",0.004999999888241291
52.769939,"/drivetrain/yAcceleration",-0.008999999612569809
52.769942,"/drivetrain/leftOutputLog",0
52.769945,"/drivetrain/rightOutputLog",-0
52.770149,"/intake/pos",0
52.770152,"/intake/output",0
52.770331,"/shooter/rpm",0
52.770335,"/shooter/output",0.1
52.770358,"/shooter/hasBall",true
52.770388,"/shooter/temperature",42
52.770619,"/climber/rightPos",0
52.789741,"/drivetrain/leftPos",0
52.789754,"/drivetrain/leftVelocity",0
52.789768,"/drivetrain/rightPos",0
52.789777,"/drivetrain/rightVelocity",0
52.789782,"/drivetrain/heading",-2.240000009536743
52.789785,"/drivetrain/headingVelocity",-0.1220703050494194
52.789788,"/drivetrain/xAcceleration",0
52.789792,"/drivetrain/yAcceleration",-0.004999999888241291
52.789795,"/drivetrain/leftOutputLog",0
52.789798,"/drivetrain/rightOutputLog",-0
52.790331,"/intake/pos",0
52.790336,"/intake/output",0
52.79057,"/shooter/rpm",0
52.790574,"/shooter/output",0.1
52.79064,"/shooter/hasBall",true
52.79068,"/shooter/temperature",42
52.790873,"/climber/rightPos",0
52.810786,"/drivetrain/leftPos",0
52.810799,"/drivetrain/leftVelocity",0
52.810812,"/drivetrain/rightPos",0
52.810822,"/drivetrain/rightVelocity",0
52.810826,"/drivetrain/heading",-2.240000009536743
52.81083,"/drivetrain/headingVelocity",0
52.810833,"/drivetrain/xAcceleration",-0.008999999612569809
52.810836,"/drivetrain/yAcceleration",0.003000000026077032
52.81084,"/drivetrain/leftOutputLog",0
52.810843,"/drivetrain/rightOutputLog",-0
52.81109,"/intake/pos",0
52.811095,"/intake/output",0
52.811267,"/shooter/rpm",0
52.811271,"/shooter/output",0.1
52.811297,"/shooter/hasBall",true
52.81133,"/shooter/temperature",42
52.811543,"/climber/rightPos",0
52.829222,"/drivetrain/leftPos",0
52.829236,"/drivetrain/leftVelocity",0
52.82925,"/drivetrain/rightPos",0
52.82926,"/drivetrain/rightVelocity",0
52.829265,"/drivetrain/heading",-2.240000009536743
52.829268,"/drivetrain/headingVelocity",0
52.829272,"/drivetrain/xAcceleration",-0.006000000052154064
52.829275,"/drivetrain/yAcceleration",-0.004999999888241291
52.829278,"/drivetrain/leftOutputLog",0
52.829282,"/drivetrain/rightOutputLog",-0
52.829471,"/intake/pos",0
52.829475,"/intake/output",0
52.829637,"/shooter/rpm",0
52.82964,"/shooter/output",0.1
52.829666,"/shooter/hasBall",true
52.829692,"/shooter/temperature",42
52.830173,"/climber/rightPos",0
52.849577,"/drivetrain/leftPos",0
52.849591,"/drivetrain/leftVelocity",0
52.849606,"/drivetrain/rightPos",0
52.849615,"/drivetrain/rightVelocity",0
52.84962,"/drivetrain/heading",-2.240000009536743
52.849623,"/drivetrain/headingVelocity",0.0610351525247097
52.849626,"/drivetrain/xAcceleration",0
52.84963,"/drivetrain/yAcceleration",-0.007000000216066837
52.849633,"/drivetrain/leftOutputLog",0
52.849636,"/drivetrain/rightOutputLog",-0
52.849838,"/intake/pos",0
52.849842,"/intake/output",0
52.850017,"/shooter/rpm",0
52.850021,"/shooter/output",0.1
52.850044,"/shooter/hasBall",true
52.850069,"/shooter/temperature",42
52.850248,"/climber/rightPos",0
52.87072,"/drivetrain/leftPos",0
52.870735,"/drivetrain/leftVelocity",0
52.870748,"/drivetrain/rightPos",0
52.870759,"/drivetrain/rightVelocity",0
52.870764,"/drivetrain/heading",-2.240000009536743
52.870767,"/drivetrain/headingVelocity",-0.1220703050494194
52.870771,"/drivetrain/xAcceleration",0
52.870774,"/drivetrain/yAcceleration",-0.003000000026077032
52.870777,"/drivetrain/leftOutputLog",0
52.870781,"/drivetrain/rightOutputLog",-0
52.871,"/intake/pos",0
52.871004,"/intake/output",0
52.871187,"/shooter/rpm",0
52.871191,"/shooter/output",0.1
52.871216,"/shooter/hasBall",true
52.871236,"/shooter/temperature",42
52.871419,"/climber/rightPos",0
52.889702,"/drivetrain/leftPos",0
52.889715,"/drivetrain/leftVelocity",0
52.889728,"/drivetrain/rightPos",0
52.889738,"/drivetrain/rightVelocity",0
52.889742,"/drivetrain/heading",-2.240000009536743
52.889746,"/drivetrain/headingVelocity",-0.0610351525247097
52.889749,"/drivetrain/xAcceleration",-0.004999999888241291
52.889752,"/drivetrain/yAcceleration",0.004000000189989805
52.889756,"/drivetrain/leftOutputLog",0
52.889759,"/drivetrain/rightOutputLog",-0
52.889941,"/intake/pos",0
52.889945,"/intake/output",0
52.89032,"/shooter/rpm",0
52.890324,"/shooter/output",0.1
52.890352,"/shooter/hasBall",true
52.890373,"/shooter/temperature",42
52.890548,"/climber/rightPos",0
52.909285,"/drivetrain/leftPos",0
52.9093,"/drivetrain/leftVelocity",0
52.909313,"/drivetrain/rightPos",0
52.909323,"/drivetrain/rightVelocity",0
52.909328,"/drivetrain/heading",-2.240000009536743
52.909331,"/drivetrain/headingVelocity",0
52.909335,"/drivetrain/xAcceleration",0
52.909338,"/drivetrain/yAcceleration",0
52.909341,"/drivetrain/leftOutputLog",0
52.909345,"/drivetrain/rightOutputLog",-0
52.90953,"/intake/pos",0
52.909533,"/intake/output",0
52.909776,"/shooter/rpm",0
52.90978,"/shooter/output",0.1
52.909805,"/shooter/hasBall",true
52.909843,"/shooter/temperature",42
52.910042,"/climber/rightPos",0
52.929272,"/drivetrain/leftPos",0
52.929285,"/drivetrain/leftVelocity",0
52.929299,"/drivetrain/rightPos",0
52.929308,"/drivetrain/rightVelocity",0
52.929313,"/drivetrain/heading",-2.240000009536743
52.929317,"/drivetrain/headingVelocity",0.2441406100988388
52.92932,"/drivetrain/xAcceleration",-0.004000000189989805
52.929323,"/drivetrain/yAcceleration",-0.00800000037997961
52.929326,"/drivetrain/leftOutputLog",0
52.92933,"/drivetrain/rightOutputLog",-0
52.929694,"/intake/pos",0
52.929698,"/intake/output",0
52.930134,"/shooter/rpm",0
52.930138,"/shooter/output",0.1
52.930167,"/shooter/hasBall",true
52.93021,"/shooter/temperature",42
52.930437,"/climber/rightPos",0
52.949673,"/drivetrain/leftPos",0
52.949687,"/drivetrain/leftVelocity",0
52.9497,"/drivetrain/rightPos",0
52.94971,"/drivetrain/rightVelocity",0
52.949715,"/drivetrain/heading",-2.25
52.949718,"/drivetrain/headingVelocity",0.0610351525247097
52.949722,"/drivetrain/xAcceleration",0.007000000216066837
52.949725,"/drivetrain/yAcceleration",0
52.949728,"/drivetrain/leftOutputLog",0
52.949732,"/drivetrain/rightOutputLog",-0
52.949897,"/intake/pos",0
52.949902,"/intake/output",0
52.950096,"/shooter/rpm",0
52.9501,"/shooter/output",0.1
52.950126,"/shooter/hasBall",true
52.950165,"/shooter/temperature",42
52.950308,"/climber/rightPos",0
52.96973,"/drivetrain/leftPos",0
52.969744,"/drivetrain/leftVelocity",0
52.969757,"/drivetrain/rightPos",0
52.969767,"/drivetrain/rightVelocity",0
52.969771,"/drivetrain/heading",-2.25
52.969775,"/drivetrain/headingVelocity",0.1220703050494194
52.969778,"/drivetrain/xAcceleration",0.004999999888241291
52.969781,"/drivetrain/yAcceleration",0
52.969784,"/drivetrain/leftOutputLog",0
52.969788,"/drivetrain/rightOutputLog",-0
52.969989,"/intake/pos",0
52.969993,"/intake/output",0
52.970174,"/shooter/rpm",0
52.970178,"/shooter/output",0.1
52.970202,"/shooter/hasBall",true
52.97024,"/shooter/temperature",42
52.970451,"/climber/rightPos",0
52.989414,"/drivetrain/leftPos",0
52.989427,"/drivetrain/leftVelocity",0
52.989439,"/drivetrain/rightPos",0
52.989449,"/drivetrain/rightVelocity",0
52.989453,"/drivetrain/heading",-2.25
52.989457,"/drivetrain/headingVelocity",0
52.98946,"/drivetrain/xAcceleration",0
52.989463,"/drivetrain/yAcceleration",0.003000000026077032
52.989466,"/drivetrain/leftOutputLog",0
52.98947,"/drivetrain/rightOutputLog",-0
52.989667,"/intake/pos",0
52.98967,"/intake/output",0
52.989844,"/shooter/rpm",0
52.989847,"/shooter/output",0.1
52.989871,"/shooter/hasBall",true
52.989912,"/shooter/temperature",42
52.990099,"/climber/rightPos",0
53.009281,"/drivetrain/leftPos",0
53.009294,"/drivetrain/leftVelocity",0
53.009307,"/drivetrain/rightPos",0
53.009317,"/drivetrain/rightVelocity",0
53.009321,"/drivetrain/heading",-2.25
53.009325,"/drivetrain/headingVelocity",0
53.009328,"/drivetrain/xAcceleration",0
53.009331,"/drivetrain/yAcceleration",-0.004000000189989805
53.009335,"/drivetrain/leftOutputLog",0
53.009338,"/drivetrain/rightOutputLog",-0
53.009569,"/intake/pos",0
53.009573,"/intake/output",0
53.009748,"/shooter/rpm",0
53.009752,"/shooter/output",0.1
53.009775,"/shooter/hasBall",true
53.009807,"/shooter/temperature",42
53.009958,"/climber/rightPos",0
53.029525,"/drivetrain/leftPos",0
53.029539,"/drivetrain/leftVelocity",0
53.029553,"/drivetrain/rightPos",0
53.029562,"/drivetrain/rightVelocity",0
53.029567,"/drivetrain/heading",-2.25
53.029571,"/drivetrain/headingVelocity",-0.0610351525247097
53.029574,"/drivetrain/xAcceleration",-0.004000000189989805
53.029577,"/drivetrain/yAcceleration",0
53.02958,"/drivetrain/leftOutputLog",0
53.029584,"/drivetrain/rightOutputLog",-0
53.029767,"/intake/pos",0
53.029771,"/intake/output",0
53.029941,"/shooter/rpm",0
53.029945,"/shooter/output",0.1
53.029968,"/shooter/hasBall",true
53.029999,"/shooter/temperature",42
53.030179,"/climber/rightPos",0
53.049908,"/drivetrain/leftPos",0
53.049924,"/drivetrain/leftVelocity",0
53.04994,"/drivetrain/rightPos",0
53.04995,"/drivetrain/rightVelocity",0
53.049955,"/drivetrain/heading",-2.25
53.049959,"/drivetrain/headingVelocity",0
53.049963,"/drivetrain/xAcceleration",0
53.049966,"/drivetrain/yAcceleration",0
53.049969,"/drivetrain/leftOutputLog",0
53.049973,"/drivetrain/rightOutputLog",-0
53.050415,"/intake/pos",0
53.050419,"/intake/output",0
53.050693,"/shooter/rpm",0
53.050697,"/shooter/output",0.1
53.050724,"/shooter/hasBall",true
53.050758,"/shooter/temperature",42
53.050923,"/climber/rightPos",0
53.069361,"/drivetrain/leftPos",0
53.069375,"/drivetrain/leftVelocity",0
53.069388,"/drivetrain/rightPos",0
53.069398,"/drivetrain/rightVelocity",0
53.069403,"/drivetrain/heading",-2.25
53.069407,"/drivetrain/headingVelocity",0.0610351525247097
53.06941,"/drivetrain/xAcceleration",0
53.069413,"/drivetrain/yAcceleration",0
53.069416,"/drivetrain/leftOutputLog",0
53.069419,"/drivetrain/rightOutputLog",-0
53.069586,"/intake/pos",0
53.069589,"/intake/output",0
53.069739,"/shooter/rpm",0
53.069743,"/shooter/output",0.1
53.069766,"/shooter/hasBall",true
53.069787,"/shooter/temperature",42
53.069957,"/climber/rightPos",0
53.089954,"/drivetrain/leftPos",0
53.089967,"/drivetrain/leftVelocity",0
53.08998,"/drivetrain/rightPos",0
53.08999,"/drivetrain/rightVelocity",0
53.089994,"/drivetrain/heading",-2.25
53.089997,"/drivetrain/headingVelocity",0.1220703050494194
53.090001,"/drivetrain/xAcceleration",0
53.090004,"/drivetrain/yAcceleration",0
53.090007,"/drivetrain/leftOutputLog",0
53.09001,"/drivetrain/rightOutputLog",-0
53.090194,"/intake/pos",0
53.090198,"/intake/output",0
53.090371,"/shooter/rpm",0
53.090374,"/shooter/output",0.1
53.090397,"/shooter/hasBall",true
53.090423,"/shooter/temperature",42
53.090596,"/climber/rightPos",0
53.109417,"/drivetrain/leftPos",0
53.109432,"/drivetrain/leftVelocity",0
53.109445,"/drivetrain/rightPos",0
53.109455,"/drivetrain/rightVelocity",0
53.10946,"/drivetrain/heading",-2.25
53.109463,"/drivetrain/headingVelocity",-0.0610351525247097
53.109467,"/drivetrain/xAcceleration",0
53.10947,"/drivetrain/yAcceleration",0.003000000026077032
53.109473,"/drivetrain/leftOutputLog",0
53.109476,"/drivetrain/rightOutputLog",-0
53.109724,"/intake/pos",0
53.109729,"/intake/output",0
53.109894,"/shooter/rpm",0
53.109898,"/shooter/output",0.1
53.10992,"/shooter/hasBall",true
53.109941,"/shooter/temperature",42
53.110118,"/climber/rightPos",0
53.129395,"/drivetrain/leftPos",0
53.129408,"/drivetrain/leftVelocity",0
53.129421,"/drivetrain/rightPos",0
53.12943,"/drivetrain/rightVelocity",0
53.129435,"/drivetrain/heading",-2.25
53.129438,"/drivetrain/headingVelocity",-0.0610351525247097
53.129442,"/drivetrain/xAcceleration",0
53.129445,"/drivetrain/yAcceleration",0
53.129448,"/drivetrain/leftOutputLog",0
53.129451,"/drivetrain/rightOutputLog",-0
53.12963,"/intake/pos",0
53.129634,"/intake/output",0
53.129796,"/shooter/rpm",0
53.129799,"/shooter/output",0.1
53.129822,"/shooter/hasBall",true
53.129844,"/shooter/temperature",42
53.12998,"/climber/rightPos",0
53.149504,"/drivetrain/leftPos",0
53.149517,"/drivetrain/leftVelocity",0
53.149531,"/drivetrain/rightPos",0
53.14954,"/drivetrain/rightVelocity",0
53.149545,"/drivetrain/heading",-2.25
53.149548,"/drivetrain/headingVelocity",-0.0610351525247097
53.149552,"/drivetrain/xAcceleration",0
53.149555,"/drivetrain/yAcceleration",0
53.149558,"/drivetrain/leftOutputLog",0
53.149561,"/drivetrain/rightOutputLog",-0
53.149853,"/intake/pos",0
53.149856,"/intake/output",0
53.150096,"/shooter/rpm",0
53.1501,"/shooter/output",0.1
53.150164,"/shooter/hasBall",true
53.150212,"/shooter/temperature",42
53.150417,"/climber/rightPos",0
53.169695,"/drivetrain/leftPos",0
53.169708,"/drivetrain/leftVelocity",0
53.169721,"/drivetrain/rightPos",0
53.16973,"/drivetrain/rightVelocity",0
53.169735,"/drivetrain/heading",-2.25
53.169738,"/drivetrain/headingVelocity",0.0610351525247097
53.169741,"/drivetrain/xAcceleration",0
53.169745,"/drivetrain/yAcceleration",-0.003000000026077032
53.169748,"/drivetrain/leftOutputLog",0
53.169751,"/drivetrain/rightOutputLog",-0
53.169943,"/intake/pos",0
53.169947,"/intake/output",0
53.170148,"/shooter/rpm",0
53.170152,"/shooter/output",0.1
53.170213,"/shooter/hasBall",true
53.170256,"/shooter/temperature",42
53.170447,"/climber/rightPos",0
53.189483,"/drivetrain/leftPos",0
53.189496,"/drivetrain/leftVelocity",0
53.18951,"/drivetrain/rightPos",0
53.18952,"/drivetrain/rightVelocity",0
53.189524,"/drivetrain/heading",-2.25
53.189528,"/drivetrain/headingVelocity",0
53.189531,"/drivetrain/xAcceleration",0
53.189534,"/drivetrain/yAcceleration",-0.004000000189989805
53.189538,"/drivetrain/leftOutputLog",0
53.189541,"/drivetrain/rightOutputLog",-0
53.189752,"/intake/pos",0
53.189756,"/intake/output",0
53.189958,"/shooter/rpm",0
53.189962,"/shooter/output",0.1
53.189985,"/shooter/hasBall",true
53.190021,"/shooter/temperature",42
53.190175,"/climber/rightPos",0
53.210209,"/drivetrain/leftPos",0
53.210223,"/drivetrain/leftVelocity",0
53.210236,"/drivetrain/rightPos",0
53.210246,"/drivetrain/rightVelocity",0
53.21025,"/drivetrain/heading",-2.25
53.210253,"/drivetrain/headingVelocity",0
53.210257,"/drivetrain/xAcceleration",0
53.21026,"/drivetrain/yAcceleration",0
53.210263,"/drivetrain/leftOutputLog",0
53.210266,"/drivetrain/rightOutputLog",-0
53.210462,"/intake/pos",0
53.210466,"/intake/output",0
53.210639,"/shooter/rpm",0
53.210643,"/shooter/output",0.1
53.210666,"/shooter/hasBall",true
53.210702,"/shooter/temperature",42
53.210992,"/climber/rightPos",0
53.229303,"/drivetrain/leftPos",0
53.229319,"/drivetrain/leftVelocity",0
53.229331,"/drivetrain/rightPos",0
53.229599,"/drivetrain/rightVelocity",0
53.229604,"/drivetrain/heading",-2.25
53.229607,"/drivetrain/headingVelocity",0
53.22961,"/drivetrain/xAcceleration",0
53.229614,"/drivetrain/yAcceleration",0
53.229617,"/drivetrain/leftOutputLog",0
53.22962,"/drivetrain/rightOutputLog",-0
53.229973,"/intake/pos",0
53.229977,"/intake/output",0
53.231095,"/shooter/rpm",0
53.231099,"/shooter/output",0.1
53.23119,"/shooter/hasBall",true
53.231258,"/shooter/temperature",42
53.231493,"/climber/rightPos",0
53.249271,"/drivetrain/leftPos",0
53.249284,"/drivetrain/leftVelocity",0
53.249297,"/drivetrain/rightPos",0
53.249306,"/drivetrain/rightVelocity",0
53.249311,"/drivetrain/heading",-2.25
53.249315,"/drivetrain/headingVelocity",0
53.249318,"/drivetrain/xAcceleration",0
53.249321,"/drivetrain/yAcceleration",0
53.249325,"/drivetrain/leftOutputLog",0
53.249328,"/drivetrain/rightOutputLog",-0
53.249639,"/intake/pos",0
53.249643,"/intake/output",0
53.250041,"/shooter/rpm",0
53.250045,"/shooter/output",0.1
53.250075,"/shooter/hasBall",true
53.250117,"/shooter/temperature",42
53.250401,"/climber/rightPos",0
53.269869,"/drivetrain/leftPos",0
53.269891,"/drivetrain/leftVelocity",0
53.269906,"/drivetrain/rightPos",0
53.269915,"/drivetrain/rightVelocity",0
53.26992,"/drivetrain/heading",-2.25
53.269924,"/drivetrain/headingVelocity",0
53.269927,"/drivetrain/xAcceleration",0
53.26993,"/drivetrain/yAcceleration",-0.003000000026077032
53.269934,"/drivetrain/leftOutputLog",0
53.269937,"/drivetrain/rightOutputLog",-0
53.270126,"/intake/pos",0
53.27013,"/intake/output",0
53.27031,"/shooter/rpm",0
53.270314,"/shooter/output",0.1
53.270337,"/shooter/hasBall",true
53.270369,"/shooter/temperature",42
53.270517,"/climber/rightPos",0
53.28974,"/drivetrain/leftPos",0
53.289753,"/drivetrain/leftVelocity",0
53.289766,"/drivetrain/rightPos",0
53.289776,"/drivetrain/rightVelocity",0
53.289781,"/drivetrain/heading",-2.240000009536743
53.289784,"/drivetrain/headingVelocity",-0.1220703050494194
53.289788,"/drivetrain/xAcceleration",-0.003000000026077032
53.289791,"/drivetrain/yAcceleration",0
53.289794,"/drivetrain/leftOutputLog",0
53.289798,"/drivetrain/rightOutputLog",-0
53.28996,"/intake/pos",0
53.289964,"/intake/output",0
53.290166,"/shooter/rpm",0
53.29017,"/shooter/output",0.1
53.290192,"/shooter/hasBall",true
53.290282,"/shooter/temperature",42
53.290475,"/climber/rightPos",0
53.309487,"/drivetrain/leftPos",0
53.309501,"/drivetrain/leftVelocity",0
53.309514,"/drivetrain/rightPos",0
53.309524,"/drivetrain/rightVelocity",0
53.309529,"/drivetrain/heading",-2.240000009536743
53.309532,"/drivetrain/headingVelocity",0
53.309536,"/drivetrain/xAcceleration",0
53.309539,"/drivetrain/yAcceleration",0
53.309542,"/drivetrain/leftOutputLog",0
53.309546,"/drivetrain/rightOutputLog",-0
53.309794,"/intake/pos",0
53.309798,"/intake/output",0
53.309981,"/shooter/rpm",0
53.309985,"/shooter/output",0.1
53.310009,"/shooter/hasBall",true
53.310034,"/shooter/temperature",42
53.310213,"/climber/rightPos",0
53.329186,"/drivetrain/leftPos",0
53.329199,"/drivetrain/leftVelocity",0
53.329213,"/drivetrain/rightPos",0
53.329222,"/drivetrain/rightVelocity",0
53.329227,"/drivetrain/heading",-2.240000009536743
53.329231,"/drivetrain/headingVelocity",0
53.329234,"/drivetrain/xAcceleration",0
53.329237,"/drivetrain/yAcceleration",0
53.329241,"/drivetrain/leftOutputLog",0
53.329244,"/drivetrain/rightOutputLog",-0
53.329699,"/intake/pos",0
53.329703,"/intake/output",0
53.330128,"/shooter/rpm",0
53.330132,"/shooter/output",0.1
53.330187,"/shooter/hasBall",true
53.330219,"/shooter/temperature",42
53.330779,"/climber/rightPos",0
53.349833,"/drivetrain/leftPos",0
53.349848,"/drivetrain/leftVelocity",0
53.349864,"/drivetrain/rightPos",0
53.349875,"/drivetrain/rightVelocity",0
53.349879,"/drivetrain/heading",-2.240000009536743
53.349883,"/drivetrain/headingVelocity",0
53.349887,"/drivetrain/xAcceleration",0
53.34989,"/drivetrain/yAcceleration",0
53.349893,"/drivetrain/leftOutputLog",0
53.349897,"/drivetrain/rightOutputLog",-0
53.350098,"/intake/pos",0
53.350102,"/intake/output",0
53.35032,"/shooter/rpm",0
53.350324,"/shooter/output",0.1
53.35039,"/shooter/hasBall",true
53.350419,"/shooter/temperature",42
53.350601,"/climber/rightPos",0
53.369784,"/drivetrain/leftPos",0
53.369797,"/drivetrain/leftVelocity",0
53.36981,"/drivetrain/rightPos",0
53.36982,"/drivetrain/rightVelocity",0
53.369825,"/drivetrain/heading",-2.240000009536743
53.369828,"/drivetrain/headingVelocity",-0.1220703050494194
53.369832,"/drivetrain/xAcceleration",0
53.369835,"/drivetrain/yAcceleration",0
53.369838,"/drivetrain/leftOutputLog",0
53.369841,"/drivetrain/rightOutputLog",-0
53.370036,"/intake/pos",0
53.37004,"/intake/output",0
53.370278,"/shooter/rpm",0
53.370282,"/shooter/output",0.1
53.370308,"/shooter/hasBall",true
53.370347,"/shooter/temperature",42
53.37059,"/climber/rightPos",0
53.38959,"/drivetrain/leftPos",0
53.389605,"/drivetrain/leftVelocity",0
53.389619,"/drivetrain/rightPos",0
53.389629,"/drivetrain/rightVelocity",0
53.389633,"/drivetrain/heading",-2.240000009536743
53.389637,"/drivetrain/headingVelocity",-0.1831054538488388
53.38964,"/drivetrain/xAcceleration",0
53.389644,"/drivetrain/yAcceleration",0.003000000026077032
53.389647,"/drivetrain/leftOutputLog",0
53.38965,"/drivetrain/rightOutputLog",-0
53.389881,"/intake/pos",0
53.389885,"/intake/output",0
53.390064,"/shooter/rpm",0
53.390068,"/shooter/output",0.1
53.390092,"/shooter/hasBall",true
53.390132,"/shooter/temperature",42
53.390441,"/climber/rightPos",0
53.409384,"/drivetrain/leftPos",0
53.409397,"/drivetrain/leftVelocity",0
53.40941,"/drivetrain/rightPos",0
53.409419,"/drivetrain/rightVelocity",0
53.409423,"/drivetrain/heading",-2.240000009536743
53.409427,"/drivetrain/headingVelocity",0
53.40943,"/drivetrain/xAcceleration",0
53.409433,"/drivetrain/yAcceleration",0
53.409436,"/drivetrain/leftOutputLog",0
53.40944,"/drivetrain/rightOutputLog",-0
53.409667,"/intake/pos",0
53.409671,"/intake/output",0
53.409944,"/shooter/rpm",0
53.409948,"/shooter/output",0.1
53.409972,"/shooter/hasBall",true
53.410009,"/shooter/temperature",42
53.410237,"/climber/rightPos",0
53.429393,"/drivetrain/leftPos",0
53.429408,"/drivetrain/leftVelocity",0
53.429422,"/drivetrain/rightPos",0
53.429432,"/drivetrain/rightVelocity",0
53.429437,"/drivetrain/heading",-2.240000009536743
53.42944,"/drivetrain/headingVelocity",0.1831054538488388
53.429444,"/drivetrain/xAcceleration",-0.004000000189989805
53.429447,"/drivetrain/yAcceleration",-0.009999999776482582
53.42945,"/drivetrain/leftOutputLog",0
53.429453,"/drivetrain/rightOutputLog",-0
53.429693,"/intake/pos",0
53.429699,"/intake/output",0
53.429903,"/shooter/rpm",0
53.429907,"/shooter/output",0.1
53.429969,"/shooter/hasBall",true
53.43005,"/shooter/temperature",42
53.430207,"/climber/rightPos",0
53.449527,"/drivetrain/leftPos",0
53.449564,"/drivetrain/leftVelocity",0
53.44958,"/drivetrain/rightPos",0
53.449591,"/drivetrain/rightVelocity",0
53.449595,"/drivetrain/heading",-2.240000009536743
53.449598,"/drivetrain/headingVelocity",0.3662109076976776
53.449602,"/drivetrain/xAcceleration",-0.003000000026077032
53.449605,"/drivetrain/yAcceleration",-0.008999999612569809
53.449608,"/drivetrain/leftOutputLog",0
53.449611,"/drivetrain/rightOutputLog",-0
53.449829,"/intake/pos",0
53.449832,"/intake/output",0
53.450038,"/shooter/rpm",0
53.450042,"/shooter/output",0.1
53.450065,"/shooter/hasBall",true
53.450102,"/shooter/temperature",42
53.450343,"/climber/rightPos",0
53.469276,"/drivetrain/leftPos",0
53.469291,"/drivetrain/leftVelocity",0
53.469306,"/drivetrain/rightPos",0
53.469315,"/drivetrain/rightVelocity",0
53.46932,"/drivetrain/heading",-2.259999990463257
53.469323,"/drivetrain/headingVelocity",0.3662109076976776
53.469327,"/drivetrain/xAcceleration",0
53.46933,"/drivetrain/yAcceleration",0
53.469333,"/drivetrain/leftOutputLog",0
53.469336,"/drivetrain/rightOutputLog",-0
53.469662,"/intake/pos",0
53.469666,"/intake/output",0
53.469884,"/shooter/rpm",0
53.46989,"/shooter/output",0.1
53.469922,"/shooter/hasBall",true
53.469953,"/shooter/temperature",42
53.470125,"/climber/rightPos",0
53.489195,"/drivetrain/leftPos",0
53.489208,"/drivetrain/leftVelocity",0
53.489221,"/drivetrain/rightPos",0
53.489231,"/drivetrain/rightVelocity",0
53.489236,"/drivetrain/heading",-2.259999990463257
53.489239,"/drivetrain/headingVelocity",0.1831054538488388
53.489243,"/drivetrain/xAcceleration",0.004000000189989805
53.489246,"/drivetrain/yAcceleration",0.003000000026077032
53.489249,"/drivetrain/leftOutputLog",0
53.489253,"/drivetrain/rightOutputLog",-0
53.489415,"/intake/pos",0
53.489418,"/intake/output",0
53.489614,"/shooter/rpm",0
53.489618,"/shooter/output",0.1
53.489642,"/shooter/hasBall",true
53.489712,"/shooter/temperature",42
53.48985,"/climber/rightPos",0
53.509496,"/drivetrain/leftPos",0
53.50951,"/drivetrain/leftVelocity",0
53.509524,"/drivetrain/rightPos",0
53.509533,"/drivetrain/rightVelocity",0
53.509538,"/drivetrain/heading",-2.259999990463257
53.509542,"/drivetrain/headingVelocity",0.1220703050494194
53.509545,"/drivetrain/xAcceleration",0.003000000026077032
53.509548,"/drivetrain/yAcceleration",0.004999999888241291
53.509551,"/drivetrain/leftOutputLog",0
53.509555,"/drivetrain/rightOutputLog",-0
53.509756,"/intake/pos",0
53.50976,"/intake/output",0
53.509966,"/shooter/rpm",0
53.50997,"/shooter/output",0.1
53.509995,"/shooter/hasBall",true
53.510076,"/shooter/temperature",42
53.510252,"/climber/rightPos",0
53.529366,"/drivetrain/leftPos",0
53.52938,"/drivetrain/leftVelocity",0
53.529394,"/drivetrain/rightPos",0
53.529404,"/drivetrain/rightVelocity",0
53.529408,"/drivetrain/heading",-2.259999990463257
53.529412,"/drivetrain/headingVelocity",0
53.529415,"/drivetrain/xAcceleration",0
53.529418,"/drivetrain/yAcceleration",0
53.529422,"/drivetrain/leftOutputLog",0
53.529425,"/drivetrain/rightOutputLog",-0
53.529624,"/intake/pos",0
53.529628,"/intake/output",0
53.529823,"/shooter/rpm",0
53.529827,"/shooter/output",0.1
53.529851,"/shooter/hasBall",true
53.529872,"/shooter/temperature",42
53.530084,"/climber/rightPos",0
53.549793,"/drivetrain/leftPos",0
53.549807,"/drivetrain/leftVelocity",0
53.54982,"/drivetrain/rightPos",0
53.54983,"/drivetrain/rightVelocity",0
53.549835,"/drivetrain/heading",-2.259999990463257
53.549839,"/drivetrain/headingVelocity",-0.0610351525247097
53.549842,"/drivetrain/xAcceleration",0
53.549845,"/drivetrain/yAcceleration",0
53.549849,"/drivetrain/leftOutputLog",0
53.549852,"/drivetrain/rightOutputLog",-0
53.550282,"/intake/pos",0
53.550286,"/intake/output",0
53.550465,"/shooter/rpm",0
53.550469,"/shooter/output",0.1
53.550492,"/shooter/hasBall",true
53.550517,"/shooter/temperature",42
53.550695,"/climber/rightPos",0
53.569255,"/drivetrain/leftPos",0
53.569269,"/drivetrain/leftVelocity",0
53.569283,"/drivetrain/rightPos",0
53.569293,"/drivetrain/rightVelocity",0
53.569342,"/drivetrain/heading",-2.259999990463257
53.569349,"/drivetrain/headingVelocity",-0.0610351525247097
53.569352,"/drivetrain/xAcceleration",0
53.569355,"/drivetrain/yAcceleration",-0.004999999888241291
53.569359,"/drivetrain/leftOutputLog",0
53.569362,"/drivetrain/rightOutputLog",-0
53.569555,"/intake/pos",0
53.569559,"/intake/output",0
53.56975,"/shooter/rpm",0
53.569754,"/shooter/output",0.1
53.569777,"/shooter/hasBall",true
53.569844,"/shooter/temperature",42
53.569976,"/climber/rightPos",0
53.589344,"/drivetrain/leftPos",0
53.589358,"/drivetrain/leftVelocity",0
53.58937,"/drivetrain/rightPos",0
53.58938,"/drivetrain/rightVelocity",0
53.589384,"/drivetrain/heading",-2.259999990463257
53.589388,"/drivetrain/headingVelocity",0.0610351525247097
53.589391,"/drivetrain/xAcceleration",-0.003000000026077032
53.589394,"/drivetrain/yAcceleration",-0.003000000026077032
53.589397,"/drivetrain/leftOutputLog",0
53.589401,"/drivetrain/rightOutputLog",-0
53.58957,"/intake/pos",0
53.589574,"/intake/output",0
53.589782,"/shooter/rpm",0
53.589786,"/shooter/output",0.1
53.589811,"/shooter/hasBall",true
53.589831,"/shooter/temperature",42
53.589999,"/climber/rightPos",0
53.609304,"/drivetrain/leftPos",0
53.609317,"/drivetrain/leftVelocity",0
53.609331,"/drivetrain/rightPos",0
53.609341,"/drivetrain/rightVelocity",0
53.609346,"/drivetrain/heading",-2.2699999809265137
53.609349,"/drivetrain/headingVelocity",0.1831054538488388
53.609353,"/drivetrain/xAcceleration",0
53.609356,"/drivetrain/yAcceleration",0
53.609359,"/drivetrain/leftOutputLog",0
53.609363,"/drivetrain/rightOutputLog",-0
53.609558,"/intake/pos",0
53.609562,"/intake/output",0
53.609766,"/shooter/rpm",0
53.60977,"/shooter/output",0.1
53.609794,"/shooter/hasBall",true
53.609831,"/shooter/temperature",42
53.609996,"/climber/rightPos",0
53.629989,"/drivetrain/leftPos",0
53.630007,"/drivetrain/leftVelocity",0
53.630022,"/drivetrain/rightPos",0
53.630032,"/drivetrain/rightVelocity",0
53.630037,"/drivetrain/heading",-2.2699999809265137
53.63004,"/drivetrain/headingVelocity",0.0610351525247097
53.630043,"/drivetrain/xAcceleration",0
53.630047,"/drivetrain/yAcceleration",0
53.63005,"/drivetrain/leftOutputLog",0
53.630053,"/drivetrain/rightOutputLog",-0
53.63087,"/intake/pos",0
53.630874,"/intake/output",0
53.631094,"/shooter/rpm",0
53.631098,"/shooter/output",0.1
53.631163,"/shooter/hasBall",true
53.631209,"/shooter/temperature",42
53.631377,"/climber/rightPos",0
53.649265,"/drivetrain/leftPos",0
53.649279,"/drivetrain/leftVelocity",0
53.649292,"/drivetrain/rightPos",0
53.649303,"/drivetrain/rightVelocity",0
53.649308,"/drivetrain/heading",-2.2699999809265137
53.649311,"/drivetrain/headingVelocity",0
53.649315,"/drivetrain/xAcceleration",0
53.649318,"/drivetrain/yAcceleration",0
53.649321,"/drivetrain/leftOutputLog",0
53.649324,"/drivetrain/rightOutputLog",-0
53.649523,"/intake/pos",0
53.649527,"/intake/output",0
53.649716,"/shooter/rpm",0
53.64972,"/shooter/output",0.1
53.649742,"/shooter/hasBall",true
53.649784,"/shooter/temperature",42
53.649947,"/climber/rightPos",0
53.669377,"/drivetrain/leftPos",0
53.669391,"/drivetrain/leftVelocity",0
53.669406,"/drivetrain/rightPos",0
53.669415,"/drivetrain/rightVelocity",0
53.66942,"/drivetrain/heading",-2.2699999809265137
53.669423,"/drivetrain/headingVelocity",-0.0610351525247097
53.669427,"/drivetrain/xAcceleration",0
53.66943,"/drivetrain/yAcceleration",0
53.669433,"/drivetrain/leftOutputLog",0
53.669436,"/drivetrain/rightOutputLog",-0
53.669811,"/intake/pos",0
53.669815,"/intake/output",0
53.670041,"/shooter/rpm",0
53.670045,"/shooter/output",0.1
53.67007,"/shooter/hasBall",true
53.670221,"/shooter/temperature",42
53.670571,"/climber/rightPos",0
53.690052,"/drivetrain/leftPos",0
53.690066,"/drivetrain/leftVelocity",0
53.690079,"/drivetrain/rightPos",0
53.690089,"/drivetrain/rightVelocity",0
53.690094,"/drivetrain/heading",-2.259999990463257
53.690097,"/drivetrain/headingVelocity",0
53.690101,"/drivetrain/xAcceleration",-0.004000000189989805
53.690104,"/drivetrain/yAcceleration",-0.004000000189989805
53.690107,"/drivetrain/leftOutputLog",0
53.690111,"/drivetrain/rightOutputLog",-0
53.690926,"/intake/pos",0
53.690932,"/intake/output",0
53.691099,"/shooter/rpm",0
53.691103,"/shooter/output",0.1
53.69117,"/shooter/hasBall",true
53.691216,"/shooter/temperature",42
53.691388,"/climber/rightPos",0
53.709498,"/drivetrain/leftPos",0
53.709512,"/drivetrain/leftVelocity",0
53.709525,"/drivetrain/rightPos",0
53.709535,"/drivetrain/rightVelocity",0
53.709539,"/drivetrain/heading",-2.259999990463257
53.709543,"/drivetrain/headingVelocity",0
53.709546,"/drivetrain/xAcceleration",0
53.709549,"/drivetrain/yAcceleration",0
53.709552,"/drivetrain/leftOutputLog",0
53.709556,"/drivetrain/rightOutputLog",-0
53.709931,"/intake/pos",0
53.709935,"/intake/output",0
53.71019,"/shooter/rpm",0
53.710194,"/shooter/output",0.1
53.710221,"/shooter/hasBall",true
53.710258,"/shooter/temperature",42
53.710426,"/climber/rightPos",0
53.730023,"/drivetrain/leftPos",0
53.730036,"/drivetrain/leftVelocity",0
53.73005,"/drivetrain/rightPos",0
53.73006,"/drivetrain/rightVelocity",0
53.730065,"/drivetrain/heading",-2.2699999809265137
53.730068,"/drivetrain/headingVelocity",0.0610351525247097
53.730072,"/drivetrain/xAcceleration",0
53.730075,"/drivetrain/yAcceleration",0
53.730078,"/drivetrain/leftOutputLog",0
53.730082,"/drivetrain/rightOutputLog",-0
53.730545,"/intake/pos",0
53.73055,"/intake/output",0
53.730868,"/shooter/rpm",0
53.730872,"/shooter/output",0.1
53.7309,"/shooter/hasBall",true
53.730933,"/shooter/temperature",42
53.731078,"/climber/rightPos",0
53.750011,"/drivetrain/leftPos",0
53.750024,"/drivetrain/leftVelocity",0
53.750037,"/drivetrain/rightPos",0
53.750047,"/drivetrain/rightVelocity",0
53.750052,"/drivetrain/heading",-2.2699999809265137
53.750055,"/drivetrain/headingVelocity",0
53.750059,"/drivetrain/xAcceleration",0
53.750062,"/drivetrain/yAcceleration",0
53.750065,"/drivetrain/leftOutputLog",0
53.750069,"/drivetrain/rightOutputLog",-0
53.750259,"/intake/pos",0
53.750263,"/intake/output",0
53.750439,"/shooter/rpm",0
53.750443,"/shooter/output",0.1
53.750468,"/shooter/hasBall",true
53.750489,"/shooter/temperature",42
53.750654,"/climber/rightPos",0
53.769688,"/drivetrain/leftPos",0
53.769701,"/drivetrain/leftVelocity",0
53.769714,"/drivetrain/rightPos",0
53.769724,"/drivetrain/rightVelocity",0
53.769729,"/drivetrain/heading",-2.2699999809265137
53.769732,"/drivetrain/headingVelocity",0
53.769735,"/drivetrain/xAcceleration",0.003000000026077032
53.769738,"/drivetrain/yAcceleration",0
53.769742,"/drivetrain/leftOutputLog",0
53.769745,"/drivetrain/rightOutputLog",-0
53.769934,"/intake/pos",0
53.769938,"/intake/output",0
53.770252,"/shooter/rpm",0
53.770256,"/shooter/output",0.1
53.770283,"/shooter/hasBall",true
53.770315,"/shooter/temperature",42
53.770477,"/climber/rightPos",0
53.789356,"/drivetrain/leftPos",0
53.78937,"/drivetrain/leftVelocity",0
53.789384,"/drivetrain/rightPos",0
53.789394,"/drivetrain/rightVelocity",0
53.789399,"/drivetrain/heading",-2.2699999809265137
53.789402,"/drivetrain/headingVelocity",0
53.789452,"/drivetrain/xAcceleration",0
53.789459,"/drivetrain/yAcceleration",0
53.789462,"/drivetrain/leftOutputLog",0
53.789466,"/drivetrain/rightOutputLog",-0
53.789774,"/intake/pos",0
53.789778,"/intake/output",0
53.789952,"/shooter/rpm",0
53.789955,"/shooter/output",0.1
53.789979,"/shooter/hasBall",true
53.790004,"/shooter/temperature",42
53.790144,"/climber/rightPos",0
53.810273,"/drivetrain/leftPos",0
53.810288,"/drivetrain/leftVelocity",0
53.810333,"/drivetrain/rightPos",0
53.810345,"/drivetrain/rightVelocity",0
53.810349,"/drivetrain/heading",-2.2699999809265137
53.810353,"/drivetrain/headingVelocity",0
53.810356,"/drivetrain/xAcceleration",0
53.810359,"/drivetrain/yAcceleration",0
53.810362,"/drivetrain/leftOutputLog",0
53.810366,"/drivetrain/rightOutputLog",-0
53.810615,"/intake/pos",0
53.810621,"/intake/output",0
53.810825,"/shooter/rpm",0
53.810828,"/shooter/output",0.1
53.810852,"/shooter/hasBall",true
53.810919,"/shooter/temperature",42
53.811057,"/climber/rightPos",0
53.82957,"/drivetrain/leftPos",0
53.829583,"/drivetrain/leftVelocity",0
53.829596,"/drivetrain/rightPos",0
53.829607,"/drivetrain/rightVelocity",0
53.829611,"/drivetrain/heading",-2.2699999809265137
53.829615,"/drivetrain/headingVelocity",0
53.829618,"/drivetrain/xAcceleration",0
53.829622,"/drivetrain/yAcceleration",-0.003000000026077032
53.829625,"/drivetrain/leftOutputLog",0
53.829628,"/drivetrain/rightOutputLog",-0
53.829992,"/intake/pos",0
53.829996,"/intake/output",0
53.830338,"/shooter/rpm",0
53.830343,"/shooter/output",0.1
53.830374,"/shooter/hasBall",true
53.830396,"/shooter/temperature",42
53.830942,"/climber/rightPos",0
53.849366,"/drivetrain/leftPos",0
53.849379,"/drivetrain/leftVelocity",0
53.849393,"/drivetrain/rightPos",0
53.849404,"/drivetrain/rightVelocity",0
53.849409,"/drivetrain/heading",-2.2699999809265137
53.849413,"/drivetrain/headingVelocity",0.0610351525247097
53.849416,"/drivetrain/xAcceleration",0
53.849419,"/drivetrain/yAcceleration",0
53.849422,"/drivetrain/leftOutputLog",0
53.849426,"/drivetrain/rightOutputLog",-0
53.849598,"/intake/pos",0
53.849602,"/intake/output",0
53.849757,"/shooter/rpm",0
53.849761,"/shooter/output",0.1
53.849783,"/shooter/hasBall",true
53.849824,"/shooter/temperature",42
53.849988,"/climber/rightPos",0
53.869543,"/drivetrain/leftPos",0
53.869557,"/drivetrain/leftVelocity",0
53.869571,"/drivetrain/rightPos",0
53.869581,"/drivetrain/rightVelocity",0
53.869586,"/drivetrain/heading",-2.2699999809265137
53.869589,"/drivetrain/headingVelocity",0
53.869593,"/drivetrain/xAcceleration",0
53.869596,"/drivetrain/yAcceleration",0
53.869599,"/drivetrain/leftOutputLog",0
53.869602,"/drivetrain/rightOutputLog",-0
53.869931,"/intake/pos",0
53.869935,"/intake/output",0
53.870149,"/shooter/rpm",0
53.870153,"/shooter/output",0.1
53.870178,"/shooter/hasBall",true
53.870215,"/shooter/temperature",42
53.870436,"/climber/rightPos",0
53.889251,"/drivetrain/leftPos",0
53.889265,"/drivetrain/leftVelocity",0
53.889278,"/drivetrain/rightPos",0
53.889287,"/drivetrain/rightVelocity",0
53.889292,"/drivetrain/heading",-2.2699999809265137
53.889295,"/drivetrain/headingVelocity",-0.1220703050494194
53.889298,"/drivetrain/xAcceleration",0
53.889301,"/drivetrain/yAcceleration",0
53.889305,"/drivetrain/leftOutputLog",0
53.889308,"/drivetrain/rightOutputLog",-0
53.889473,"/intake/pos",0
53.889477,"/intake/output",0
53.889626,"/shooter/rpm",0
53.88963,"/shooter/output",0.1
53.889652,"/shooter/hasBall",true
53.889691,"/shooter/temperature",42
53.890516,"/climber/rightPos",0
53.909678,"/drivetrain/leftPos",0
53.909692,"/drivetrain/leftVelocity",0
53.909707,"/drivetrain/rightPos",0
53.909717,"/drivetrain/rightVelocity",0
53.909722,"/drivetrain/heading",-2.259999990463257
53.909726,"/drivetrain/headingVelocity",-0.1220703050494194
53.909729,"/drivetrain/xAcceleration",0
53.909733,"/drivetrain/yAcceleration",-0.003000000026077032
53.909736,"/drivetrain/leftOutputLog",0
53.909739,"/drivetrain/rightOutputLog",-0
53.910204,"/intake/pos",0
53.910208,"/intake/output",0
53.910568,"/shooter/rpm",0
53.910572,"/shooter/output",0.1
53.910598,"/shooter/hasBall",true
53.910635,"/shooter/temperature",42
53.910853,"/climber/rightPos",0
53.930189,"/drivetrain/leftPos",0
53.930203,"/drivetrain/leftVelocity",0
53.930217,"/drivetrain/rightPos",0
53.930227,"/drivetrain/rightVelocity",0
53.930232,"/drivetrain/heading",-2.259999990463257
53.930235,"/drivetrain/headingVelocity",-0.0610351525247097
53.930239,"/drivetrain/xAcceleration",0
53.930242,"/drivetrain/yAcceleration",0
53.930245,"/drivetrain/leftOutputLog",0
53.930248,"/drivetrain/rightOutputLog",-0
53.930425,"/intake/pos",0
53.930429,"/intake/output",0
53.930596,"/shooter/rpm",0
53.9306,"/shooter/output",0.1
53.930623,"/shooter/hasBall",true
53.93066,"/shooter/temperature",42
53.930864,"/climber/rightPos",0
53.949224,"/drivetrain/leftPos",0
53.949237,"/drivetrain/leftVelocity",0
53.94925,"/drivetrain/rightPos",0
53.94926,"/drivetrain/rightVelocity",0
53.949265,"/drivetrain/heading",-2.259999990463257
53.949269,"/drivetrain/headingVelocity",-0.0610351525247097
53.949272,"/drivetrain/xAcceleration",0
53.949276,"/drivetrain/yAcceleration",0
53.949279,"/drivetrain/leftOutputLog",0
53.949282,"/drivetrain/rightOutputLog",-0
53.949454,"/intake/pos",0
53.949458,"/intake/output",0
53.949612,"/shooter/rpm",0
53.949616,"/shooter/output",0.1
53.94964,"/shooter/hasBall",true
53.949677,"/shooter/temperature",42
53.949837,"/climber/rightPos",0
53.969376,"/drivetrain/leftPos",0
53.96939,"/drivetrain/leftVelocity",0
53.969404,"/drivetrain/rightPos",0
53.969413,"/drivetrain/rightVelocity",0
53.969418,"/drivetrain/heading",-2.259999990463257
53.969421,"/drivetrain/headingVelocity",-0.0610351525247097
53.969425,"/drivetrain/xAcceleration",0
53.969428,"/drivetrain/yAcceleration",0
53.969431,"/drivetrain/leftOutputLog",0
53.969434,"/drivetrain/rightOutputLog",-0
53.969698,"/intake/pos",0
53.969702,"/intake/output",0
53.97005,"/shooter/rpm",0
53.970055,"/shooter/output",0.1
53.970085,"/shooter/hasBall",true
53.970122,"/shooter/temperature",42
53.970266,"/climber/rightPos",0
53.989269,"/drivetrain/leftPos",0
53.989283,"/drivetrain/leftVelocity",0
53.989296,"/drivetrain/rightPos",0
53.989306,"/drivetrain/rightVelocity",0
53.989311,"/drivetrain/heading",-2.259999990463257
53.989315,"/drivetrain/headingVelocity",0
53.989318,"/drivetrain/xAcceleration",0
53.989321,"/drivetrain/yAcceleration",0
53.989324,"/drivetrain/leftOutputLog",0
53.989328,"/drivetrain/rightOutputLog",-0
53.98965,"/intake/pos",0
53.989653,"/intake/output",0
53.989817,"/shooter/rpm",0
53.989821,"/shooter/output",0.1
53.989844,"/shooter/hasBall",true
53.989864,"/shooter/temperature",42
53.990035,"/climber/rightPos",0
54.009297,"/drivetrain/leftPos",0
54.009311,"/drivetrain/leftVelocity",0
54.009324,"/drivetrain/rightPos",0
54.009334,"/drivetrain/rightVelocity",0
54.009339,"/drivetrain/heading",-2.259999990463257
54.009342,"/drivetrain/headingVelocity",0
54.009345,"/drivetrain/xAcceleration",0
54.009349,"/drivetrain/yAcceleration",0
54.009352,"/drivetrain/leftOutputLog",0
54.009355,"/drivetrain/rightOutputLog",-0
54.009597,"/intake/pos",0
54.009601,"/intake/output",0
54.009797,"/shooter/rpm",0
54.009801,"/shooter/output",0.1
54.009864,"/shooter/hasBall",true
54.0099,"/shooter/temperature",42
54.010068,"/climber/rightPos",0
54.029264,"/drivetrain/leftPos",0
54.029277,"/drivetrain/leftVelocity",0
54.029291,"/drivetrain/rightPos",0
54.0293,"/drivetrain/rightVelocity",0
54.029305,"/drivetrain/heading",-2.259999990463257
54.029308,"/drivetrain/headingVelocity",-0.1220703050494194
54.029312,"/drivetrain/xAcceleration",0
54.029315,"/drivetrain/yAcceleration",0
54.029318,"/drivetrain/leftOutputLog",0
54.029321,"/drivetrain/rightOutputLog",-0
54.02959,"/intake/pos",0
54.029593,"/intake/output",0
54.029764,"/shooter/rpm",0
54.029767,"/shooter/output",0.1
54.029793,"/shooter/hasBall",true
54.02982,"/shooter/temperature",42
54.029991,"/climber/rightPos",0
54.049375,"/drivetrain/leftPos",0
54.049389,"/drivetrain/leftVelocity",0
54.049401,"/drivetrain/rightPos",0
54.049411,"/drivetrain/rightVelocity",0
54.049415,"/drivetrain/heading",-2.259999990463257
54.049419,"/drivetrain/headingVelocity",0
54.049422,"/drivetrain/xAcceleration",0
54.049425,"/drivetrain/yAcceleration",0
54.049428,"/drivetrain/leftOutputLog",0
54.049431,"/drivetrain/rightOutputLog",-0
54.049716,"/intake/pos",0
54.04972,"/intake/output",0
54.049965,"/shooter/rpm",0
54.04997,"/shooter/output",0.1
54.049996,"/shooter/hasBall",true
54.050017,"/shooter/temperature",42
54.050181,"/climber/rightPos",0
54.069499,"/drivetrain/leftPos",0
54.069514,"/drivetrain/leftVelocity",0
54.069526,"/drivetrain/rightPos",0
54.069536,"/drivetrain/rightVelocity",0
54.069541,"/drivetrain/heading",-2.259999990463257
54.069545,"/drivetrain/headingVelocity",0.0610351525247097
54.069548,"/drivetrain/xAcceleration",0
54.069551,"/drivetrain/yAcceleration",-0.003000000026077032
54.069554,"/drivetrain/leftOutputLog",0
54.069558,"/drivetrain/rightOutputLog",-0
54.069944,"/intake/pos",0
54.069948,"/intake/output",0
54.070209,"/shooter/rpm",0
54.070213,"/shooter/output",0.1
54.070419,"/shooter/hasBall",true
54.07061,"/shooter/temperature",42
54.070836,"/climber/rightPos",0
54.089199,"/drivetrain/leftPos",0
54.089213,"/drivetrain/leftVelocity",0
54.089225,"/drivetrain/rightPos",0
54.089235,"/drivetrain/rightVelocity",0
54.08924,"/drivetrain/heading",-2.259999990463257
54.089243,"/drivetrain/headingVelocity",0.1220703050494194
54.089246,"/drivetrain/xAcceleration",0
54.08925,"/drivetrain/yAcceleration",0
54.089253,"/drivetrain/leftOutputLog",0
54.089256,"/drivetrain/rightOutputLog",-0
54.0895,"/intake/pos",0
54.089504,"/intake/output",0
54.089702,"/shooter/rpm",0
54.089706,"/shooter/output",0.1
54.089768,"/shooter/hasBall",true
54.089813,"/shooter/temperature",42
54.089989,"/climber/rightPos",0
54.109304,"/drivetrain/leftPos",0
54.109322,"/drivetrain/leftVelocity",0
54.109336,"/drivetrain/rightPos",0
54.109346,"/drivetrain/rightVelocity",0
54.109351,"/drivetrain/heading",-2.259999990463257
54.109354,"/drivetrain/headingVelocity",0.1220703050494194
54.109358,"/drivetrain/xAcceleration",0
54.109362,"/drivetrain/yAcceleration",0
54.109365,"/drivetrain/leftOutputLog",0
54.109368,"/drivetrain/rightOutputLog",-0
54.109762,"/intake/pos",0
54.109766,"/intake/output",0
54.110196,"/shooter/rpm",0
54.1102,"/shooter/output",0.1
54.110246,"/shooter/hasBall",true
54.110288,"/shooter/temperature",42
54.110512,"/climber/rightPos",0
54.129376,"/drivetrain/leftPos",0
54.129391,"/drivetrain/leftVelocity",0
54.129404,"/drivetrain/rightPos",0
54.129413,"/drivetrain/rightVelocity",0
54.129418,"/drivetrain/heading",-2.2699999809265137
54.129421,"/drivetrain/headingVelocity",0.1220703050494194
54.129425,"/drivetrain/xAcceleration",0
54.129428,"/drivetrain/yAcceleration",0
54.129431,"/drivetrain/leftOutputLog",0
54.129435,"/drivetrain/rightOutputLog",-0
54.129728,"/intake/pos",0
54.129732,"/intake/output",0
54.130847,"/shooter/rpm",0
54.130851,"/shooter/output",0.1
54.130878,"/shooter/hasBall",true
54.130918,"/shooter/temperature",42
54.131059,"/climber/rightPos",0
54.150306,"/drivetrain/leftPos",0
54.150319,"/drivetrain/leftVelocity",0
54.150332,"/drivetrain/rightPos",0
54.150341,"/drivetrain/rightVelocity",0
54.150346,"/drivetrain/heading",-2.2699999809265137
54.15035,"/drivetrain/headingVelocity",0.0610351525247097
54.150353,"/drivetrain/xAcceleration",0
54.150356,"/drivetrain/yAcceleration",0
54.150359,"/drivetrain/leftOutputLog",0
54.150362,"/drivetrain/rightOutputLog",-0
54.15056,"/intake/pos",0
54.150564,"/intake/output",0
54.150728,"/shooter/rpm",0
54.150732,"/shooter/output",0.1
54.150754,"/shooter/hasBall",true
54.150789,"/shooter/temperature",42
54.150974,"/climber/rightPos",0
54.169306,"/drivetrain/leftPos",0
54.169319,"/drivetrain/leftVelocity",0
54.169333,"/drivetrain/rightPos",0
54.169343,"/drivetrain/rightVelocity",0
54.169347,"/drivetrain/heading",-2.2699999809265137
54.169351,"/drivetrain/headingVelocity",0.1220703050494194
54.169355,"/drivetrain/xAcceleration",0
54.169358,"/drivetrain/yAcceleration",0
54.169361,"/drivetrain/leftOutputLog",0
54.169364,"/drivetrain/rightOutputLog",-0
54.169662,"/intake/pos",0
54.169666,"/intake/output",0
54.16983,"/shooter/rpm",0
54.169834,"/shooter/output",0.1
54.169902,"/shooter/hasBall",true
54.169946,"/shooter/temperature",42
54.170109,"/climber/rightPos",0
54.189258,"/drivetrain/leftPos",0
54.189272,"/drivetrain/leftVelocity",0
54.189284,"/drivetrain/rightPos",0
54.189294,"/drivetrain/rightVelocity",0
54.189299,"/drivetrain/heading",-2.2699999809265137
54.189302,"/drivetrain/headingVelocity",0.1831054538488388
54.189305,"/drivetrain/xAcceleration",0
54.189308,"/drivetrain/yAcceleration",0
54.189312,"/drivetrain/leftOutputLog",0
54.189315,"/drivetrain/rightOutputLog",-0
54.189548,"/intake/pos",0
54.189552,"/intake/output",0
54.189779,"/shooter/rpm",0
54.189783,"/shooter/output",0.1
54.18981,"/shooter/hasBall",true
54.189846,"/shooter/temperature",42
54.190256,"/climber/rightPos",0
54.209531,"/drivetrain/leftPos",0
54.209545,"/drivetrain/leftVelocity",0
54.209558,"/drivetrain/rightPos",0
54.209568,"/drivetrain/rightVelocity",0
54.209572,"/drivetrain/heading",-2.2799999713897705
54.209576,"/drivetrain/headingVelocity",0.0610351525247097
54.209579,"/drivetrain/xAcceleration",0
54.209582,"/drivetrain/yAcceleration",0
54.209586,"/drivetrain/leftOutputLog",0
54.209589,"/drivetrain/rightOutputLog",-0
54.209767,"/intake/pos",0
54.209771,"/intake/output",0
54.209985,"/shooter/rpm",0
54.209989,"/shooter/output",0.1
54.210016,"/shooter/hasBall",true
54.210048,"/shooter/temperature",42
54.210217,"/climber/rightPos",0
54.229358,"/drivetrain/leftPos",0
54.229372,"/drivetrain/leftVelocity",0
54.229385,"/drivetrain/rightPos",0
54.229395,"/drivetrain/rightVelocity",0
54.2294,"/drivetrain/heading",-2.2799999713897705
54.229403,"/drivetrain/headingVelocity",0
54.229407,"/drivetrain/xAcceleration",0
54.22941,"/drivetrain/yAcceleration",0
54.229413,"/drivetrain/leftOutputLog",0
54.229417,"/drivetrain/rightOutputLog",-0
54.229614,"/intake/pos",0
54.229617,"/intake/output",0
54.229815,"/shooter/rpm",0
54.229819,"/shooter/output",0.1
54.229843,"/shooter/hasBall",true
54.229864,"/shooter/temperature",42
54.230034,"/climber/rightPos",0
54.249721,"/drivetrain/leftPos",0
54.249734,"/drivetrain/leftVelocity",0
54.249749,"/drivetrain/rightPos",0
54.24976,"/drivetrain/rightVelocity",0
54.249764,"/drivetrain/heading",-2.2799999713897705
54.249768,"/drivetrain/headingVelocity",0
54.249771,"/drivetrain/xAcceleration",0
54.249774,"/drivetrain/yAcceleration",0
54.249778,"/drivetrain/leftOutputLog",0
54.249781,"/drivetrain/rightOutputLog",-0
54.250081,"/intake/pos",0
54.250085,"/intake/output",0
54.250558,"/shooter/rpm",0
54.250562,"/shooter/output",0.1
54.250634,"/shooter/hasBall",true
54.250671,"/shooter/temperature",42
54.250926,"/climber/rightPos",0
54.269549,"/drivetrain/leftPos",0
54.269563,"/drivetrain/leftVelocity",0
54.269577,"/drivetrain/rightPos",0
54.269587,"/drivetrain/rightVelocity",0
54.269592,"/drivetrain/heading",-2.2799999713897705
54.269595,"/drivetrain/headingVelocity",0
54.269599,"/drivetrain/xAcceleration",0
54.269602,"/drivetrain/yAcceleration",0
54.269606,"/drivetrain/leftOutputLog",0
54.269609,"/drivetrain/rightOutputLog",-0
54.269819,"/intake/pos",0
54.269823,"/intake/output",0
54.270061,"/shooter/rpm",0
54.270065,"/shooter/output",0.1
54.270092,"/shooter/hasBall",true
54.270119,"/shooter/temperature",42
54.270282,"/climber/rightPos",0
54.289215,"/drivetrain/leftPos",0
54.28923,"/drivetrain/leftVelocity",0
54.289245,"/drivetrain/rightPos",0
54.289256,"/drivetrain/rightVelocity",0
54.28926,"/drivetrain/heading",-2.2799999713897705
54.289264,"/drivetrain/headingVelocity",-0.0610351525247097
54.289267,"/drivetrain/xAcceleration",0.004999999888241291
54.28927,"/drivetrain/yAcceleration",0
54.289274,"/drivetrain/leftOutputLog",0
54.289277,"/drivetrain/rightOutputLog",-0
54.289475,"/intake/pos",0
54.289479,"/intake/output",0
54.289674,"/shooter/rpm",0
54.289678,"/shooter/output",0.1
54.289701,"/shooter/hasBall",true
54.289722,"/shooter/temperature",42
54.28989,"/climber/rightPos",0
54.309635,"/drivetrain/leftPos",0
54.309649,"/drivetrain/leftVelocity",0
54.309662,"/drivetrain/rightPos",0
54.309671,"/drivetrain/rightVelocity",0
54.309675,"/drivetrain/heading",-2.2699999809265137
54.309679,"/drivetrain/headingVelocity",-0.1831054538488388
54.309682,"/drivetrain/xAcceleration",0
54.309685,"/drivetrain/yAcceleration",0
54.309688,"/drivetrain/leftOutputLog",0
54.309692,"/drivetrain/rightOutputLog",-0
54.30994,"/intake/pos",0
54.309943,"/intake/output",0
54.310114,"/shooter/rpm",0
54.310118,"/shooter/output",0.1
54.31014,"/shooter/hasBall",true
54.31016,"/shooter/temperature",42
54.310355,"/climber/rightPos",0
54.330289,"/drivetrain/leftPos",0
54.330302,"/drivetrain/leftVelocity",0
54.330315,"/drivetrain/rightPos",0
54.330325,"/drivetrain/rightVelocity",0
54.330329,"/drivetrain/heading",-2.259999990463257
54.330333,"/drivetrain/headingVelocity",-0.1831054538488388
54.330336,"/drivetrain/xAcceleration",0
54.330339,"/drivetrain/yAcceleration",-0.004000000189989805
54.330342,"/drivetrain/leftOutputLog",0
54.330346,"/drivetrain/rightOutputLog",-0
54.330525,"/intake/pos",0
54.330528,"/intake/output",0
54.330726,"/shooter/rpm",0
54.33073,"/shooter/output",0.1
54.330796,"/shooter/hasBall",true
54.33084,"/shooter/temperature",42
54.331016,"/climber/rightPos",0
54.349248,"/drivetrain/leftPos",0
54.349261,"/drivetrain/leftVelocity",0
54.349274,"/drivetrain/rightPos",0
54.349336,"/drivetrain/rightVelocity",0
54.349341,"/drivetrain/heading",-2.259999990463257
54.349345,"/drivetrain/headingVelocity",-0.0610351525247097
54.349349,"/drivetrain/xAcceleration",0
54.349352,"/drivetrain/yAcceleration",-0.003000000026077032
54.349355,"/drivetrain/leftOutputLog",0
54.349359,"/drivetrain/rightOutputLog",-0
54.349589,"/intake/pos",0
54.349593,"/intake/output",0
54.349784,"/shooter/rpm",0
54.349788,"/shooter/output",0.1
54.349811,"/shooter/hasBall",true
54.349894,"/shooter/temperature",42
54.350071,"/climber/rightPos",0
54.369787,"/drivetrain/leftPos",0
54.369801,"/drivetrain/leftVelocity",0
54.369813,"/drivetrain/rightPos",0
54.369822,"/drivetrain/rightVelocity",0
54.369827,"/drivetrain/heading",-2.2699999809265137
54.36983,"/drivetrain/headingVelocity",0.1220703050494194
54.369834,"/drivetrain/xAcceleration",0
54.369837,"/drivetrain/yAcceleration",-0.004000000189989805
54.36984,"/drivetrain/leftOutputLog",0
54.369844,"/drivetrain/rightOutputLog",-0
54.370048,"/intake/pos",0
54.370051,"/intake/output",0
54.370422,"/shooter/rpm",0
54.370426,"/shooter/output",0.1
54.370451,"/shooter/hasBall",true
54.370488,"/shooter/temperature",42
54.37096,"/climber/rightPos",0
54.389554,"/drivetrain/leftPos",0
54.389568,"/drivetrain/leftVelocity",0
54.389581,"/drivetrain/rightPos",0
54.389591,"/drivetrain/rightVelocity",0
54.389596,"/drivetrain/heading",-2.2699999809265137
54.389599,"/drivetrain/headingVelocity",0.0610351525247097
54.389603,"/drivetrain/xAcceleration",0
54.389606,"/drivetrain/yAcceleration",0
54.389609,"/drivetrain/leftOutputLog",0
54.389613,"/drivetrain/rightOutputLog",-0
54.389843,"/intake/pos",0
54.389846,"/intake/output",0
54.390072,"/shooter/rpm",0
54.390076,"/shooter/output",0.1
54.390101,"/shooter/hasBall",true
54.390138,"/shooter/temperature",42
54.390298,"/climber/rightPos",0
54.410149,"/drivetrain/leftPos",0
54.410162,"/drivetrain/leftVelocity",0
54.410176,"/drivetrain/rightPos",0
54.410186,"/drivetrain/rightVelocity",0
54.41019,"/drivetrain/heading",-2.2699999809265137
54.410193,"/drivetrain/headingVelocity",0
54.410197,"/drivetrain/xAcceleration",0.003000000026077032
54.4102,"/drivetrain/yAcceleration",0
54.410203,"/drivetrain/leftOutputLog",0
54.410206,"/drivetrain/rightOutputLog",-0
54.410429,"/intake/pos",0
54.410433,"/intake/output",0
54.410717,"/shooter/rpm",0
54.410721,"/shooter/output",0.1
54.41075,"/shooter/hasBall",true
54.41079,"/shooter/temperature",42
54.411049,"/climber/rightPos",0
54.429587,"/drivetrain/leftPos",0
54.429603,"/drivetrain/leftVelocity",0
54.429617,"/drivetrain/rightPos",0
54.429628,"/drivetrain/rightVelocity",0
54.429633,"/drivetrain/heading",-2.2699999809265137
54.429636,"/drivetrain/headingVelocity",0
54.42964,"/drivetrain/xAcceleration",0
54.429643,"/drivetrain/yAcceleration",0
54.429646,"/drivetrain/leftOutputLog",0
54.42965,"/drivetrain/rightOutputLog",-0
54.429846,"/intake/pos",0
54.42985,"/intake/output",0
54.430164,"/shooter/rpm",0
54.430168,"/shooter/output",0.1
54.430193,"/shooter/hasBall",true
54.430228,"/shooter/temperature",42
54.430951,"/climber/rightPos",0
54.449359,"/drivetrain/leftPos",0
54.449373,"/drivetrain/leftVelocity",0
54.449387,"/drivetrain/rightPos",0
54.449397,"/drivetrain/rightVelocity",0
54.449401,"/drivetrain/heading",-2.2699999809265137
54.449405,"/drivetrain/headingVelocity",-0.1220703050494194
54.449408,"/drivetrain/xAcceleration",0
54.449411,"/drivetrain/yAcceleration",0.004999999888241291
54.449415,"/drivetrain/leftOutputLog",0
54.449418,"/drivetrain/rightOutputLog",-0
54.449578,"/intake/pos",0
54.449582,"/intake/output",0
54.449776,"/shooter/rpm",0
54.44978,"/shooter/output",0.1
54.449804,"/shooter/hasBall",true
54.449824,"/shooter/temperature",42
54.449946,"/climber/rightPos",0
54.469316,"/drivetrain/leftPos",0
54.469329,"/drivetrain/leftVelocity",0
54.469342,"/drivetrain/rightPos",0
54.469351,"/drivetrain/rightVelocity",0
54.469356,"/drivetrain/heading",-2.2699999809265137
54.469359,"/drivetrain/headingVelocity",-0.1220703050494194
54.469363,"/drivetrain/xAcceleration",0
54.469366,"/drivetrain/yAcceleration",0
54.469369,"/drivetrain/leftOutputLog",0
54.469373,"/drivetrain/rightOutputLog",-0
54.469645,"/intake/pos",0
54.469649,"/intake/output",0
54.469845,"/shooter/rpm",0
54.469848,"/shooter/output",0.1
54.469908,"/shooter/hasBall",true
54.469944,"/shooter/temperature",42
54.470181,"/climber/rightPos",0
54.489545,"/drivetrain/leftPos",0
54.48956,"/drivetrain/leftVelocity",0
54.489573,"/drivetrain/rightPos",0
54.489582,"/drivetrain/rightVelocity",0
54.489587,"/drivetrain/heading",-2.259999990463257
54.489591,"/drivetrain/headingVelocity",0
54.489594,"/drivetrain/xAcceleration",0
54.489597,"/drivetrain/yAcceleration",-0.003000000026077032
54.4896,"/drivetrain/leftOutputLog",0
54.489603,"/drivetrain/rightOutputLog",-0
54.489876,"/intake/pos",0
54.48988,"/intake/output",0
54.49011,"/shooter/rpm",0
54.490114,"/shooter/output",0.1
54.49014,"/shooter/hasBall",true
54.490172,"/shooter/temperature",42
54.490335,"/climber/rightPos",0
54.509681,"/drivetrain/leftPos",0
54.509694,"/drivetrain/leftVelocity",0
54.509707,"/drivetrain/rightPos",0
54.509716,"/drivetrain/rightVelocity",0
54.509721,"/drivetrain/heading",-2.259999990463257
54.509725,"/drivetrain/headingVelocity",0.0610351525247097
54.509728,"/drivetrain/xAcceleration",0
54.509818,"/drivetrain/yAcceleration",-0.003000000026077032
54.509825,"/drivetrain/leftOutputLog",0
54.509829,"/drivetrain/rightOutputLog",-0
54.510075,"/intake/pos",0
54.510079,"/intake/output",0
54.510276,"/shooter/rpm",0
54.510279,"/shooter/output",0.1
54.510343,"/shooter/hasBall",true
54.510372,"/shooter/temperature",42
54.510551,"/climber/rightPos",0
54.530705,"/drivetrain/leftPos",0
54.53072,"/drivetrain/leftVelocity",0
54.530848,"/drivetrain/rightPos",0
54.530864,"/drivetrain/rightVelocity",0
54.530868,"/drivetrain/heading",-2.2699999809265137
54.530872,"/drivetrain/headingVelocity",0.1831054538488388
54.530875,"/drivetrain/xAcceleration",0
54.530878,"/drivetrain/yAcceleration",0
54.530882,"/drivetrain/leftOutputLog",0
54.530885,"/drivetrain/rightOutputLog",-0
54.531117,"/intake/pos",0
54.531121,"/intake/output",0
54.531329,"/shooter/rpm",0
54.531375,"/shooter/output",0.1
54.531403,"/shooter/hasBall",true
54.531424,"/shooter/temperature",42
54.531603,"/climber/rightPos",0
54.549354,"/drivetrain/leftPos",0
54.549367,"/drivetrain/leftVelocity",0
54.54938,"/drivetrain/rightPos",0
54.54939,"/drivetrain/rightVelocity",0
54.549394,"/drivetrain/heading",-2.2699999809265137
54.549398,"/drivetrain/headingVelocity",-0.0610351525247097
54.549401,"/drivetrain/xAcceleration",0
54.549404,"/drivetrain/yAcceleration",0
54.549407,"/drivetrain/leftOutputLog",0
54.549411,"/drivetrain/rightOutputLog",-0
54.549671,"/intake/pos",0
54.549677,"/intake/output",0
54.54989,"/shooter/rpm",0
54.549933,"/shooter/output",0.1
54.54996,"/shooter/hasBall",true
54.549981,"/shooter/temperature",42
54.550143,"/climber/rightPos",0
54.570307,"/drivetrain/leftPos",0
54.570427,"/drivetrain/leftVelocity",0
54.570443,"/drivetrain/rightPos",0
54.570455,"/drivetrain/rightVelocity",0
54.570459,"/drivetrain/heading",-2.259999990463257
54.570463,"/drivetrain/headingVelocity",-0.1220703050494194
54.570466,"/drivetrain/xAcceleration",0
54.570469,"/drivetrain/yAcceleration",0
54.570472,"/drivetrain/leftOutputLog",0
54.570476,"/drivetrain/rightOutputLog",-0
54.570692,"/intake/pos",0
54.570696,"/intake/output",0
54.570893,"/shooter/rpm",0
54.570897,"/shooter/output",0.1
54.571058,"/shooter/hasBall",true
54.57112,"/shooter/temperature",42
54.571464,"/climber/rightPos",0
54.58972,"/drivetrain/leftPos",0
54.589743,"/drivetrain/leftVelocity",0
54.589758,"/drivetrain/rightPos",0
54.589769,"/drivetrain/rightVelocity",0
54.589774,"/drivetrain/heading",-2.259999990463257
54.589777,"/drivetrain/headingVelocity",-0.1220703050494194
54.589781,"/drivetrain/xAcceleration",0
54.589784,"/drivetrain/yAcceleration",0
54.589788,"/drivetrain/leftOutputLog",0
54.589791,"/drivetrain/rightOutputLog",-0
54.590056,"/intake/pos",0
54.59006,"/intake/output",0
54.59023,"/shooter/rpm",0
54.590234,"/shooter/output",0.1
54.590303,"/shooter/hasBall",true
54.590348,"/shooter/temperature",42
54.590522,"/climber/rightPos",0
54.609599,"/drivetrain/leftPos",0
54.609613,"/drivetrain/leftVelocity",0
54.609626,"/drivetrain/rightPos",0
54.609636,"/drivetrain/rightVelocity",0
54.609641,"/drivetrain/heading",-2.259999990463257
54.609644,"/drivetrain/headingVelocity",-0.0610351525247097
54.609648,"/drivetrain/xAcceleration",0
54.609651,"/drivetrain/yAcceleration",-0.004999999888241291
54.609654,"/drivetrain/leftOutputLog",0
54.609657,"/drivetrain/rightOutputLog",-0
54.610121,"/intake/pos",0
54.610124,"/intake/output",0
54.61033,"/shooter/rpm",0
54.610334,"/shooter/output",0.1
54.610361,"/shooter/hasBall",true
54.610401,"/shooter/temperature",42
54.610573,"/climber/rightPos",0
54.630129,"/drivetrain/leftPos",0
54.630146,"/drivetrain/leftVelocity",0
54.63016,"/drivetrain/rightPos",0
54.63017,"/drivetrain/rightVelocity",0
54.630175,"/drivetrain/heading",-2.259999990463257
54.630178,"/drivetrain/headingVelocity",-0.0610351525247097
54.630181,"/drivetrain/xAcceleration",0
54.630185,"/drivetrain/yAcceleration",0
54.630188,"/drivetrain/leftOutputLog",0
54.630192,"/drivetrain/rightOutputLog",-0
54.630539,"/intake/pos",0
54.630604,"/intake/output",0
54.630873,"/shooter/rpm",0
54.630877,"/shooter/output",0.1
54.630986,"/shooter/hasBall",true
54.63103,"/shooter/temperature",42
54.631341,"/climber/rightPos",0
54.651553,"/drivetrain/leftPos",0
54.651575,"/drivetrain/leftVelocity",0
54.651591,"/drivetrain/rightPos",0
54.651601,"/drivetrain/rightVelocity",0
54.651605,"/drivetrain/heading",-2.259999990463257
54.651609,"/drivetrain/headingVelocity",0
54.651612,"/drivetrain/xAcceleration",0
54.651616,"/drivetrain/yAcceleration",-0.003000000026077032
54.651619,"/drivetrain/leftOutputLog",0
54.651622,"/drivetrain/rightOutputLog",-0
54.651973,"/intake/pos",0
54.652037,"/intake/output",0
54.652338,"/shooter/rpm",0
54.652342,"/shooter/output",0.1
54.652437,"/shooter/hasBall",true
54.652482,"/shooter/temperature",42
54.653666,"/climber/rightPos",0
54.669717,"/drivetrain/leftPos",0
54.669731,"/drivetrain/leftVelocity",0
54.669745,"/drivetrain/rightPos",0
54.669754,"/drivetrain/rightVelocity",0
54.669759,"/drivetrain/heading",-2.259999990463257
54.669763,"/drivetrain/headingVelocity",0.0610351525247097
54.669766,"/drivetrain/xAcceleration",0
54.669769,"/drivetrain/yAcceleration",0
54.669773,"/drivetrain/leftOutputLog",0
54.669776,"/drivetrain/rightOutputLog",-0
54.669979,"/intake/pos",0
54.669983,"/intake/output",0
54.670183,"/shooter/rpm",0
54.670187,"/shooter/output",0.1
54.67021,"/shooter/hasBall",true
54.670245,"/shooter/temperature",42
54.670408,"/climber/rightPos",0
54.690071,"/drivetrain/leftPos",0
54.690085,"/drivetrain/leftVelocity",0
54.690098,"/drivetrain/rightPos",0
54.690107,"/drivetrain/rightVelocity",0
54.690112,"/drivetrain/heading",-2.259999990463257
54.690115,"/drivetrain/headingVelocity",0
54.690118,"/drivetrain/xAcceleration",0
54.690121,"/drivetrain/yAcceleration",0
54.690125,"/drivetrain/leftOutputLog",0
54.690128,"/drivetrain/rightOutputLog",-0
54.690503,"/intake/pos",0
54.690507,"/intake/output",0
54.690683,"/shooter/rpm",0
54.690687,"/shooter/output",0.1
54.690713,"/shooter/hasBall",true
54.690745,"/shooter/temperature",42
54.690919,"/climber/rightPos",0
54.709462,"/drivetrain/leftPos",0
54.709475,"/drivetrain/leftVelocity",0
54.709488,"/drivetrain/rightPos",0
54.709498,"/drivetrain/rightVelocity",0
54.709502,"/drivetrain/heading",-2.259999990463257
54.709506,"/drivetrain/headingVelocity",0
54.709509,"/drivetrain/xAcceleration",0
54.709512,"/drivetrain/yAcceleration",0
54.709515,"/drivetrain/leftOutputLog",0
54.709519,"/drivetrain/rightOutputLog",-0
54.709833,"/intake/pos",0
54.709876,"/intake/output",0
54.710281,"/shooter/rpm",0
54.710285,"/shooter/output",0.1
54.710312,"/shooter/hasBall",true
54.710345,"/shooter/temperature",42
54.710753,"/climber/rightPos",0
54.729405,"/drivetrain/leftPos",0
54.729525,"/drivetrain/leftVelocity",0
54.72955,"/drivetrain/rightPos",0
54.729562,"/drivetrain/rightVelocity",0
54.729567,"/drivetrain/heading",-2.259999990463257
54.729571,"/drivetrain/headingVelocity",0
54.729574,"/drivetrain/xAcceleration",0
54.729577,"/drivetrain/yAcceleration",0
54.72958,"/drivetrain/leftOutputLog",0
54.729584,"/drivetrain/rightOutputLog",-0
54.729986,"/intake/pos",0
54.72999,"/intake/output",0
54.730209,"/shooter/rpm",0
54.730213,"/shooter/output",0.1
54.730496,"/shooter/hasBall",true
54.730551,"/shooter/temperature",42
54.730718,"/climber/rightPos",0
54.749835,"/drivetrain/leftPos",0
54.74985,"/drivetrain/leftVelocity",0
54.749862,"/drivetrain/rightPos",0
54.749872,"/drivetrain/rightVelocity",0
54.749876,"/drivetrain/heading",-2.259999990463257
54.74988,"/drivetrain/headingVelocity",0
54.749883,"/drivetrain/xAcceleration",0
54.749886,"/drivetrain/yAcceleration",0
54.74989,"/drivetrain/leftOutputLog",0
54.749893,"/drivetrain/rightOutputLog",-0
54.750088,"/intake/pos",0
54.750092,"/intake/output",0
54.750299,"/shooter/rpm",0
54.750347,"/shooter/output",0.1
54.750376,"/shooter/hasBall",true
54.750477,"/shooter/temperature",42
54.750624,"/climber/rightPos",0
54.770229,"/drivetrain/leftPos",0
54.770242,"/drivetrain/leftVelocity",0
54.770255,"/drivetrain/rightPos",0
54.770265,"/drivetrain/rightVelocity",0
54.770269,"/drivetrain/heading",-2.259999990463257
54.770273,"/drivetrain/headingVelocity",0
54.770276,"/drivetrain/xAcceleration",0
54.77028,"/drivetrain/yAcceleration",-0.003000000026077032
54.770283,"/drivetrain/leftOutputLog",0
54.770286,"/drivetrain/rightOutputLog",-0
54.770458,"/intake/pos",0
54.770462,"/intake/output",0
54.770658,"/shooter/rpm",0
54.770662,"/shooter/output",0.1
54.770686,"/shooter/hasBall",true
54.770706,"/shooter/temperature",42
54.770875,"/climber/rightPos",0
54.789254,"/drivetrain/leftPos",0
54.789267,"/drivetrain/leftVelocity",0
54.78928,"/drivetrain/rightPos",0
54.78929,"/drivetrain/rightVelocity",0
54.789294,"/drivetrain/heading",-2.259999990463257
54.789298,"/drivetrain/headingVelocity",0
54.789301,"/drivetrain/xAcceleration",0
54.789304,"/drivetrain/yAcceleration",0
54.789308,"/drivetrain/leftOutputLog",0
54.789311,"/drivetrain/rightOutputLog",-0
54.789472,"/intake/pos",0
54.789476,"/intake/output",0
54.789669,"/shooter/rpm",0
54.789673,"/shooter/output",0.1
54.789695,"/shooter/hasBall",true
54.789766,"/shooter/temperature",42
54.789904,"/climber/rightPos",0
54.80918,"/drivetrain/leftPos",0
54.809193,"/drivetrain/leftVelocity",0
54.809206,"/drivetrain/rightPos",0
54.809215,"/drivetrain/rightVelocity",0
54.80922,"/drivetrain/heading",-2.25
54.809223,"/drivetrain/headingVelocity",0
54.809227,"/drivetrain/xAcceleration",0
54.80923,"/drivetrain/yAcceleration",0
54.809233,"/drivetrain/leftOutputLog",0
54.809237,"/drivetrain/rightOutputLog",-0
54.809401,"/intake/pos",0
54.809405,"/intake/output",0
54.809562,"/shooter/rpm",0
54.809566,"/shooter/output",0.1
54.809589,"/shooter/hasBall",true
54.809624,"/shooter/temperature",42
54.809782,"/climber/rightPos",0
54.829197,"/drivetrain/leftPos",0
54.82921,"/drivetrain/leftVelocity",0
54.829222,"/drivetrain/rightPos",0
54.829232,"/drivetrain/rightVelocity",0
54.829237,"/drivetrain/heading",-2.259999990463257
54.82924,"/drivetrain/headingVelocity",0
54.829244,"/drivetrain/xAcceleration",0
54.829362,"/drivetrain/yAcceleration",-0.003000000026077032
54.82937,"/drivetrain/leftOutputLog",0
54.829374,"/drivetrain/rightOutputLog",-0
54.829928,"/intake/pos",0
54.829933,"/intake/output",0
54.830229,"/shooter/rpm",0
54.830233,"/shooter/output",0.1
54.830408,"/shooter/hasBall",true
54.830453,"/shooter/temperature",42
54.830817,"/climber/rightPos",0
54.849342,"/drivetrain/leftPos",0
54.849355,"/drivetrain/leftVelocity",0
54.849368,"/drivetrain/rightPos",0
54.849377,"/drivetrain/rightVelocity",0
54.849382,"/drivetrain/heading",-2.259999990463257
54.849385,"/drivetrain/headingVelocity",0.0610351525247097
54.849388,"/drivetrain/xAcceleration",0
54.849392,"/drivetrain/yAcceleration",0
54.849395,"/drivetrain/leftOutputLog",0
54.849398,"/drivetrain/rightOutputLog",-0
54.849561,"/intake/pos",0
54.849564,"/intake/output",0
54.849764,"/shooter/rpm",0
54.849768,"/shooter/output",0.1
54.849791,"/shooter/hasBall",true
54.849829,"/shooter/temperature",42
54.849994,"/climber/rightPos",0
54.869255,"/drivetrain/leftPos",0
54.869269,"/drivetrain/leftVelocity",0
54.869283,"/drivetrain/rightPos",0
54.869293,"/drivetrain/rightVelocity",0
54.869298,"/drivetrain/heading",-2.259999990463257
54.869301,"/drivetrain/headingVelocity",0
54.869305,"/drivetrain/xAcceleration",0
54.869308,"/drivetrain/yAcceleration",0
54.869312,"/drivetrain/leftOutputLog",0
54.869315,"/drivetrain/rightOutputLog",-0
54.869492,"/intake/pos",0
54.869495,"/intake/output",0
54.869696,"/shooter/rpm",0
54.869743,"/shooter/output",0.1
54.869769,"/shooter/hasBall",true
54.869809,"/shooter/temperature",42
54.869974,"/climber/rightPos",0
54.88929,"/drivetrain/leftPos",0
54.889304,"/drivetrain/leftVelocity",0
54.889317,"/drivetrain/rightPos",0
54.889327,"/drivetrain/rightVelocity",0
54.889331,"/drivetrain/heading",-2.259999990463257
54.889335,"/drivetrain/headingVelocity",0
54.889338,"/drivetrain/xAcceleration",0
54.889342,"/drivetrain/yAcceleration",0
54.889345,"/drivetrain/leftOutputLog",0
54.889348,"/drivetrain/rightOutputLog",-0
54.889546,"/intake/pos",0
54.88955,"/intake/output",0
54.889749,"/shooter/rpm",0
54.889753,"/shooter/output",0.1
54.889778,"/shooter/hasBall",true
54.889845,"/shooter/temperature",42
54.890736,"/climber/rightPos",0
54.909692,"/drivetrain/leftPos",0
54.909705,"/drivetrain/leftVelocity",0
54.909719,"/drivetrain/rightPos",0
54.909729,"/drivetrain/rightVelocity",0
54.909733,"/drivetrain/heading",-2.259999990463257
54.909737,"/drivetrain/headingVelocity",0
54.90974,"/drivetrain/xAcceleration",0
54.909743,"/drivetrain/yAcceleration",0
54.909747,"/drivetrain/leftOutputLog",0
54.90975,"/drivetrain/rightOutputLog",-0
54.909955,"/intake/pos",0
54.909959,"/intake/output",0
54.91016,"/shooter/rpm",0
54.910164,"/shooter/output",0.1
54.910187,"/shooter/hasBall",true
54.910216,"/shooter/temperature",42
54.910393,"/climber/rightPos",0
54.929397,"/drivetrain/leftPos",0
54.929413,"/drivetrain/leftVelocity",0
54.929426,"/drivetrain/rightPos",0
54.929437,"/drivetrain/rightVelocity",0
54.929441,"/drivetrain/heading",-2.259999990463257
54.929445,"/drivetrain/headingVelocity",0
54.929448,"/drivetrain/xAcceleration",0
54.929452,"/drivetrain/yAcceleration",0
54.929455,"/drivetrain/leftOutputLog",0
54.929458,"/drivetrain/rightOutputLog",-0
54.930078,"/intake/pos",0
54.930082,"/intake/output",0
54.930687,"/shooter/rpm",0
54.930691,"/shooter/output",0.1
54.93072,"/shooter/hasBall",true
54.930753,"/shooter/temperature",42
54.930919,"/climber/rightPos",0
54.95013,"/drivetrain/leftPos",0
54.950144,"/drivetrain/leftVelocity",0
54.950158,"/drivetrain/rightPos",0
54.950168,"/drivetrain/rightVelocity",0
54.950173,"/drivetrain/heading",-2.25
54.950176,"/drivetrain/headingVelocity",-0.0610351525247097
54.950179,"/drivetrain/xAcceleration",0
54.950183,"/drivetrain/yAcceleration",-0.004999999888241291
54.950186,"/drivetrain/leftOutputLog",0
54.950189,"/drivetrain/rightOutputLog",-0
54.9504,"/intake/pos",0
54.950404,"/intake/output",0
54.950603,"/shooter/rpm",0
54.950607,"/shooter/output",0.1
54.950631,"/shooter/hasBall",true
54.950662,"/shooter/temperature",42
54.950803,"/climber/rightPos",0
54.969324,"/drivetrain/leftPos",0
54.969338,"/drivetrain/leftVelocity",0
54.969351,"/drivetrain/rightPos",0
54.969361,"/drivetrain/rightVelocity",0
54.969365,"/drivetrain/heading",-2.25
54.969369,"/drivetrain/headingVelocity",0
54.969372,"/drivetrain/xAcceleration",0
54.969375,"/drivetrain/yAcceleration",-0.004000000189989805
54.969379,"/drivetrain/leftOutputLog",0
54.969382,"/drivetrain/rightOutputLog",-0
54.96957,"/intake/pos",0
54.969574,"/intake/output",0
54.969761,"/shooter/rpm",0
54.969765,"/shooter/output",0.1
54.969828,"/shooter/hasBall",true
54.969851,"/shooter/temperature",42
54.97002,"/climber/rightPos",0
54.989765,"/drivetrain/leftPos",0
54.989778,"/drivetrain/leftVelocity",0
54.989792,"/drivetrain/rightPos",0
54.989802,"/drivetrain/rightVelocity",0
54.989806,"/drivetrain/heading",-2.25
54.98981,"/drivetrain/headingVelocity",0
54.989813,"/drivetrain/xAcceleration",0
54.989816,"/drivetrain/yAcceleration",0
54.98982,"/drivetrain/leftOutputLog",0
54.989823,"/drivetrain/rightOutputLog",-0
54.990069,"/intake/pos",0
54.990073,"/intake/output",0
54.990443,"/shooter/rpm",0
54.990447,"/shooter/output",0.1
54.990472,"/shooter/hasBall",true
54.990498,"/shooter/temperature",42
54.990647,"/climber/rightPos",0
55.00924,"/drivetrain/leftPos",0
55.009254,"/drivetrain/leftVelocity",0
55.009268,"/drivetrain/rightPos",0
55.009277,"/drivetrain/rightVelocity",0
55.009282,"/drivetrain/heading",-2.25
55.009414,"/drivetrain/headingVelocity",0
55.009417,"/drivetrain/xAcceleration",0
55.00942,"/drivetrain/yAcceleration",0
55.009424,"/drivetrain/leftOutputLog",0
55.009428,"/drivetrain/rightOutputLog",-0
55.009873,"/intake/pos",0
55.009877,"/intake/output",0
55.010172,"/shooter/rpm",0
55.010176,"/shooter/output",0.1
55.010203,"/shooter/hasBall",true
55.01114,"/shooter/temperature",42
55.01133,"/climber/rightPos",0
55.03061,"/drivetrain/leftPos",0
55.030629,"/drivetrain/leftVelocity",0
55.030642,"/drivetrain/rightPos",0
55.030652,"/drivetrain/rightVelocity",0
55.030657,"/drivetrain/heading",-2.25
55.03066,"/drivetrain/headingVelocity",0
55.030663,"/drivetrain/xAcceleration",0
55.030666,"/drivetrain/yAcceleration",0
55.03067,"/drivetrain/leftOutputLog",0
55.030673,"/drivetrain/rightOutputLog",-0
55.0309,"/intake/pos",0
55.030904,"/intake/output",0
55.031152,"/shooter/rpm",0
55.031156,"/shooter/output",0.1
55.031182,"/shooter/hasBall",true
55.031203,"/shooter/temperature",42
55.03138,"/climber/rightPos",0
55.049766,"/drivetrain/leftPos",0
55.049781,"/drivetrain/leftVelocity",0
55.049794,"/drivetrain/rightPos",0
55.049804,"/drivetrain/rightVelocity",0
55.049809,"/drivetrain/heading",-2.25
55.049812,"/drivetrain/headingVelocity",-0.0610351525247097
55.049816,"/drivetrain/xAcceleration",0
55.049819,"/drivetrain/yAcceleration",0
55.049822,"/drivetrain/leftOutputLog",0
55.049826,"/drivetrain/rightOutputLog",-0
55.050746,"/intake/pos",0
55.05075,"/intake/output",0
55.05109,"/shooter/rpm",0
55.051094,"/shooter/output",0.1
55.051121,"/shooter/hasBall",true
55.05116,"/shooter/temperature",42
55.051374,"/climber/rightPos",0
55.069287,"/drivetrain/leftPos",0
55.069303,"/drivetrain/leftVelocity",0
55.069318,"/drivetrain/rightPos",0
55.069328,"/drivetrain/rightVelocity",0
55.069333,"/drivetrain/heading",-2.25
55.069336,"/drivetrain/headingVelocity",-0.0610351525247097
55.069339,"/drivetrain/xAcceleration",0
55.069343,"/drivetrain/yAcceleration",0
55.069346,"/drivetrain/leftOutputLog",0
55.069349,"/drivetrain/rightOutputLog",-0
55.069656,"/intake/pos",0
55.06966,"/intake/output",0
55.07071,"/shooter/rpm",0
55.070715,"/shooter/output",0.1
55.070744,"/shooter/hasBall",true
55.070791,"/shooter/temperature",42
55.070987,"/climber/rightPos",0
55.089649,"/drivetrain/leftPos",0
55.089664,"/drivetrain/leftVelocity",0
55.089679,"/drivetrain/rightPos",0
55.089689,"/drivetrain/rightVelocity",0
55.089694,"/drivetrain/heading",-2.25
55.089697,"/drivetrain/headingVelocity",0
55.089701,"/drivetrain/xAcceleration",0
55.089704,"/drivetrain/yAcceleration",0
55.089707,"/drivetrain/leftOutputLog",0
55.089711,"/drivetrain/rightOutputLog",-0
55.090077,"/intake/pos",0
55.090081,"/intake/output",0
55.09059,"/shooter/rpm",0
55.090594,"/shooter/output",0.1
55.090623,"/shooter/hasBall",true
55.090665,"/shooter/temperature",42
55.090871,"/climber/rightPos",0
55.109366,"/drivetrain/leftPos",0
55.10938,"/drivetrain/leftVelocity",0
55.109394,"/drivetrain/rightPos",0
55.109404,"/drivetrain/rightVelocity",0
55.109409,"/drivetrain/heading",-2.25
55.109412,"/drivetrain/headingVelocity",0.0610351525247097
55.109416,"/drivetrain/xAcceleration",0
55.109419,"/drivetrain/yAcceleration",0
55.109422,"/drivetrain/leftOutputLog",0
55.109425,"/drivetrain/rightOutputLog",-0
55.109868,"/intake/pos",0
55.109872,"/intake/output",0
55.110566,"/shooter/rpm",0
55.11057,"/shooter/output",0.1
55.110601,"/shooter/hasBall",true
55.110643,"/shooter/temperature",42
55.111049,"/climber/rightPos",0
55.131369,"/drivetrain/leftPos",0
55.131383,"/drivetrain/leftVelocity",0
55.131397,"/drivetrain/rightPos",0
55.131407,"/drivetrain/rightVelocity",0
55.131412,"/drivetrain/heading",-2.25
55.131416,"/drivetrain/headingVelocity",0.0610351525247097
55.131419,"/drivetrain/xAcceleration",0
55.131422,"/drivetrain/yAcceleration",-0.003000000026077032
55.131426,"/drivetrain/leftOutputLog",0
55.131429,"/drivetrain/rightOutputLog",-0
55.131626,"/intake/pos",0
55.13163,"/intake/output",0
55.131832,"/shooter/rpm",0
55.131836,"/shooter/output",0.1
55.131861,"/shooter/hasBall",true
55.131898,"/shooter/temperature",42
55.132063,"/climber/rightPos",0
55.14966,"/drivetrain/leftPos",0
55.149675,"/drivetrain/leftVelocity",0
55.149691,"/drivetrain/rightPos",0
55.149701,"/drivetrain/rightVelocity",0
55.149706,"/drivetrain/heading",-2.25
55.14971,"/drivetrain/headingVelocity",0
55.149713,"/drivetrain/xAcceleration",0
55.149717,"/drivetrain/yAcceleration",-0.004000000189989805
55.14972,"/drivetrain/leftOutputLog",0
55.149724,"/drivetrain/rightOutputLog",-0
55.1501,"/intake/pos",0
55.150104,"/intake/output",0
55.150295,"/shooter/rpm",0
55.150299,"/shooter/output",0.1
55.150363,"/shooter/hasBall",true
55.150402,"/shooter/temperature",42
55.150583,"/climber/rightPos",0
55.170117,"/drivetrain/leftPos",0
55.17013,"/drivetrain/leftVelocity",0
55.170143,"/drivetrain/rightPos",0
55.170154,"/drivetrain/rightVelocity",0
55.170159,"/drivetrain/heading",-2.25
55.170162,"/drivetrain/headingVelocity",0
55.170166,"/drivetrain/xAcceleration",0
55.170169,"/drivetrain/yAcceleration",0
55.170172,"/drivetrain/leftOutputLog",0
55.170175,"/drivetrain/rightOutputLog",-0
55.170338,"/intake/pos",0
55.170341,"/intake/output",0
55.170511,"/shooter/rpm",0
55.170515,"/shooter/output",0.1
55.170539,"/shooter/hasBall",true
55.170571,"/shooter/temperature",42
55.17075,"/climber/rightPos",0
55.189223,"/drivetrain/leftPos",0
55.189238,"/drivetrain/leftVelocity",0
55.18925,"/drivetrain/rightPos",0
55.18926,"/drivetrain/rightVelocity",0
55.189265,"/drivetrain/heading",-2.25
55.189268,"/drivetrain/headingVelocity",0
55.189272,"/drivetrain/xAcceleration",0
55.189275,"/drivetrain/yAcceleration",0
55.189278,"/drivetrain/leftOutputLog",0
55.189281,"/drivetrain/rightOutputLog",-0
55.189835,"/intake/pos",0
55.189839,"/intake/output",0
55.190046,"/shooter/rpm",0
55.19005,"/shooter/output",0.1
55.190113,"/shooter/hasBall",true
55.190147,"/shooter/temperature",42
55.190315,"/climber/rightPos",0
55.209764,"/drivetrain/leftPos",0
55.209779,"/drivetrain/leftVelocity",0
55.209794,"/drivetrain/rightPos",0
55.209804,"/drivetrain/rightVelocity",0
55.20981,"/drivetrain/heading",-2.25
55.209813,"/drivetrain/headingVelocity",0.1220703050494194
55.209816,"/drivetrain/xAcceleration",-0.004000000189989805
55.209819,"/drivetrain/yAcceleration",0
55.209823,"/drivetrain/leftOutputLog",0
55.209826,"/drivetrain/rightOutputLog",-0
55.210127,"/intake/pos",0
55.210131,"/intake/output",0
55.210297,"/shooter/rpm",0
55.210301,"/shooter/output",0.1
55.210368,"/shooter/hasBall",true
55.210402,"/shooter/temperature",42
55.210581,"/climber/rightPos",0
55.229859,"/drivetrain/leftPos",0
55.229979,"/drivetrain/leftVelocity",0
55.230005,"/drivetrain/rightPos",0
55.230017,"/drivetrain/rightVelocity",0
55.230022,"/drivetrain/heading",-2.25
55.230025,"/drivetrain/headingVelocity",0.1831054538488388
55.230411,"/drivetrain/xAcceleration",0
55.230422,"/drivetrain/yAcceleration",0
55.230426,"/drivetrain/leftOutputLog",0
55.230429,"/drivetrain/rightOutputLog",-0
55.230976,"/intake/pos",0
55.230983,"/intake/output",0
55.231317,"/shooter/rpm",0
55.231321,"/shooter/output",0.1
55.231348,"/shooter/hasBall",true
55.231374,"/shooter/temperature",42
55.231515,"/climber/rightPos",0
55.249888,"/drivetrain/leftPos",0
55.249901,"/drivetrain/leftVelocity",0
55.249914,"/drivetrain/rightPos",0
55.249924,"/drivetrain/rightVelocity",0
55.249928,"/drivetrain/heading",-2.259999990463257
55.249932,"/drivetrain/headingVelocity",0.2441406100988388
55.249935,"/drivetrain/xAcceleration",0
55.249938,"/drivetrain/yAcceleration",0
55.249942,"/drivetrain/leftOutputLog",0
55.249945,"/drivetrain/rightOutputLog",-0
55.250104,"/intake/pos",0
55.250108,"/intake/output",0
55.25031,"/shooter/rpm",0
55.250314,"/shooter/output",0.1
55.250339,"/shooter/hasBall",true
55.250361,"/shooter/temperature",42
55.250542,"/climber/rightPos",0
55.270051,"/drivetrain/leftPos",0
55.270065,"/drivetrain/leftVelocity",0
55.270078,"/drivetrain/rightPos",0
55.270087,"/drivetrain/rightVelocity",0
55.270092,"/drivetrain/heading",-2.259999990463257
55.270095,"/drivetrain/headingVelocity",0.1220703050494194
55.270098,"/drivetrain/xAcceleration",0.003000000026077032
55.270102,"/drivetrain/yAcceleration",0.004000000189989805
55.270105,"/drivetrain/leftOutputLog",0
55.270108,"/drivetrain/rightOutputLog",-0
55.270254,"/intake/pos",0
55.270258,"/intake/output",0
55.270472,"/shooter/rpm",0
55.270476,"/shooter/output",0.1
55.2705,"/shooter/hasBall",true
55.27052,"/shooter/temperature",42
55.270689,"/climber/rightPos",0
55.289722,"/drivetrain/leftPos",0
55.289736,"/drivetrain/leftVelocity",0
55.289749,"/drivetrain/rightPos",0
55.28976,"/drivetrain/rightVelocity",0
55.289764,"/drivetrain/heading",-2.259999990463257
55.289768,"/drivetrain/headingVelocity",0
55.289771,"/drivetrain/xAcceleration",0
55.289775,"/drivetrain/yAcceleration",0
55.289778,"/drivetrain/leftOutputLog",0
55.289781,"/drivetrain/rightOutputLog",-0
55.29032,"/intake/pos",0
55.290324,"/intake/output",0
55.290685,"/shooter/rpm",0
55.290689,"/shooter/output",0.1
55.290714,"/shooter/hasBall",true
55.290752,"/shooter/temperature",42
55.291043,"/climber/rightPos",0
55.309295,"/drivetrain/leftPos",0
55.30931,"/drivetrain/leftVelocity",0
55.309324,"/drivetrain/rightPos",0
55.309334,"/drivetrain/rightVelocity",0
55.309338,"/drivetrain/heading",-2.25
55.309342,"/drivetrain/headingVelocity",-0.3662109076976776
55.309345,"/drivetrain/xAcceleration",0
55.309348,"/drivetrain/yAcceleration",0
55.309352,"/drivetrain/leftOutputLog",0
55.309355,"/drivetrain/rightOutputLog",-0
55.309781,"/intake/pos",0
55.309785,"/intake/output",0
55.310139,"/shooter/rpm",0
55.310143,"/shooter/output",0.1
55.31017,"/shooter/hasBall",true
55.310213,"/shooter/temperature",42
55.310604,"/climber/rightPos",0
55.329368,"/drivetrain/leftPos",0
55.329381,"/drivetrain/leftVelocity",0
55.329395,"/drivetrain/rightPos",0
55.329405,"/drivetrain/rightVelocity",0
55.32941,"/drivetrain/heading",-2.25
55.329413,"/drivetrain/headingVelocity",-0.30517578125
55.329417,"/drivetrain/xAcceleration",0
55.32942,"/drivetrain/yAcceleration",0
55.329423,"/drivetrain/leftOutputLog",0
55.329427,"/drivetrain/rightOutputLog",-0
55.329587,"/intake/pos",0
55.32959,"/intake/output",0
55.329787,"/shooter/rpm",0
55.32979,"/shooter/output",0.1
55.329814,"/shooter/hasBall",true
55.329906,"/shooter/temperature",42
55.330288,"/climber/rightPos",0
55.350101,"/drivetrain/leftPos",0
55.350116,"/drivetrain/leftVelocity",0
55.350131,"/drivetrain/rightPos",0
55.350141,"/drivetrain/rightVelocity",0
55.350146,"/drivetrain/heading",-2.240000009536743
55.35015,"/drivetrain/headingVelocity",-0.2441406100988388
55.350153,"/drivetrain/xAcceleration",0
55.350157,"/drivetrain/yAcceleration",-0.004000000189989805
55.35016,"/drivetrain/leftOutputLog",0
55.350164,"/drivetrain/rightOutputLog",-0
55.350552,"/intake/pos",0
55.350556,"/intake/output",0
55.35077,"/shooter/rpm",0
55.350774,"/shooter/output",0.1
55.350843,"/shooter/hasBall",true
55.350883,"/shooter/temperature",42
55.351056,"/climber/rightPos",0
55.369324,"/drivetrain/leftPos",0
55.369338,"/drivetrain/leftVelocity",0
55.369351,"/drivetrain/rightPos",0
55.369361,"/drivetrain/rightVelocity",0
55.369366,"/drivetrain/heading",-2.240000009536743
55.369369,"/drivetrain/headingVelocity",0
55.369372,"/drivetrain/xAcceleration",0
55.369376,"/drivetrain/yAcceleration",-0.004000000189989805
55.369379,"/drivetrain/leftOutputLog",0
55.369382,"/drivetrain/rightOutputLog",-0
55.369727,"/intake/pos",0
55.369732,"/intake/output",0
55.370224,"/shooter/rpm",0
55.370228,"/shooter/output",0.1
55.370299,"/shooter/hasBall",true
55.370344,"/shooter/temperature",42
55.370522,"/climber/rightPos",0
55.389801,"/drivetrain/leftPos",0
55.389815,"/drivetrain/leftVelocity",0
55.389829,"/drivetrain/rightPos",0
55.389839,"/drivetrain/rightVelocity",0
55.389844,"/drivetrain/heading",-2.240000009536743
55.389847,"/drivetrain/headingVelocity",0.0610351525247097
55.389851,"/drivetrain/xAcceleration",-0.003000000026077032
55.389854,"/drivetrain/yAcceleration",-0.004000000189989805
55.389857,"/drivetrain/leftOutputLog",0
55.389861,"/drivetrain/rightOutputLog",-0
55.390694,"/intake/pos",0
55.390698,"/intake/output",0
55.390904,"/shooter/rpm",0
55.390908,"/shooter/output",0.1
55.390973,"/shooter/hasBall",true
55.391009,"/shooter/temperature",42
55.39118,"/climber/rightPos",0
55.409301,"/drivetrain/leftPos",0
55.409319,"/drivetrain/leftVelocity",0
55.409335,"/drivetrain/rightPos",0
55.409346,"/drivetrain/rightVelocity",0
55.409351,"/drivetrain/heading",-2.240000009536743
55.409354,"/drivetrain/headingVelocity",0.0610351525247097
55.409358,"/drivetrain/xAcceleration",-0.003000000026077032
55.409361,"/drivetrain/yAcceleration",-0.004000000189989805
55.409365,"/drivetrain/leftOutputLog",0
55.409368,"/drivetrain/rightOutputLog",-0
55.410464,"/intake/pos",0
55.410468,"/intake/output",0
55.410651,"/shooter/rpm",0
55.410655,"/shooter/output",0.1
55.41068,"/shooter/hasBall",true
55.410903,"/shooter/temperature",42
55.411062,"/climber/rightPos",0
55.430532,"/drivetrain/leftPos",0
55.430546,"/drivetrain/leftVelocity",0
55.430561,"/drivetrain/rightPos",0
55.430571,"/drivetrain/rightVelocity",0
55.430575,"/drivetrain/heading",-2.240000009536743
55.430579,"/drivetrain/headingVelocity",0.0610351525247097
55.430582,"/drivetrain/xAcceleration",-0.003000000026077032
55.430585,"/drivetrain/yAcceleration",-0.004000000189989805
55.430589,"/drivetrain/leftOutputLog",0
55.430592,"/drivetrain/rightOutputLog",-0
55.430774,"/intake/pos",0
55.430778,"/intake/output",0
55.431004,"/shooter/rpm",0
55.431009,"/shooter/output",0.1
55.431034,"/shooter/hasBall",true
55.431068,"/shooter/temperature",42
55.431238,"/climber/rightPos",0
55.449336,"/drivetrain/leftPos",0
55.449596,"/drivetrain/leftVelocity",0
55.449626,"/drivetrain/rightPos",0
55.449638,"/drivetrain/rightVelocity",0
55.449642,"/drivetrain/heading",-2.240000009536743
55.449646,"/drivetrain/headingVelocity",0.0610351525247097
55.449649,"/drivetrain/xAcceleration",-0.003000000026077032
55.449653,"/drivetrain/yAcceleration",-0.004000000189989805
55.449656,"/drivetrain/leftOutputLog",0
55.449659,"/drivetrain/rightOutputLog",-0
55.450262,"/intake/pos",0
55.450267,"/intake/output",0
55.450581,"/shooter/rpm",0
55.450585,"/shooter/output",0.1
55.450612,"/shooter/hasBall",true
55.450632,"/shooter/temperature",42
55.450814,"/climber/rightPos",0
55.469591,"/drivetrain/leftPos",0
55.469605,"/drivetrain/leftVelocity",0
55.46962,"/drivetrain/rightPos",0
55.469692,"/drivetrain/rightVelocity",0
55.469699,"/drivetrain/heading",-2.25
55.469702,"/drivetrain/headingVelocity",0.0610351525247097
55.469706,"/drivetrain/xAcceleration",0
55.469709,"/drivetrain/yAcceleration",0
55.469712,"/drivetrain/leftOutputLog",0
55.469716,"/drivetrain/rightOutputLog",-0
55.471079,"/intake/pos",0
55.471127,"/intake/output",0
55.471339,"/shooter/rpm",0
55.471342,"/shooter/output",0.1
55.471366,"/shooter/hasBall",true
55.471435,"/shooter/temperature",42
55.471576,"/climber/rightPos",0
55.489222,"/drivetrain/leftPos",0
55.489236,"/drivetrain/leftVelocity",0
55.489249,"/drivetrain/rightPos",0
55.48926,"/drivetrain/rightVelocity",0
55.489264,"/drivetrain/heading",-2.25
55.489267,"/drivetrain/headingVelocity",0
55.489271,"/drivetrain/xAcceleration",0
55.489274,"/drivetrain/yAcceleration",0
55.489277,"/drivetrain/leftOutputLog",0
55.489281,"/drivetrain/rightOutputLog",-0
55.489441,"/intake/pos",0
55.489445,"/intake/output",0
55.489639,"/shooter/rpm",0
55.489643,"/shooter/output",0.1
55.489667,"/shooter/hasBall",true
55.489688,"/shooter/temperature",42
55.489931,"/climber/rightPos",0
55.509205,"/drivetrain/leftPos",0
55.509218,"/drivetrain/leftVelocity",0
55.509231,"/drivetrain/rightPos",0
55.50924,"/drivetrain/rightVelocity",0
55.509245,"/drivetrain/heading",-2.25
55.509248,"/drivetrain/headingVelocity",0
55.509252,"/drivetrain/xAcceleration",0
55.509255,"/drivetrain/yAcceleration",0
55.509258,"/drivetrain/leftOutputLog",0
55.509261,"/drivetrain/rightOutputLog",-0
55.509419,"/intake/pos",0
55.509423,"/intake/output",0
55.509579,"/shooter/rpm",0
55.509582,"/shooter/output",0.1
55.509605,"/shooter/hasBall",true
55.509626,"/shooter/temperature",42
55.509789,"/climber/rightPos",0
55.530299,"/drivetrain/leftPos",0
55.530314,"/drivetrain/leftVelocity",0
55.530328,"/drivetrain/rightPos",0
55.530338,"/drivetrain/rightVelocity",0
55.530343,"/drivetrain/heading",-2.25
55.530346,"/drivetrain/headingVelocity",0
55.53035,"/drivetrain/xAcceleration",0
55.530353,"/drivetrain/yAcceleration",0
55.530356,"/drivetrain/leftOutputLog",0
55.530359,"/drivetrain/rightOutputLog",-0
55.530679,"/intake/pos",0
55.530683,"/intake/output",0
55.530894,"/shooter/rpm",0
55.530898,"/shooter/output",0.1
55.530969,"/shooter/hasBall",true
55.531013,"/shooter/temperature",42
55.531186,"/climber/rightPos",0
55.549282,"/drivetrain/leftPos",0
55.549296,"/drivetrain/leftVelocity",0
55.549308,"/drivetrain/rightPos",0
55.549318,"/drivetrain/rightVelocity",0
55.549322,"/drivetrain/heading",-2.25
55.549326,"/drivetrain/headingVelocity",0
55.549329,"/drivetrain/xAcceleration",-0.003000000026077032
55.549332,"/drivetrain/yAcceleration",0
55.549336,"/drivetrain/leftOutputLog",0
55.549339,"/drivetrain/rightOutputLog",-0
55.549569,"/intake/pos",0
55.549574,"/intake/output",0
55.549762,"/shooter/rpm",0
55.549766,"/shooter/output",0.1
55.549824,"/shooter/hasBall",true
55.549872,"/shooter/temperature",42
55.550032,"/climber/rightPos",0
55.569794,"/drivetrain/leftPos",0
55.569807,"/drivetrain/leftVelocity",0
55.56982,"/drivetrain/rightPos",0
55.569829,"/drivetrain/rightVelocity",0
55.569834,"/drivetrain/heading",-2.25
55.569837,"/drivetrain/headingVelocity",0
55.569841,"/drivetrain/xAcceleration",0
55.569844,"/drivetrain/yAcceleration",-0.003000000026077032
55.569847,"/drivetrain/leftOutputLog",0
55.569851,"/drivetrain/rightOutputLog",-0
55.570112,"/intake/pos",0
55.57015,"/intake/output",0
55.57047,"/shooter/rpm",0
55.570473,"/shooter/output",0.1
55.570499,"/shooter/hasBall",true
55.570537,"/shooter/temperature",42
55.570668,"/climber/rightPos",0
55.589477,"/drivetrain/leftPos",0
55.589491,"/drivetrain/leftVelocity",0
55.58951,"/drivetrain/rightPos",0
55.589521,"/drivetrain/rightVelocity",0
55.589526,"/drivetrain/heading",-2.25
55.58953,"/drivetrain/headingVelocity",0.1220703050494194
55.589631,"/drivetrain/xAcceleration",0
55.589635,"/drivetrain/yAcceleration",0
55.589658,"/drivetrain/leftOutputLog",0
55.589664,"/drivetrain/rightOutputLog",-0
55.590037,"/intake/pos",0
55.590041,"/intake/output",0
55.59072,"/shooter/rpm",0
55.590724,"/shooter/output",0.1
55.59075,"/shooter/hasBall",true
55.590791,"/shooter/temperature",42
55.590951,"/climber/rightPos",0
55.609217,"/drivetrain/leftPos",0
55.609231,"/drivetrain/leftVelocity",0
55.609244,"/drivetrain/rightPos",0
55.609254,"/drivetrain/rightVelocity",0
55.609259,"/drivetrain/heading",-2.25
55.609262,"/drivetrain/headingVelocity",0.1220703050494194
55.609266,"/drivetrain/xAcceleration",0
55.609269,"/drivetrain/yAcceleration",0
55.609272,"/drivetrain/leftOutputLog",0
55.609275,"/drivetrain/rightOutputLog",-0
55.60962,"/intake/pos",0
55.609624,"/intake/output",0
55.610178,"/shooter/rpm",0
55.610182,"/shooter/output",0.1
55.610756,"/shooter/hasBall",true
55.610811,"/shooter/temperature",42
55.61106,"/climber/rightPos",0
55.629691,"/drivetrain/leftPos",0
55.629704,"/drivetrain/leftVelocity",0
55.629717,"/drivetrain/rightPos",0
55.629727,"/drivetrain/rightVelocity",0
55.629732,"/drivetrain/heading",-2.259999990463257
55.629735,"/drivetrain/headingVelocity",0.0610351525247097
55.629739,"/drivetrain/xAcceleration",0
55.629742,"/drivetrain/yAcceleration",0
55.629745,"/drivetrain/leftOutputLog",0
55.629748,"/drivetrain/rightOutputLog",-0
55.629999,"/intake/pos",0
55.630003,"/intake/output",0
55.630204,"/shooter/rpm",0
55.630208,"/shooter/output",0.1
55.63027,"/shooter/hasBall",true
55.630307,"/shooter/temperature",42
55.630655,"/climber/rightPos",0
55.650231,"/drivetrain/leftPos",0
55.650246,"/drivetrain/leftVelocity",0
55.650259,"/drivetrain/rightPos",0
55.650269,"/drivetrain/rightVelocity",0
55.650273,"/drivetrain/heading",-2.259999990463257
55.650276,"/drivetrain/headingVelocity",0
55.65028,"/drivetrain/xAcceleration",0
55.650283,"/drivetrain/yAcceleration",0
55.650286,"/drivetrain/leftOutputLog",0
55.650289,"/drivetrain/rightOutputLog",-0
55.650501,"/intake/pos",0
55.650505,"/intake/output",0
55.650753,"/shooter/rpm",0
55.650756,"/shooter/output",0.1
55.65078,"/shooter/hasBall",true
55.65081,"/shooter/temperature",42
55.650948,"/climber/rightPos",0
55.670227,"/drivetrain/leftPos",0
55.67024,"/drivetrain/leftVelocity",0
55.670253,"/drivetrain/rightPos",0
55.670263,"/drivetrain/rightVelocity",0
55.670268,"/drivetrain/heading",-2.259999990463257
55.670271,"/drivetrain/headingVelocity",0
55.670275,"/drivetrain/xAcceleration",0
55.670345,"/drivetrain/yAcceleration",0
55.670352,"/drivetrain/leftOutputLog",0
55.670356,"/drivetrain/rightOutputLog",-0
55.670594,"/intake/pos",0
55.6706,"/intake/output",0
55.670899,"/shooter/rpm",0
55.670903,"/shooter/output",0.1
55.670929,"/shooter/hasBall",true
55.670964,"/shooter/temperature",42
55.671115,"/climber/rightPos",0
55.689209,"/drivetrain/leftPos",0
55.689223,"/drivetrain/leftVelocity",0
55.689236,"/drivetrain/rightPos",0
55.689246,"/drivetrain/rightVelocity",0
55.689251,"/drivetrain/heading",-2.259999990463257
55.689254,"/drivetrain/headingVelocity",0
55.689258,"/drivetrain/xAcceleration",0
55.689261,"/drivetrain/yAcceleration",-0.004999999888241291
55.689264,"/drivetrain/leftOutputLog",0
55.689267,"/drivetrain/rightOutputLog",-0
55.689545,"/intake/pos",0
55.689549,"/intake/output",0
55.690689,"/shooter/rpm",0
55.690693,"/shooter/output",0.1
55.690727,"/shooter/hasBall",true
55.690749,"/shooter/temperature",42
55.691732,"/climber/rightPos",0
55.709163,"/drivetrain/leftPos",0
55.709176,"/drivetrain/leftVelocity",0
55.709189,"/drivetrain/rightPos",0
55.709199,"/drivetrain/rightVelocity",0
55.709204,"/drivetrain/heading",-2.25
55.709207,"/drivetrain/headingVelocity",0
55.709211,"/drivetrain/xAcceleration",0
55.709214,"/drivetrain/yAcceleration",-0.003000000026077032
55.709217,"/drivetrain/leftOutputLog",0
55.70922,"/drivetrain/rightOutputLog",-0
55.709385,"/intake/pos",0
55.70939,"/intake/output",0
55.709769,"/shooter/rpm",0
55.709773,"/shooter/output",0.1
55.709812,"/shooter/hasBall",true
55.709845,"/shooter/temperature",42
55.710232,"/climber/rightPos",0
55.729382,"/drivetrain/leftPos",0
55.729396,"/drivetrain/leftVelocity",0
55.729409,"/drivetrain/rightPos",0
55.729419,"/drivetrain/rightVelocity",0
55.729424,"/drivetrain/heading",-2.25
55.729427,"/drivetrain/headingVelocity",0
55.72943,"/drivetrain/xAcceleration",0
55.729434,"/drivetrain/yAcceleration",0
55.729437,"/drivetrain/leftOutputLog",0
55.72944,"/drivetrain/rightOutputLog",-0
55.729813,"/intake/pos",0
55.729817,"/intake/output",0
55.730311,"/shooter/rpm",0
55.730315,"/shooter/output",0.1
55.730343,"/shooter/hasBall",true
55.730365,"/shooter/temperature",42
55.730721,"/climber/rightPos",0
55.749472,"/drivetrain/leftPos",0
55.749485,"/drivetrain/leftVelocity",0
55.749498,"/drivetrain/rightPos",0
55.749508,"/drivetrain/rightVelocity",0
55.749513,"/drivetrain/heading",-2.25
55.749516,"/drivetrain/headingVelocity",0
55.74952,"/drivetrain/xAcceleration",0
55.749523,"/drivetrain/yAcceleration",0
55.749527,"/drivetrain/leftOutputLog",0
55.74953,"/drivetrain/rightOutputLog",-0
55.74987,"/intake/pos",0
55.749874,"/intake/output",0
55.750372,"/shooter/rpm",0
55.750376,"/shooter/output",0.1
55.750537,"/shooter/hasBall",true
55.750568,"/shooter/temperature",42
55.750772,"/climber/rightPos",0
55.769451,"/drivetrain/leftPos",0
55.769464,"/drivetrain/leftVelocity",0
55.769478,"/drivetrain/rightPos",0
55.769488,"/drivetrain/rightVelocity",0
55.769492,"/drivetrain/heading",-2.259999990463257
55.769496,"/drivetrain/headingVelocity",0
55.769499,"/drivetrain/xAcceleration",0
55.769502,"/drivetrain/yAcceleration",0
55.769505,"/drivetrain/leftOutputLog",0
55.769509,"/drivetrain/rightOutputLog",-0
55.769672,"/intake/pos",0
55.769676,"/intake/output",0
55.769825,"/shooter/rpm",0
55.769829,"/shooter/output",0.1
55.769853,"/shooter/hasBall",true
55.769896,"/shooter/temperature",42
55.770061,"/climber/rightPos",0
55.792463,"/drivetrain/leftPos",0
55.792476,"/drivetrain/leftVelocity",0
55.792489,"/drivetrain/rightPos",0
55.7925,"/drivetrain/rightVelocity",0
55.792504,"/drivetrain/heading",-2.259999990463257
55.792508,"/drivetrain/headingVelocity",0.0610351525247097
55.792511,"/drivetrain/xAcceleration",0
55.792515,"/drivetrain/yAcceleration",0
55.792518,"/drivetrain/leftOutputLog",0
55.792521,"/drivetrain/rightOutputLog",-0
55.79286,"/intake/pos",0
55.792864,"/intake/output",0
55.79305,"/shooter/rpm",0
55.793054,"/shooter/output",0.1
55.79308,"/shooter/hasBall",true
55.79312,"/shooter/temperature",42
55.793331,"/climber/rightPos",0
55.810744,"/drivetrain/leftPos",0
55.810758,"/drivetrain/leftVelocity",0
55.810854,"/drivetrain/rightPos",0
55.810865,"/drivetrain/rightVelocity",0
55.81087,"/drivetrain/heading",-2.259999990463257
55.810873,"/drivetrain/headingVelocity",0
55.810876,"/drivetrain/xAcceleration",0
55.810879,"/drivetrain/yAcceleration",0
55.810883,"/drivetrain/leftOutputLog",0
55.810886,"/drivetrain/rightOutputLog",-0
55.811084,"/intake/pos",0
55.811088,"/intake/output",0
55.811249,"/shooter/rpm",0
55.811253,"/shooter/output",0.1
55.811276,"/shooter/hasBall",true
55.811316,"/shooter/temperature",42
55.811537,"/climber/rightPos",0
55.829202,"/drivetrain/leftPos",0
55.829215,"/drivetrain/leftVelocity",0
55.829227,"/drivetrain/rightPos",0
55.829237,"/drivetrain/rightVelocity",0
55.829241,"/drivetrain/heading",-2.25
55.829245,"/drivetrain/headingVelocity",-0.0610351525247097
55.829248,"/drivetrain/xAcceleration",0
55.829251,"/drivetrain/yAcceleration",-0.004000000189989805
55.829254,"/drivetrain/leftOutputLog",0
55.829258,"/drivetrain/rightOutputLog",-0
55.82944,"/intake/pos",0
55.829444,"/intake/output",0
55.829626,"/shooter/rpm",0
55.829631,"/shooter/output",0.1
55.829655,"/shooter/hasBall",true
55.829692,"/shooter/temperature",42
55.829877,"/climber/rightPos",0
55.849267,"/drivetrain/leftPos",0
55.84928,"/drivetrain/leftVelocity",0
55.849293,"/drivetrain/rightPos",0
55.849433,"/drivetrain/rightVelocity",0
55.849438,"/drivetrain/heading",-2.25
55.849442,"/drivetrain/headingVelocity",0
55.849445,"/drivetrain/xAcceleration",0
55.849448,"/drivetrain/yAcceleration",-0.004000000189989805
55.849451,"/drivetrain/leftOutputLog",0
55.849455,"/drivetrain/rightOutputLog",-0
55.849711,"/intake/pos",0
55.849715,"/intake/output",0
55.849923,"/shooter/rpm",0
55.849927,"/shooter/output",0.1
55.850212,"/shooter/hasBall",true
55.850267,"/shooter/temperature",42
55.850695,"/climber/rightPos",0
55.870085,"/drivetrain/leftPos",0
55.870098,"/drivetrain/leftVelocity",0
55.870113,"/drivetrain/rightPos",0
55.870122,"/drivetrain/rightVelocity",0
55.870127,"/drivetrain/heading",-2.25
55.870131,"/drivetrain/headingVelocity",0
55.870134,"/drivetrain/xAcceleration",0
55.870137,"/drivetrain/yAcceleration",0
55.87014,"/drivetrain/leftOutputLog",0
55.870144,"/drivetrain/rightOutputLog",-0
55.870335,"/intake/pos",0
55.870339,"/intake/output",0
55.870548,"/shooter/rpm",0
55.870551,"/shooter/output",0.1
55.870576,"/shooter/hasBall",true
55.870608,"/shooter/temperature",42
55.870777,"/climber/rightPos",0
55.889768,"/drivetrain/leftPos",0
55.889783,"/drivetrain/leftVelocity",0
55.889797,"/drivetrain/rightPos",0
55.889807,"/drivetrain/rightVelocity",0
55.889811,"/drivetrain/heading",-2.25
55.889815,"/drivetrain/headingVelocity",-0.0610351525247097
55.889818,"/drivetrain/xAcceleration",0
55.889821,"/drivetrain/yAcceleration",0
55.889824,"/drivetrain/leftOutputLog",0
55.889828,"/drivetrain/rightOutputLog",-0
55.89022,"/intake/pos",0
55.890224,"/intake/output",0
55.890415,"/shooter/rpm",0
55.890419,"/shooter/output",0.1
55.890445,"/shooter/hasBall",true
55.890478,"/shooter/temperature",42
55.890621,"/climber/rightPos",0
55.909304,"/drivetrain/leftPos",0
55.909317,"/drivetrain/leftVelocity",0
55.90933,"/drivetrain/rightPos",0
55.909425,"/drivetrain/rightVelocity",0
55.909437,"/drivetrain/heading",-2.25
55.909441,"/drivetrain/headingVelocity",0
55.909444,"/drivetrain/xAcceleration",0
55.909447,"/drivetrain/yAcceleration",0
55.909451,"/drivetrain/leftOutputLog",0
55.909454,"/drivetrain/rightOutputLog",-0
55.910111,"/intake/pos",0
55.910115,"/intake/output",0
55.910864,"/shooter/rpm",0
55.910868,"/shooter/output",0.1
55.910907,"/shooter/hasBall",true
55.910951,"/shooter/temperature",42
55.911141,"/climber/rightPos",0
55.929775,"/drivetrain/leftPos",0
55.929789,"/drivetrain/leftVelocity",0
55.929802,"/drivetrain/rightPos",0
55.929812,"/drivetrain/rightVelocity",0
55.929817,"/drivetrain/heading",-2.25
55.92982,"/drivetrain/headingVelocity",0
55.929823,"/drivetrain/xAcceleration",0
55.929826,"/drivetrain/yAcceleration",0
55.92983,"/drivetrain/leftOutputLog",0
55.929833,"/drivetrain/rightOutputLog",-0
55.930018,"/intake/pos",0
55.930022,"/intake/output",0
55.93019,"/shooter/rpm",0
55.930194,"/shooter/output",0.1
55.930259,"/shooter/hasBall",true
55.930287,"/shooter/temperature",42
55.930433,"/climber/rightPos",0
55.949693,"/drivetrain/leftPos",0
55.949707,"/drivetrain/leftVelocity",0
55.949721,"/drivetrain/rightPos",0
55.949731,"/drivetrain/rightVelocity",0
55.949736,"/drivetrain/heading",-2.25
55.949739,"/drivetrain/headingVelocity",0.0610351525247097
55.949743,"/drivetrain/xAcceleration",0
55.949746,"/drivetrain/yAcceleration",-0.004000000189989805
55.949749,"/drivetrain/leftOutputLog",0
55.949752,"/drivetrain/rightOutputLog",-0
55.949983,"/intake/pos",0
55.949988,"/intake/output",0
55.950176,"/shooter/rpm",0
55.95018,"/shooter/output",0.1
55.950205,"/shooter/hasBall",true
55.95023,"/shooter/temperature",42
55.950416,"/climber/rightPos",0
55.969709,"/drivetrain/leftPos",0
55.969722,"/drivetrain/leftVelocity",0
55.969736,"/drivetrain/rightPos",0
55.969745,"/drivetrain/rightVelocity",0
55.96975,"/drivetrain/heading",-2.25
55.969753,"/drivetrain/headingVelocity",0
55.969757,"/drivetrain/xAcceleration",0
55.96976,"/drivetrain/yAcceleration",0
55.969763,"/drivetrain/leftOutputLog",0
55.969767,"/drivetrain/rightOutputLog",-0
55.969972,"/intake/pos",0
55.969975,"/intake/output",0
55.970257,"/shooter/rpm",0
55.970261,"/shooter/output",0.1
55.970326,"/shooter/hasBall",true
55.970352,"/shooter/temperature",42
55.970488,"/climber/rightPos",0
55.989273,"/drivetrain/leftPos",0
55.989287,"/drivetrain/leftVelocity",0
55.989302,"/drivetrain/rightPos",0
55.989311,"/drivetrain/rightVelocity",0
55.989316,"/drivetrain/heading",-2.25
55.98932,"/drivetrain/headingVelocity",0
55.989323,"/drivetrain/xAcceleration",0
55.989327,"/drivetrain/yAcceleration",0
55.98933,"/drivetrain/leftOutputLog",0
55.989334,"/drivetrain/rightOutputLog",-0
55.989723,"/intake/pos",0
55.989727,"/intake/output",0
55.989971,"/shooter/rpm",0
55.989975,"/shooter/output",0.1
55.989999,"/shooter/hasBall",true
55.99002,"/shooter/temperature",42
55.990164,"/climber/rightPos",0
56.00965,"/drivetrain/leftPos",0
56.009665,"/drivetrain/leftVelocity",0
56.009677,"/drivetrain/rightPos",0
56.009686,"/drivetrain/rightVelocity",0
56.009691,"/drivetrain/heading",-2.25
56.009694,"/drivetrain/headingVelocity",0.0610351525247097
56.009697,"/drivetrain/xAcceleration",0
56.009701,"/drivetrain/yAcceleration",-0.003000000026077032
56.009704,"/drivetrain/leftOutputLog",0
56.009707,"/drivetrain/rightOutputLog",-0
56.009937,"/intake/pos",0
56.009941,"/intake/output",0
56.010266,"/shooter/rpm",0
56.01027,"/shooter/output",0.1
56.010296,"/shooter/hasBall",true
56.010339,"/shooter/temperature",42
56.010605,"/climber/rightPos",0
56.029485,"/drivetrain/leftPos",0
56.029499,"/drivetrain/leftVelocity",0
56.029514,"/drivetrain/rightPos",0
56.029524,"/drivetrain/rightVelocity",0
56.029529,"/drivetrain/heading",-2.259999990463257
56.029533,"/drivetrain/headingVelocity",0.0610351525247097
56.029536,"/drivetrain/xAcceleration",0
56.029539,"/drivetrain/yAcceleration",-0.004000000189989805
56.029543,"/drivetrain/leftOutputLog",0
56.029546,"/drivetrain/rightOutputLog",-0
56.029714,"/intake/pos",0
56.029718,"/intake/output",0
56.029931,"/shooter/rpm",0
56.029935,"/shooter/output",0.1
56.029959,"/shooter/hasBall",true
56.029997,"/shooter/temperature",42
56.030172,"/climber/rightPos",0
56.049735,"/drivetrain/leftPos",0
56.04975,"/drivetrain/leftVelocity",0
56.049762,"/drivetrain/rightPos",0
56.049772,"/drivetrain/rightVelocity",0
56.049776,"/drivetrain/heading",-2.259999990463257
56.04978,"/drivetrain/headingVelocity",0
56.049783,"/drivetrain/xAcceleration",0
56.049786,"/drivetrain/yAcceleration",0
56.049789,"/drivetrain/leftOutputLog",0
56.049793,"/drivetrain/rightOutputLog",-0
56.050035,"/intake/pos",0
56.050039,"/intake/output",0
56.050239,"/shooter/rpm",0
56.050243,"/shooter/output",0.1
56.050308,"/shooter/hasBall",true
56.05036,"/shooter/temperature",42
56.050507,"/climber/rightPos",0
56.069232,"/drivetrain/leftPos",0
56.069247,"/drivetrain/leftVelocity",0
56.069261,"/drivetrain/rightPos",0
56.069271,"/drivetrain/rightVelocity",0
56.069276,"/drivetrain/heading",-2.259999990463257
56.069279,"/drivetrain/headingVelocity",0
56.069282,"/drivetrain/xAcceleration",0
56.069286,"/drivetrain/yAcceleration",0
56.069289,"/drivetrain/leftOutputLog",0
56.069292,"/drivetrain/rightOutputLog",-0
56.069545,"/intake/pos",0
56.069549,"/intake/output",0
56.069752,"/shooter/rpm",0
56.069756,"/shooter/output",0.1
56.06978,"/shooter/hasBall",true
56.069821,"/shooter/temperature",42
56.070025,"/climber/rightPos",0
56.089729,"/drivetrain/leftPos",0
56.089744,"/drivetrain/leftVelocity",0
56.089758,"/drivetrain/rightPos",0
56.089768,"/drivetrain/rightVelocity",0
56.089773,"/drivetrain/heading",-2.259999990463257
56.089777,"/drivetrain/headingVelocity",0
56.08978,"/drivetrain/xAcceleration",0
56.089783,"/drivetrain/yAcceleration",0
56.089786,"/drivetrain/leftOutputLog",0
56.08979,"/drivetrain/rightOutputLog",-0
56.089972,"/intake/pos",0
56.090021,"/intake/output",0
56.090182,"/shooter/rpm",0
56.090186,"/shooter/output",0.1
56.09021,"/shooter/hasBall",true
56.090246,"/shooter/temperature",42
56.090585,"/climber/rightPos",0
56.109552,"/drivetrain/leftPos",0
56.109568,"/drivetrain/leftVelocity",0
56.109582,"/drivetrain/rightPos",0
56.109592,"/drivetrain/rightVelocity",0
56.109597,"/drivetrain/heading",-2.259999990463257
56.109601,"/drivetrain/headingVelocity",0
56.109604,"/drivetrain/xAcceleration",0
56.109607,"/drivetrain/yAcceleration",-0.003000000026077032
56.109611,"/drivetrain/leftOutputLog",0
56.109614,"/drivetrain/rightOutputLog",-0
56.110318,"/intake/pos",0
56.110322,"/intake/output",0
56.110633,"/shooter/rpm",0
56.110637,"/shooter/output",0.1
56.110664,"/shooter/hasBall",true
56.110696,"/shooter/temperature",42
56.110852,"/climber/rightPos",0
56.129487,"/drivetrain/leftPos",0
56.129499,"/drivetrain/leftVelocity",0
56.129512,"/drivetrain/rightPos",0
56.129522,"/drivetrain/rightVelocity",0
56.129526,"/drivetrain/heading",-2.25
56.129529,"/drivetrain/headingVelocity",-0.1220703050494194
56.129533,"/drivetrain/xAcceleration",0
56.129536,"/drivetrain/yAcceleration",0
56.129539,"/drivetrain/leftOutputLog",0
56.129542,"/drivetrain/rightOutputLog",-0
56.129788,"/intake/pos",0
56.129792,"/intake/output",0
56.129984,"/shooter/rpm",0
56.129988,"/shooter/output",0.1
56.13001,"/shooter/hasBall",true
56.130083,"/shooter/temperature",42
56.130274,"/climber/rightPos",0
56.150501,"/drivetrain/leftPos",0
56.150515,"/drivetrain/leftVelocity",0
56.150528,"/drivetrain/rightPos",0
56.150538,"/drivetrain/rightVelocity",0
56.150542,"/drivetrain/heading",-2.25
56.150546,"/drivetrain/headingVelocity",-0.0610351525247097
56.150549,"/drivetrain/xAcceleration",0
56.150552,"/drivetrain/yAcceleration",0
56.150556,"/drivetrain/leftOutputLog",0
56.150559,"/drivetrain/rightOutputLog",-0
56.150738,"/intake/pos",0
56.150742,"/intake/output",0
56.150958,"/shooter/rpm",0
56.150962,"/shooter/output",0.1
56.150986,"/shooter/hasBall",true
56.15102,"/shooter/temperature",42
56.151161,"/climber/rightPos",0
56.170323,"/drivetrain/leftPos",0
56.170338,"/drivetrain/leftVelocity",0
56.17035,"/drivetrain/rightPos",0
56.17036,"/drivetrain/rightVelocity",0
56.170364,"/drivetrain/heading",-2.25
56.170368,"/drivetrain/headingVelocity",0
56.170371,"/drivetrain/xAcceleration",0
56.170374,"/drivetrain/yAcceleration",0
56.170378,"/drivetrain/leftOutputLog",0
56.170381,"/drivetrain/rightOutputLog",-0
56.170543,"/intake/pos",0
56.170547,"/intake/output",0
56.170698,"/shooter/rpm",0
56.170702,"/shooter/output",0.1
56.170724,"/shooter/hasBall",true
56.170744,"/shooter/temperature",42
56.170918,"/climber/rightPos",0
56.189294,"/drivetrain/leftPos",0
56.189308,"/drivetrain/leftVelocity",0
56.189321,"/drivetrain/rightPos",0
56.189333,"/drivetrain/rightVelocity",0
56.189337,"/drivetrain/heading",-2.25
56.189341,"/drivetrain/headingVelocity",-0.0610351525247097
56.189344,"/drivetrain/xAcceleration",0
56.189347,"/drivetrain/yAcceleration",0
56.189351,"/drivetrain/leftOutputLog",0
56.189354,"/drivetrain/rightOutputLog",-0
56.18967,"/intake/pos",0
56.189674,"/intake/output",0
56.19041,"/shooter/rpm",0
56.190414,"/shooter/output",0.1
56.190438,"/shooter/hasBall",true
56.190467,"/shooter/temperature",42
56.191043,"/climber/rightPos",0
56.209478,"/drivetrain/leftPos",0
56.209498,"/drivetrain/leftVelocity",0
56.209513,"/drivetrain/rightPos",0
56.209523,"/drivetrain/rightVelocity",0
56.209528,"/drivetrain/heading",-2.25
56.209531,"/drivetrain/headingVelocity",0
56.209535,"/drivetrain/xAcceleration",0
56.209538,"/drivetrain/yAcceleration",0
56.209541,"/drivetrain/leftOutputLog",0
56.209545,"/drivetrain/rightOutputLog",-0
56.209885,"/intake/pos",0
56.209888,"/intake/output",0
56.210152,"/shooter/rpm",0
56.210156,"/shooter/output",0.1
56.21033,"/shooter/hasBall",true
56.210358,"/shooter/temperature",42
56.210733,"/climber/rightPos",0
56.230517,"/drivetrain/leftPos",0
56.230531,"/drivetrain/leftVelocity",0
56.230546,"/drivetrain/rightPos",0
56.230556,"/drivetrain/rightVelocity",0
56.230561,"/drivetrain/heading",-2.25
56.230564,"/drivetrain/headingVelocity",0
56.230567,"/drivetrain/xAcceleration",0
56.230571,"/drivetrain/yAcceleration",-0.003000000026077032
56.230574,"/drivetrain/leftOutputLog",0
56.230577,"/drivetrain/rightOutputLog",-0
56.230779,"/intake/pos",0
56.230782,"/intake/output",0
56.230965,"/shooter/rpm",0
56.230969,"/shooter/output",0.1
56.230993,"/shooter/hasBall",true
56.231013,"/shooter/temperature",42
56.231162,"/climber/rightPos",0
56.250123,"/drivetrain/leftPos",0
56.250137,"/drivetrain/leftVelocity",0
56.25015,"/drivetrain/rightPos",0
56.250159,"/drivetrain/rightVelocity",0
56.250164,"/drivetrain/heading",-2.25
56.250167,"/drivetrain/headingVelocity",0.0610351525247097
56.25017,"/drivetrain/xAcceleration",0
56.250173,"/drivetrain/yAcceleration",0
56.250177,"/drivetrain/leftOutputLog",0
56.25018,"/drivetrain/rightOutputLog",-0
56.250467,"/intake/pos",0
56.250471,"/intake/output",0
56.250653,"/shooter/rpm",0
56.250657,"/shooter/output",0.1
56.250681,"/shooter/hasBall",true
56.250722,"/shooter/temperature",42
56.250924,"/climber/rightPos",0
56.270043,"/drivetrain/leftPos",0
56.270056,"/drivetrain/leftVelocity",0
56.270071,"/drivetrain/rightPos",0
56.27008,"/drivetrain/rightVelocity",0
56.270085,"/drivetrain/heading",-2.25
56.270089,"/drivetrain/headingVelocity",0.0610351525247097
56.270092,"/drivetrain/xAcceleration",0
56.270095,"/drivetrain/yAcceleration",0
56.270099,"/drivetrain/leftOutputLog",0
56.270103,"/drivetrain/rightOutputLog",-0
56.270711,"/intake/pos",0
56.270715,"/intake/output",0
56.270911,"/shooter/rpm",0
56.270915,"/shooter/output",0.1
56.270941,"/shooter/hasBall",true
56.270982,"/shooter/temperature",42
56.271132,"/climber/rightPos",0
56.28971,"/drivetrain/leftPos",0
56.289723,"/drivetrain/leftVelocity",0
56.289738,"/drivetrain/rightPos",0
56.289748,"/drivetrain/rightVelocity",0
56.289752,"/drivetrain/heading",-2.259999990463257
56.289756,"/drivetrain/headingVelocity",0.1220703050494194
56.289759,"/drivetrain/xAcceleration",0
56.289762,"/drivetrain/yAcceleration",0
56.289765,"/drivetrain/leftOutputLog",0
56.289769,"/drivetrain/rightOutputLog",-0
56.289972,"/intake/pos",0
56.289976,"/intake/output",0
56.290175,"/shooter/rpm",0
56.290178,"/shooter/output",0.1
56.290203,"/shooter/hasBall",true
56.290246,"/shooter/temperature",42
56.290429,"/climber/rightPos",0
56.310147,"/drivetrain/leftPos",0
56.310162,"/drivetrain/leftVelocity",0
56.310176,"/drivetrain/rightPos",0
56.310187,"/drivetrain/rightVelocity",0
56.310192,"/drivetrain/heading",-2.259999990463257
56.310195,"/drivetrain/headingVelocity",0.0610351525247097
56.310199,"/drivetrain/xAcceleration",0
56.310202,"/drivetrain/yAcceleration",0
56.310205,"/drivetrain/leftOutputLog",0
56.310209,"/drivetrain/rightOutputLog",-0
56.310411,"/intake/pos",0
56.310415,"/intake/output",0
56.310596,"/shooter/rpm",0
56.3106,"/shooter/output",0.1
56.310623,"/shooter/hasBall",true
56.310662,"/shooter/temperature",42
56.310844,"/climber/rightPos",0
56.329196,"/drivetrain/leftPos",0
56.329209,"/drivetrain/leftVelocity",0
56.329222,"/drivetrain/rightPos",0
56.329232,"/drivetrain/rightVelocity",0
56.329236,"/drivetrain/heading",-2.259999990463257
56.329239,"/drivetrain/headingVelocity",0
56.329243,"/drivetrain/xAcceleration",0
56.329246,"/drivetrain/yAcceleration",0
56.329249,"/drivetrain/leftOutputLog",0
56.329252,"/drivetrain/rightOutputLog",-0
56.329435,"/intake/pos",0
56.329439,"/intake/output",0
56.329612,"/shooter/rpm",0
56.329616,"/shooter/output",0.1
56.32964,"/shooter/hasBall",true
56.329681,"/shooter/temperature",42
56.329878,"/climber/rightPos",0
56.349431,"/drivetrain/leftPos",0
56.34945,"/drivetrain/leftVelocity",0
56.349463,"/drivetrain/rightPos",0
56.3497,"/drivetrain/rightVelocity",0
56.349705,"/drivetrain/heading",-2.259999990463257
56.349709,"/drivetrain/headingVelocity",0
56.349712,"/drivetrain/xAcceleration",0
56.349796,"/drivetrain/yAcceleration",0
56.3498,"/drivetrain/leftOutputLog",0
56.349804,"/drivetrain/rightOutputLog",-0
56.350075,"/intake/pos",0
56.350079,"/intake/output",0
56.350643,"/shooter/rpm",0
56.350647,"/shooter/output",0.1
56.350679,"/shooter/hasBall",true
56.350717,"/shooter/temperature",42
56.3509,"/climber/rightPos",0
56.369383,"/drivetrain/leftPos",0
56.369396,"/drivetrain/leftVelocity",0
56.369409,"/drivetrain/rightPos",0
56.369418,"/drivetrain/rightVelocity",0
56.369423,"/drivetrain/heading",-2.259999990463257
56.369427,"/drivetrain/headingVelocity",-0.0610351525247097
56.36943,"/drivetrain/xAcceleration",0
56.369433,"/drivetrain/yAcceleration",0
56.369437,"/drivetrain/leftOutputLog",0
56.36944,"/drivetrain/rightOutputLog",-0
56.369655,"/intake/pos",0
56.369697,"/intake/output",0
56.369979,"/shooter/rpm",0
56.369983,"/shooter/output",0.1
56.370011,"/shooter/hasBall",true
56.370046,"/shooter/temperature",42
56.370366,"/climber/rightPos",0
56.389743,"/drivetrain/leftPos",0
56.389759,"/drivetrain/leftVelocity",0
56.389772,"/drivetrain/rightPos",0
56.389783,"/drivetrain/rightVelocity",0
56.389788,"/drivetrain/heading",-2.259999990463257
56.389792,"/drivetrain/headingVelocity",-0.0610351525247097
56.389795,"/drivetrain/xAcceleration",0
56.389798,"/drivetrain/yAcceleration",0
56.389802,"/drivetrain/leftOutputLog",0
56.389805,"/drivetrain/rightOutputLog",-0
56.390138,"/intake/pos",0
56.390142,"/intake/output",0
56.390325,"/shooter/rpm",0
56.390329,"/shooter/output",0.1
56.390354,"/shooter/hasBall",true
56.390387,"/shooter/temperature",42
56.390565,"/climber/rightPos",0
56.409694,"/drivetrain/leftPos",0
56.409711,"/drivetrain/leftVelocity",0
56.409725,"/drivetrain/rightPos",0
56.409734,"/drivetrain/rightVelocity",0
56.409739,"/drivetrain/heading",-2.25
56.409744,"/drivetrain/headingVelocity",-0.0610351525247097
56.409747,"/drivetrain/xAcceleration",0
56.40975,"/drivetrain/yAcceleration",0
56.409754,"/drivetrain/leftOutputLog",0
56.409757,"/drivetrain/rightOutputLog",-0
56.409956,"/intake/pos",0
56.40996,"/intake/output",0
56.410138,"/shooter/rpm",0
56.410142,"/shooter/output",0.1
56.410166,"/shooter/hasBall",true
56.410197,"/shooter/temperature",42
56.410373,"/climber/rightPos",0
56.429679,"/drivetrain/leftPos",0
56.429694,"/drivetrain/leftVelocity",0
56.429708,"/drivetrain/rightPos",0
56.429718,"/drivetrain/rightVelocity",0
56.429723,"/drivetrain/heading",-2.25
56.429726,"/drivetrain/headingVelocity",0
56.429729,"/drivetrain/xAcceleration",0
56.429733,"/drivetrain/yAcceleration",-0.004000000189989805
56.429736,"/drivetrain/leftOutputLog",0
56.429739,"/drivetrain/rightOutputLog",-0
56.430146,"/intake/pos",0
56.43015,"/intake/output",0
56.430339,"/shooter/rpm",0
56.430343,"/shooter/output",0.1
56.430368,"/shooter/hasBall",true
56.430394,"/shooter/temperature",42
56.430539,"/climber/rightPos",0
56.449212,"/drivetrain/leftPos",0
56.449225,"/drivetrain/leftVelocity",0
56.449238,"/drivetrain/rightPos",0
56.449249,"/drivetrain/rightVelocity",0
56.449253,"/drivetrain/heading",-2.25
56.449256,"/drivetrain/headingVelocity",-0.0610351525247097
56.44926,"/drivetrain/xAcceleration",0
56.449263,"/drivetrain/yAcceleration",-0.006000000052154064
56.449266,"/drivetrain/leftOutputLog",0
56.449269,"/drivetrain/rightOutputLog",-0
56.449451,"/intake/pos",0
56.449455,"/intake/output",0
56.449628,"/shooter/rpm",0
56.449633,"/shooter/output",0.1
56.449656,"/shooter/hasBall",true
56.449676,"/shooter/temperature",42
56.449865,"/climber/rightPos",0
56.469249,"/drivetrain/leftPos",0
56.469262,"/drivetrain/leftVelocity",0
56.469275,"/drivetrain/rightPos",0
56.469285,"/drivetrain/rightVelocity",0
56.46929,"/drivetrain/heading",-2.25
56.469293,"/drivetrain/headingVelocity",-0.0610351525247097
56.4695,"/drivetrain/xAcceleration",0
56.469509,"/drivetrain/yAcceleration",0
56.469513,"/drivetrain/leftOutputLog",0
56.469516,"/drivetrain/rightOutputLog",-0
56.469989,"/intake/pos",0
56.469993,"/intake/output",0
56.470316,"/shooter/rpm",0
56.47032,"/shooter/output",0.1
56.470345,"/shooter/hasBall",true
56.470367,"/shooter/temperature",42
56.470509,"/climber/rightPos",0
56.489955,"/drivetrain/leftPos",0
56.490008,"/drivetrain/leftVelocity",0
56.490025,"/drivetrain/rightPos",0
56.490035,"/drivetrain/rightVelocity",0
56.49004,"/drivetrain/heading",-2.25
56.490043,"/drivetrain/headingVelocity",0
56.490046,"/drivetrain/xAcceleration",0
56.49005,"/drivetrain/yAcceleration",0
56.490053,"/drivetrain/leftOutputLog",0
56.490056,"/drivetrain/rightOutputLog",-0
56.490332,"/intake/pos",0
56.490336,"/intake/output",0
56.490505,"/shooter/rpm",0
56.490509,"/shooter/output",0.1
56.490533,"/shooter/hasBall",true
56.490569,"/shooter/temperature",42
56.490739,"/climber/rightPos",0
56.509951,"/drivetrain/leftPos",0
56.509965,"/drivetrain/leftVelocity",0
56.510263,"/drivetrain/rightPos",0
56.51028,"/drivetrain/rightVelocity",0
56.510284,"/drivetrain/heading",-2.25
56.510288,"/drivetrain/headingVelocity",0.0610351525247097
56.510291,"/drivetrain/xAcceleration",0
56.510294,"/drivetrain/yAcceleration",0
56.510298,"/drivetrain/leftOutputLog",0
56.510301,"/drivetrain/rightOutputLog",-0
56.510508,"/intake/pos",0
56.510566,"/intake/output",0
56.51079,"/shooter/rpm",0
56.510795,"/shooter/output",0.1
56.51082,"/shooter/hasBall",true
56.510858,"/shooter/temperature",42
56.511035,"/climber/rightPos",0
56.530059,"/drivetrain/leftPos",0
56.530075,"/drivetrain/leftVelocity",0
56.53009,"/drivetrain/rightPos",0
56.530101,"/drivetrain/rightVelocity",0
56.530106,"/drivetrain/heading",-2.25
56.530109,"/drivetrain/headingVelocity",0.1220703050494194
56.530113,"/drivetrain/xAcceleration",0
56.530116,"/drivetrain/yAcceleration",0
56.53012,"/drivetrain/leftOutputLog",0
56.530124,"/drivetrain/rightOutputLog",-0
56.530317,"/intake/pos",0
56.530321,"/intake/output",0
56.530613,"/shooter/rpm",0
56.530617,"/shooter/output",0.1
56.530644,"/shooter/hasBall",true
56.530684,"/shooter/temperature",42
56.530822,"/climber/rightPos",0
56.549207,"/drivetrain/leftPos",0
56.54922,"/drivetrain/leftVelocity",0
56.549233,"/drivetrain/rightPos",0
56.549243,"/drivetrain/rightVelocity",0
56.549248,"/drivetrain/heading",-2.25
56.549251,"/drivetrain/headingVelocity",0.0610351525247097
56.549254,"/drivetrain/xAcceleration",0
56.549257,"/drivetrain/yAcceleration",0
56.549261,"/drivetrain/leftOutputLog",0
56.549264,"/drivetrain/rightOutputLog",-0
56.549431,"/intake/pos",0
56.549435,"/intake/output",0
56.549588,"/shooter/rpm",0
56.549592,"/shooter/output",0.1
56.549615,"/shooter/hasBall",true
56.549654,"/shooter/temperature",42
56.549822,"/climber/rightPos",0
56.569201,"/drivetrain/leftPos",0
56.569215,"/drivetrain/leftVelocity",0
56.569228,"/drivetrain/rightPos",0
56.569238,"/drivetrain/rightVelocity",0
56.569243,"/drivetrain/heading",-2.25
56.569246,"/drivetrain/headingVelocity",0
56.56925,"/drivetrain/xAcceleration",0
56.569253,"/drivetrain/yAcceleration",-0.003000000026077032
56.569256,"/drivetrain/leftOutputLog",0
56.56926,"/drivetrain/rightOutputLog",-0
56.569713,"/intake/pos",0
56.569757,"/intake/output",0
56.569962,"/shooter/rpm",0
56.569966,"/shooter/output",0.1
56.570062,"/shooter/hasBall",true
56.57011,"/shooter/temperature",42
56.57032,"/climber/rightPos",0
56.589717,"/drivetrain/leftPos",0
56.589729,"/drivetrain/leftVelocity",0
56.589742,"/drivetrain/rightPos",0
56.589753,"/drivetrain/rightVelocity",0
56.589758,"/drivetrain/heading",-2.25
56.589761,"/drivetrain/headingVelocity",0
56.589764,"/drivetrain/xAcceleration",0
56.589768,"/drivetrain/yAcceleration",0
56.589771,"/drivetrain/leftOutputLog",0
56.589774,"/drivetrain/rightOutputLog",-0
56.589984,"/intake/pos",0
56.590041,"/intake/output",0
56.5902,"/shooter/rpm",0
56.590204,"/shooter/output",0.1
56.590227,"/shooter/hasBall",true
56.590258,"/shooter/temperature",42
56.590499,"/climber/rightPos",0
56.60951,"/drivetrain/leftPos",0
56.609523,"/drivetrain/leftVelocity",0
56.609536,"/drivetrain/rightPos",0
56.609545,"/drivetrain/rightVelocity",0
56.60955,"/drivetrain/heading",-2.25
56.609553,"/drivetrain/headingVelocity",-0.0610351525247097
56.609557,"/drivetrain/xAcceleration",0
56.60956,"/drivetrain/yAcceleration",0
56.609563,"/drivetrain/leftOutputLog",0
56.609567,"/drivetrain/rightOutputLog",-0
56.61008,"/intake/pos",0
56.610084,"/intake/output",0
56.610354,"/shooter/rpm",0
56.610357,"/shooter/output",0.1
56.610382,"/shooter/hasBall",true
56.610415,"/shooter/temperature",42
56.610796,"/climber/rightPos",0
56.629423,"/drivetrain/leftPos",0
56.629923,"/drivetrain/leftVelocity",0
56.630328,"/drivetrain/rightPos",0
56.630342,"/drivetrain/rightVelocity",0
56.630347,"/drivetrain/heading",-2.25
56.63035,"/drivetrain/headingVelocity",0
56.630354,"/drivetrain/xAcceleration",0
56.630357,"/drivetrain/yAcceleration",0
56.63036,"/drivetrain/leftOutputLog",0
56.630364,"/drivetrain/rightOutputLog",-0
56.630571,"/intake/pos",0
56.630575,"/intake/output",0
56.63078,"/shooter/rpm",0
56.630784,"/shooter/output",0.1
56.630863,"/shooter/hasBall",true
56.630898,"/shooter/temperature",42
56.631101,"/climber/rightPos",0
56.649657,"/drivetrain/leftPos",0
56.649672,"/drivetrain/leftVelocity",0
56.649687,"/drivetrain/rightPos",0
56.649697,"/drivetrain/rightVelocity",0
56.649702,"/drivetrain/heading",-2.25
56.649706,"/drivetrain/headingVelocity",0
56.649709,"/drivetrain/xAcceleration",0
56.649712,"/drivetrain/yAcceleration",0
56.649716,"/drivetrain/leftOutputLog",0
56.649719,"/drivetrain/rightOutputLog",-0
56.649916,"/intake/pos",0
56.64992,"/intake/output",0
56.650191,"/shooter/rpm",0
56.650195,"/shooter/output",0.1
56.650218,"/shooter/hasBall",true
56.650249,"/shooter/temperature",42
56.650389,"/climber/rightPos",0
56.669785,"/drivetrain/leftPos",0
56.669799,"/drivetrain/leftVelocity",0
56.669812,"/drivetrain/rightPos",0
56.669823,"/drivetrain/rightVelocity",0
56.669827,"/drivetrain/heading",-2.25
56.669831,"/drivetrain/headingVelocity",0.0610351525247097
56.669834,"/drivetrain/xAcceleration",0
56.669837,"/drivetrain/yAcceleration",-0.003000000026077032
56.669841,"/drivetrain/leftOutputLog",0
56.669844,"/drivetrain/rightOutputLog",-0
56.670009,"/intake/pos",0
56.670013,"/intake/output",0
56.670214,"/shooter/rpm",0
56.670217,"/shooter/output",0.1
56.670241,"/shooter/hasBall",true
56.670319,"/shooter/temperature",42
56.670509,"/climber/rightPos",0
56.690395,"/drivetrain/leftPos",0
56.690412,"/drivetrain/leftVelocity",0
56.690425,"/drivetrain/rightPos",0
56.690435,"/drivetrain/rightVelocity",0
56.69044,"/drivetrain/heading",-2.25
56.690443,"/drivetrain/headingVelocity",0.0610351525247097
56.690447,"/drivetrain/xAcceleration",0
56.69045,"/drivetrain/yAcceleration",-0.003000000026077032
56.690453,"/drivetrain/leftOutputLog",0
56.690457,"/drivetrain/rightOutputLog",-0
56.690668,"/intake/pos",0
56.690672,"/intake/output",0
56.690888,"/shooter/rpm",0
56.690892,"/shooter/output",0.1
56.69094,"/shooter/hasBall",true
56.690967,"/shooter/temperature",42
56.691117,"/climber/rightPos",0
56.710154,"/drivetrain/leftPos",0
56.710169,"/drivetrain/leftVelocity",0
56.710182,"/drivetrain/rightPos",0
56.710192,"/drivetrain/rightVelocity",0
56.710197,"/drivetrain/heading",-2.25
56.710201,"/drivetrain/headingVelocity",0
56.710204,"/drivetrain/xAcceleration",0
56.710207,"/drivetrain/yAcceleration",0
56.710211,"/drivetrain/leftOutputLog",0
56.710214,"/drivetrain/rightOutputLog",-0
56.710428,"/intake/pos",0
56.710431,"/intake/output",0
56.710784,"/shooter/rpm",0
56.710789,"/shooter/output",0.1
56.710815,"/shooter/hasBall",true
56.710836,"/shooter/temperature",42
56.710992,"/climber/rightPos",0
56.729257,"/drivetrain/leftPos",0
56.729271,"/drivetrain/leftVelocity",0
56.729285,"/drivetrain/rightPos",0
56.729295,"/drivetrain/rightVelocity",0
56.7293,"/drivetrain/heading",-2.25
56.729303,"/drivetrain/headingVelocity",0
56.729307,"/drivetrain/xAcceleration",0
56.72931,"/drivetrain/yAcceleration",0
56.729313,"/drivetrain/leftOutputLog",0
56.729316,"/drivetrain/rightOutputLog",-0
56.729988,"/intake/pos",0
56.729992,"/intake/output",0
56.730509,"/shooter/rpm",0
56.730514,"/shooter/output",0.1
56.730545,"/shooter/hasBall",true
56.730587,"/shooter/temperature",42
56.730955,"/climber/rightPos",0
56.750226,"/drivetrain/leftPos",0
56.75024,"/drivetrain/leftVelocity",0
56.750253,"/drivetrain/rightPos",0
56.750262,"/drivetrain/rightVelocity",0
56.750267,"/drivetrain/heading",-2.25
56.75027,"/drivetrain/headingVelocity",0
56.750274,"/drivetrain/xAcceleration",0
56.750277,"/drivetrain/yAcceleration",0
56.75028,"/drivetrain/leftOutputLog",0
56.750284,"/drivetrain/rightOutputLog",-0
56.750539,"/intake/pos",0
56.750543,"/intake/output",0
56.750751,"/shooter/rpm",0
56.750755,"/shooter/output",0.1
56.750778,"/shooter/hasBall",true
56.750818,"/shooter/temperature",42
56.750996,"/climber/rightPos",0
56.769835,"/drivetrain/leftPos",0
56.769849,"/drivetrain/leftVelocity",0
56.769862,"/drivetrain/rightPos",0
56.769922,"/drivetrain/rightVelocity",0
56.769927,"/drivetrain/heading",-2.259999990463257
56.769931,"/drivetrain/headingVelocity",0
56.769934,"/drivetrain/xAcceleration",0
56.769937,"/drivetrain/yAcceleration",0
56.769941,"/drivetrain/leftOutputLog",0
56.769944,"/drivetrain/rightOutputLog",-0
56.770128,"/intake/pos",0
56.770132,"/intake/output",0
56.770373,"/shooter/rpm",0
56.770379,"/shooter/output",0.1
56.770406,"/shooter/hasBall",true
56.770445,"/shooter/temperature",42
56.770616,"/climber/rightPos",0
56.790825,"/drivetrain/leftPos",0
56.790881,"/drivetrain/leftVelocity",0
56.790899,"/drivetrain/rightPos",0
56.79091,"/drivetrain/rightVelocity",0
56.790914,"/drivetrain/heading",-2.259999990463257
56.790918,"/drivetrain/headingVelocity",0
56.790921,"/drivetrain/xAcceleration",0
56.790924,"/drivetrain/yAcceleration",0
56.790927,"/drivetrain/leftOutputLog",0
56.790931,"/drivetrain/rightOutputLog",-0
56.791207,"/intake/pos",0
56.791211,"/intake/output",0
56.791405,"/shooter/rpm",0
56.791409,"/shooter/output",0.1
56.791434,"/shooter/hasBall",true
56.791608,"/shooter/temperature",42
56.792361,"/climber/rightPos",0
56.81087,"/drivetrain/leftPos",0
56.810884,"/drivetrain/leftVelocity",0
56.810898,"/drivetrain/rightPos",0
56.810908,"/drivetrain/rightVelocity",0
56.810913,"/drivetrain/heading",-2.25
56.810917,"/drivetrain/headingVelocity",0
56.81092,"/drivetrain/xAcceleration",0
56.810923,"/drivetrain/yAcceleration",0
56.810927,"/drivetrain/leftOutputLog",0
56.81093,"/drivetrain/rightOutputLog",-0
56.811156,"/intake/pos",0
56.811159,"/intake/output",0
56.811366,"/shooter/rpm",0
56.811408,"/shooter/output",0.1
56.811441,"/shooter/hasBall",true
56.811485,"/shooter/temperature",42
56.811647,"/climber/rightPos",0
56.829503,"/drivetrain/leftPos",0
56.829516,"/drivetrain/leftVelocity",0
56.829528,"/drivetrain/rightPos",0
56.829538,"/drivetrain/rightVelocity",0
56.829542,"/drivetrain/heading",-2.25
56.829546,"/drivetrain/headingVelocity",0
56.829549,"/drivetrain/xAcceleration",0
56.829552,"/drivetrain/yAcceleration",0
56.829555,"/drivetrain/leftOutputLog",0
56.829558,"/drivetrain/rightOutputLog",-0
56.830539,"/intake/pos",0
56.830543,"/intake/output",0
56.831023,"/shooter/rpm",0
56.831028,"/shooter/output",0.1
56.831054,"/shooter/hasBall",true
56.83109,"/shooter/temperature",42
56.831283,"/climber/rightPos",0
56.850075,"/drivetrain/leftPos",0
56.850097,"/drivetrain/leftVelocity",0
56.850111,"/drivetrain/rightPos",0
56.850121,"/drivetrain/rightVelocity",0
56.850126,"/drivetrain/heading",-2.25
56.850129,"/drivetrain/headingVelocity",0
56.850133,"/drivetrain/xAcceleration",0
56.850136,"/drivetrain/yAcceleration",0
56.85014,"/drivetrain/leftOutputLog",0
56.850143,"/drivetrain/rightOutputLog",-0
56.850748,"/intake/pos",0
56.850752,"/intake/output",0
56.850955,"/shooter/rpm",0
56.850959,"/shooter/output",0.1
56.850983,"/shooter/hasBall",true
56.851014,"/shooter/temperature",42
56.851244,"/climber/rightPos",0
56.870336,"/drivetrain/leftPos",0
56.87035,"/drivetrain/leftVelocity",0
56.870362,"/drivetrain/rightPos",0
56.870372,"/drivetrain/rightVelocity",0
56.870376,"/drivetrain/heading",-2.25
56.87038,"/drivetrain/headingVelocity",0
56.870383,"/drivetrain/xAcceleration",0
56.870387,"/drivetrain/yAcceleration",0
56.87039,"/drivetrain/leftOutputLog",0
56.870393,"/drivetrain/rightOutputLog",-0
56.870594,"/intake/pos",0
56.870598,"/intake/output",0
56.870762,"/shooter/rpm",0
56.870766,"/shooter/output",0.1
56.870789,"/shooter/hasBall",true
56.87081,"/shooter/temperature",42
56.871051,"/climber/rightPos",0
56.889709,"/drivetrain/leftPos",0
56.889723,"/drivetrain/leftVelocity",0
56.889738,"/drivetrain/rightPos",0
56.889749,"/drivetrain/rightVelocity",0
56.889754,"/drivetrain/heading",-2.25
56.889758,"/drivetrain/headingVelocity",0
56.889761,"/drivetrain/xAcceleration",0
56.889765,"/drivetrain/yAcceleration",0
56.889768,"/drivetrain/leftOutputLog",0
56.889771,"/drivetrain/rightOutputLog",-0
56.890309,"/intake/pos",0
56.890313,"/intake/output",0
56.890617,"/shooter/rpm",0
56.890621,"/shooter/output",0.1
56.890645,"/shooter/hasBall",true
56.890679,"/shooter/temperature",42
56.890822,"/climber/rightPos",0
56.909577,"/drivetrain/leftPos",0
56.909594,"/drivetrain/leftVelocity",0
56.909608,"/drivetrain/rightPos",0
56.910056,"/drivetrain/rightVelocity",0
56.910068,"/drivetrain/heading",-2.25
56.910071,"/drivetrain/headingVelocity",0
56.910075,"/drivetrain/xAcceleration",0
56.910078,"/drivetrain/yAcceleration",0
56.910082,"/drivetrain/leftOutputLog",0
56.910085,"/drivetrain/rightOutputLog",-0
56.910442,"/intake/pos",0
56.910446,"/intake/output",0
56.910649,"/shooter/rpm",0
56.910653,"/shooter/output",0.1
56.910677,"/shooter/hasBall",true
56.910703,"/shooter/temperature",42
56.910926,"/climber/rightPos",0
56.929199,"/drivetrain/leftPos",0
56.929212,"/drivetrain/leftVelocity",0
56.929225,"/drivetrain/rightPos",0
56.929234,"/drivetrain/rightVelocity",0
56.929239,"/drivetrain/heading",-2.25
56.929243,"/drivetrain/headingVelocity",0.0610351525247097
56.929246,"/drivetrain/xAcceleration",0
56.92925,"/drivetrain/yAcceleration",0
56.929253,"/drivetrain/leftOutputLog",0
56.929256,"/drivetrain/rightOutputLog",-0
56.929416,"/intake/pos",0
56.929419,"/intake/output",0
56.92957,"/shooter/rpm",0
56.929574,"/shooter/output",0.1
56.929596,"/shooter/hasBall",true
56.929617,"/shooter/temperature",42
56.92978,"/climber/rightPos",0
56.949816,"/drivetrain/leftPos",0
56.94983,"/drivetrain/leftVelocity",0
56.949845,"/drivetrain/rightPos",0
56.949856,"/drivetrain/rightVelocity",0
56.94986,"/drivetrain/heading",-2.25
56.949864,"/drivetrain/headingVelocity",0
56.949867,"/drivetrain/xAcceleration",0
56.94987,"/drivetrain/yAcceleration",0
56.949873,"/drivetrain/leftOutputLog",0
56.949877,"/drivetrain/rightOutputLog",-0
56.95023,"/intake/pos",0
56.950234,"/intake/output",0
56.950409,"/shooter/rpm",0
56.950413,"/shooter/output",0.1
56.950439,"/shooter/hasBall",true
56.950461,"/shooter/temperature",42
56.950651,"/climber/rightPos",0
56.96955,"/drivetrain/leftPos",0
56.969565,"/drivetrain/leftVelocity",0
56.969579,"/drivetrain/rightPos",0
56.969588,"/drivetrain/rightVelocity",0
56.969593,"/drivetrain/heading",-2.25
56.969597,"/drivetrain/headingVelocity",0.0610351525247097
56.9696,"/drivetrain/xAcceleration",0
56.969603,"/drivetrain/yAcceleration",0
56.969607,"/drivetrain/leftOutputLog",0
56.96961,"/drivetrain/rightOutputLog",-0
56.969968,"/intake/pos",0
56.970167,"/intake/output",0
56.970744,"/shooter/rpm",0
56.970793,"/shooter/output",0.1
56.970828,"/shooter/hasBall",true
56.97087,"/shooter/temperature",42
56.971039,"/climber/rightPos",0
56.989483,"/drivetrain/leftPos",0
56.989497,"/drivetrain/leftVelocity",0
56.98951,"/drivetrain/rightPos",0
56.98952,"/drivetrain/rightVelocity",0
56.989525,"/drivetrain/heading",-2.25
56.989528,"/drivetrain/headingVelocity",0
56.989532,"/drivetrain/xAcceleration",0
56.989535,"/drivetrain/yAcceleration",0
56.989538,"/drivetrain/leftOutputLog",0
56.989541,"/drivetrain/rightOutputLog",-0
56.989734,"/intake/pos",0
56.989738,"/intake/output",0
56.990001,"/shooter/rpm",0
56.990004,"/shooter/output",0.1
56.990028,"/shooter/hasBall",true
56.990068,"/shooter/temperature",42
56.990199,"/climber/rightPos",0
57.009818,"/drivetrain/leftPos",0
57.009906,"/drivetrain/leftVelocity",0
57.009925,"/drivetrain/rightPos",0
57.009936,"/drivetrain/rightVelocity",0
57.009941,"/drivetrain/heading",-2.259999990463257
57.009944,"/drivetrain/headingVelocity",0.0610351525247097
57.009993,"/drivetrain/xAcceleration",0
57.009997,"/drivetrain/yAcceleration",0
57.01,"/drivetrain/leftOutputLog",0
57.010003,"/drivetrain/rightOutputLog",-0
57.010508,"/intake/pos",0
57.010512,"/intake/output",0
57.011007,"/shooter/rpm",0
57.011011,"/shooter/output",0.1
57.01104,"/shooter/hasBall",true
57.011078,"/shooter/temperature",42
57.011252,"/climber/rightPos",0
57.029532,"/drivetrain/leftPos",0
57.029545,"/drivetrain/leftVelocity",0
57.029557,"/drivetrain/rightPos",0
57.029567,"/drivetrain/rightVelocity",0
57.029572,"/drivetrain/heading",-2.259999990463257
57.029575,"/drivetrain/headingVelocity",0
57.029578,"/drivetrain/xAcceleration",0
57.029581,"/drivetrain/yAcceleration",-0.003000000026077032
57.029585,"/drivetrain/leftOutputLog",0
57.029588,"/drivetrain/rightOutputLog",-0
57.029769,"/intake/pos",0
57.029773,"/intake/output",0
57.029948,"/shooter/rpm",0
57.029952,"/shooter/output",0.1
57.029976,"/shooter/hasBall",true
57.030017,"/shooter/temperature",42
57.030197,"/climber/rightPos",0
57.050206,"/drivetrain/leftPos",0
57.050272,"/drivetrain/leftVelocity",0
57.05029,"/drivetrain/rightPos",0
57.0503,"/drivetrain/rightVelocity",0
57.050304,"/drivetrain/heading",-2.259999990463257
57.050308,"/drivetrain/headingVelocity",0
57.050311,"/drivetrain/xAcceleration",0
57.050314,"/drivetrain/yAcceleration",0
57.050318,"/drivetrain/leftOutputLog",0
57.050321,"/drivetrain/rightOutputLog",-0
57.050543,"/intake/pos",0
57.050547,"/intake/output",0
57.050722,"/shooter/rpm",0
57.050726,"/shooter/output",0.1
57.05075,"/shooter/hasBall",true
57.050785,"/shooter/temperature",42
57.050981,"/climber/rightPos",0
57.069911,"/drivetrain/leftPos",0
57.069924,"/drivetrain/leftVelocity",0
57.069937,"/drivetrain/rightPos",0
57.069947,"/drivetrain/rightVelocity",0
57.069951,"/drivetrain/heading",-2.259999990463257
57.069955,"/drivetrain/headingVelocity",0
57.069958,"/drivetrain/xAcceleration",0
57.069961,"/drivetrain/yAcceleration",0
57.069965,"/drivetrain/leftOutputLog",0
57.069968,"/drivetrain/rightOutputLog",-0
57.070157,"/intake/pos",0
57.070161,"/intake/output",0
57.070381,"/shooter/rpm",0
57.070384,"/shooter/output",0.1
57.070409,"/shooter/hasBall",true
57.07044,"/shooter/temperature",42
57.070582,"/climber/rightPos",0
57.089192,"/drivetrain/leftPos",0
57.089205,"/drivetrain/leftVelocity",0
57.089345,"/drivetrain/rightPos",0
57.089362,"/drivetrain/rightVelocity",0
57.089366,"/drivetrain/heading",-2.259999990463257
57.08937,"/drivetrain/headingVelocity",0.0610351525247097
57.089373,"/drivetrain/xAcceleration",0
57.089377,"/drivetrain/yAcceleration",0
57.08938,"/drivetrain/leftOutputLog",0
57.089383,"/drivetrain/rightOutputLog",-0
57.089584,"/intake/pos",0
57.089588,"/intake/output",0
57.089758,"/shooter/rpm",0
57.089762,"/shooter/output",0.1
57.089785,"/shooter/hasBall",true
57.089805,"/shooter/temperature",42
57.089973,"/climber/rightPos",0
57.10945,"/drivetrain/leftPos",0
57.109462,"/drivetrain/leftVelocity",0
57.109475,"/drivetrain/rightPos",0
57.109485,"/drivetrain/rightVelocity",0
57.109489,"/drivetrain/heading",-2.259999990463257
57.109493,"/drivetrain/headingVelocity",0.0610351525247097
57.109496,"/drivetrain/xAcceleration",0
57.1095,"/drivetrain/yAcceleration",-0.003000000026077032
57.109503,"/drivetrain/leftOutputLog",0
57.109506,"/drivetrain/rightOutputLog",-0
57.109782,"/intake/pos",0
57.109786,"/intake/output",0
57.110284,"/shooter/rpm",0
57.110293,"/shooter/output",0.1
57.110328,"/shooter/hasBall",true
57.110367,"/shooter/temperature",42
57.11077,"/climber/rightPos",0
57.12925,"/drivetrain/leftPos",0
57.129263,"/drivetrain/leftVelocity",0
57.129276,"/drivetrain/rightPos",0
57.129285,"/drivetrain/rightVelocity",0
57.12929,"/drivetrain/heading",-2.259999990463257
57.129293,"/drivetrain/headingVelocity",0.0610351525247097
57.129297,"/drivetrain/xAcceleration",0
57.1293,"/drivetrain/yAcceleration",0
57.129303,"/drivetrain/leftOutputLog",0
57.129307,"/drivetrain/rightOutputLog",-0
57.129561,"/intake/pos",0
57.129565,"/intake/output",0
57.129814,"/shooter/rpm",0
57.129818,"/shooter/output",0.1
57.129844,"/shooter/hasBall",true
57.129866,"/shooter/temperature",42
57.130009,"/climber/rightPos",0
57.149717,"/drivetrain/leftPos",0
57.149731,"/drivetrain/leftVelocity",0
57.149743,"/drivetrain/rightPos",0
57.149754,"/drivetrain/rightVelocity",0
57.149758,"/drivetrain/heading",-2.2699999809265137
57.149762,"/drivetrain/headingVelocity",0.0610351525247097
57.149765,"/drivetrain/xAcceleration",0
57.149768,"/drivetrain/yAcceleration",0
57.149771,"/drivetrain/leftOutputLog",0
57.149774,"/drivetrain/rightOutputLog",-0
57.149969,"/intake/pos",0
57.149973,"/intake/output",0
57.150144,"/shooter/rpm",0
57.150148,"/shooter/output",0.1
57.150171,"/shooter/hasBall",true
57.150198,"/shooter/temperature",42
57.150374,"/climber/rightPos",0
57.169206,"/drivetrain/leftPos",0
57.169219,"/drivetrain/leftVelocity",0
57.169232,"/drivetrain/rightPos",0
57.169242,"/drivetrain/rightVelocity",0
57.169247,"/drivetrain/heading",-2.2699999809265137
57.16925,"/drivetrain/headingVelocity",0.0610351525247097
57.169254,"/drivetrain/xAcceleration",0
57.169257,"/drivetrain/yAcceleration",0
57.16926,"/drivetrain/leftOutputLog",0
57.169264,"/drivetrain/rightOutputLog",-0
57.169427,"/intake/pos",0
57.169431,"/intake/output",0
57.169628,"/shooter/rpm",0
57.169632,"/shooter/output",0.1
57.169655,"/shooter/hasBall",true
57.169724,"/shooter/temperature",42
57.169851,"/climber/rightPos",0
57.189262,"/drivetrain/leftPos",0
57.189276,"/drivetrain/leftVelocity",0
57.189289,"/drivetrain/rightPos",0
57.189298,"/drivetrain/rightVelocity",0
57.189303,"/drivetrain/heading",-2.2699999809265137
57.189307,"/drivetrain/headingVelocity",0.0610351525247097
57.18931,"/drivetrain/xAcceleration",0
57.189314,"/drivetrain/yAcceleration",0
57.189317,"/drivetrain/leftOutputLog",0
57.18932,"/drivetrain/rightOutputLog",-0
57.18948,"/intake/pos",0
57.189484,"/intake/output",0
57.189689,"/shooter/rpm",0
57.189693,"/shooter/output",0.1
57.189757,"/shooter/hasBall",true
57.189786,"/shooter/temperature",42
57.189961,"/climber/rightPos",0
57.209751,"/drivetrain/leftPos",0
57.209765,"/drivetrain/leftVelocity",0
57.209779,"/drivetrain/rightPos",0
57.209789,"/drivetrain/rightVelocity",0
57.209793,"/drivetrain/heading",-2.2699999809265137
57.209796,"/drivetrain/headingVelocity",0
57.2098,"/drivetrain/xAcceleration",-0.003000000026077032
57.209803,"/drivetrain/yAcceleration",0.003000000026077032
57.209807,"/drivetrain/leftOutputLog",0
57.20981,"/drivetrain/rightOutputLog",-0
57.210018,"/intake/pos",0
57.210021,"/intake/output",0
57.210226,"/shooter/rpm",0
57.21023,"/shooter/output",0.1
57.210253,"/shooter/hasBall",true
57.210292,"/shooter/temperature",42
57.210455,"/climber/rightPos",0
57.229269,"/drivetrain/leftPos",0
57.229283,"/drivetrain/leftVelocity",0
57.229296,"/drivetrain/rightPos",0
57.229305,"/drivetrain/rightVelocity",0
57.22931,"/drivetrain/heading",-2.2699999809265137
57.229313,"/drivetrain/headingVelocity",0
57.229316,"/drivetrain/xAcceleration",0
57.22932,"/drivetrain/yAcceleration",-0.006000000052154064
57.229323,"/drivetrain/leftOutputLog",0
57.229326,"/drivetrain/rightOutputLog",-0
57.229573,"/intake/pos",0
57.229577,"/intake/output",0
57.229764,"/shooter/rpm",0
57.229768,"/shooter/output",0.1
57.22979,"/shooter/hasBall",true
57.229985,"/shooter/temperature",42
57.230833,"/climber/rightPos",0
57.250551,"/drivetrain/leftPos",0
57.250564,"/drivetrain/leftVelocity",0
57.250577,"/drivetrain/rightPos",0
57.250586,"/drivetrain/rightVelocity",0
57.250591,"/drivetrain/heading",-2.2699999809265137
57.250594,"/drivetrain/headingVelocity",-0.1220703050494194
57.250598,"/drivetrain/xAcceleration",0
57.250601,"/drivetrain/yAcceleration",0
57.250604,"/drivetrain/leftOutputLog",0
57.250607,"/drivetrain/rightOutputLog",-0
57.250799,"/intake/pos",0
57.250803,"/intake/output",0
57.250978,"/shooter/rpm",0
57.250981,"/shooter/output",0.1
57.251005,"/shooter/hasBall",true
57.251042,"/shooter/temperature",42
57.251335,"/climber/rightPos",0
57.269888,"/drivetrain/leftPos",0
57.269904,"/drivetrain/leftVelocity",0
57.269919,"/drivetrain/rightPos",0
57.269929,"/drivetrain/rightVelocity",0
57.269934,"/drivetrain/heading",-2.259999990463257
57.269938,"/drivetrain/headingVelocity",-0.0610351525247097
57.269941,"/drivetrain/xAcceleration",0
57.269945,"/drivetrain/yAcceleration",0
57.269948,"/drivetrain/leftOutputLog",0
57.269951,"/drivetrain/rightOutputLog",-0
57.27018,"/intake/pos",0
57.270184,"/intake/output",0
57.270394,"/shooter/rpm",0
57.270443,"/shooter/output",0.1
57.270472,"/shooter/hasBall",true
57.270516,"/shooter/temperature",42
57.270715,"/climber/rightPos",0
57.289208,"/drivetrain/leftPos",0
57.289224,"/drivetrain/leftVelocity",0
57.289237,"/drivetrain/rightPos",0
57.289247,"/drivetrain/rightVelocity",0
57.289252,"/drivetrain/heading",-2.259999990463257
57.289256,"/drivetrain/headingVelocity",-0.0610351525247097
57.289259,"/drivetrain/xAcceleration",0
57.289262,"/drivetrain/yAcceleration",0
57.289266,"/drivetrain/leftOutputLog",0
57.289269,"/drivetrain/rightOutputLog",-0
57.289481,"/intake/pos",0
57.289484,"/intake/output",0
57.289683,"/shooter/rpm",0
57.289687,"/shooter/output",0.1
57.289709,"/shooter/hasBall",true
57.289746,"/shooter/temperature",42
57.289927,"/climber/rightPos",0
57.309937,"/drivetrain/leftPos",0
57.309951,"/drivetrain/leftVelocity",0
57.309965,"/drivetrain/rightPos",0
57.309975,"/drivetrain/rightVelocity",0
57.30998,"/drivetrain/heading",-2.259999990463257
57.309983,"/drivetrain/headingVelocity",0
57.309986,"/drivetrain/xAcceleration",0
57.309989,"/drivetrain/yAcceleration",0
57.309993,"/drivetrain/leftOutputLog",0
57.309996,"/drivetrain/rightOutputLog",-0
57.31025,"/intake/pos",0
57.310254,"/intake/output",0
57.310463,"/shooter/rpm",0
57.310466,"/shooter/output",0.1
57.310528,"/shooter/hasBall",true
57.310568,"/shooter/temperature",42
57.310779,"/climber/rightPos",0
57.329487,"/drivetrain/leftPos",0
57.329501,"/drivetrain/leftVelocity",0
57.329516,"/drivetrain/rightPos",0
57.329526,"/drivetrain/rightVelocity",0
57.329531,"/drivetrain/heading",-2.259999990463257
57.329535,"/drivetrain/headingVelocity",0
57.329538,"/drivetrain/xAcceleration",0
57.329541,"/drivetrain/yAcceleration",0
57.329545,"/drivetrain/leftOutputLog",0
57.329548,"/drivetrain/rightOutputLog",-0
57.329766,"/intake/pos",0
57.32977,"/intake/output",0
57.330005,"/shooter/rpm",0
57.330009,"/shooter/output",0.1
57.330035,"/shooter/hasBall",true
57.330068,"/shooter/temperature",42
57.330267,"/climber/rightPos",0
57.349346,"/drivetrain/leftPos",0
57.349361,"/drivetrain/leftVelocity",0
57.349375,"/drivetrain/rightPos",0
57.349384,"/drivetrain/rightVelocity",0
57.34939,"/drivetrain/heading",-2.259999990463257
57.349393,"/drivetrain/headingVelocity",-0.0610351525247097
57.349397,"/drivetrain/xAcceleration",0
57.3494,"/drivetrain/yAcceleration",0
57.349403,"/drivetrain/leftOutputLog",0
57.349406,"/drivetrain/rightOutputLog",-0
57.34987,"/intake/pos",0
57.349874,"/intake/output",0
57.350125,"/shooter/rpm",0
57.350129,"/shooter/output",0.1
57.350154,"/shooter/hasBall",true
57.350188,"/shooter/temperature",42
57.350774,"/climber/rightPos",0
57.369167,"/drivetrain/leftPos",0
57.36918,"/drivetrain/leftVelocity",0
57.369193,"/drivetrain/rightPos",0
57.369203,"/drivetrain/rightVelocity",0
57.369208,"/drivetrain/heading",-2.259999990463257
57.369211,"/drivetrain/headingVelocity",-0.0610351525247097
57.369215,"/drivetrain/xAcceleration",0
57.369218,"/drivetrain/yAcceleration",0
57.369221,"/drivetrain/leftOutputLog",0
57.369224,"/drivetrain/rightOutputLog",-0
57.369386,"/intake/pos",0
57.36939,"/intake/output",0
57.369538,"/shooter/rpm",0
57.369542,"/shooter/output",0.1
57.369565,"/shooter/hasBall",true
57.369586,"/shooter/temperature",42
57.369747,"/climber/rightPos",0
57.389448,"/drivetrain/leftPos",0
57.389523,"/drivetrain/leftVelocity",0
57.389538,"/drivetrain/rightPos",0
57.389548,"/drivetrain/rightVelocity",0
57.389552,"/drivetrain/heading",-2.259999990463257
57.389556,"/drivetrain/headingVelocity",0
57.389559,"/drivetrain/xAcceleration",0
57.389562,"/drivetrain/yAcceleration",0
57.389566,"/drivetrain/leftOutputLog",0
57.389569,"/drivetrain/rightOutputLog",-0
57.389809,"/intake/pos",0
57.389813,"/intake/output",0
57.390053,"/shooter/rpm",0
57.390057,"/shooter/output",0.1
57.390082,"/shooter/hasBall",true
57.39011,"/shooter/temperature",42
57.390275,"/climber/rightPos",0
57.410133,"/drivetrain/leftPos",0
57.410146,"/drivetrain/leftVelocity",0
57.410159,"/drivetrain/rightPos",0
57.410169,"/drivetrain/rightVelocity",0
57.410173,"/drivetrain/heading",-2.259999990463257
57.410177,"/drivetrain/headingVelocity",0
57.41018,"/drivetrain/xAcceleration",0
57.410183,"/drivetrain/yAcceleration",0
57.410186,"/drivetrain/leftOutputLog",0
57.41019,"/drivetrain/rightOutputLog",-0
57.410369,"/intake/pos",0
57.410373,"/intake/output",0
57.410545,"/shooter/rpm",0
57.410549,"/shooter/output",0.1
57.410573,"/shooter/hasBall",true
57.410595,"/shooter/temperature",42
57.410889,"/climber/rightPos",0
57.429716,"/drivetrain/leftPos",0
57.429731,"/drivetrain/leftVelocity",0
57.429745,"/drivetrain/rightPos",0
57.429754,"/drivetrain/rightVelocity",0
57.429759,"/drivetrain/heading",-2.259999990463257
57.429762,"/drivetrain/headingVelocity",0.0610351525247097
57.429766,"/drivetrain/xAcceleration",0
57.429769,"/drivetrain/yAcceleration",-0.003000000026077032
57.429772,"/drivetrain/leftOutputLog",0
57.429775,"/drivetrain/rightOutputLog",-0
57.429978,"/intake/pos",0
57.429982,"/intake/output",0
57.430187,"/shooter/rpm",0
57.430192,"/shooter/output",0.1
57.430216,"/shooter/hasBall",true
57.430236,"/shooter/temperature",42
57.430623,"/climber/rightPos",0
57.449424,"/drivetrain/leftPos",0
57.449438,"/drivetrain/leftVelocity",0
57.449451,"/drivetrain/rightPos",0
57.449461,"/drivetrain/rightVelocity",0
57.449465,"/drivetrain/heading",-2.259999990463257
57.449469,"/drivetrain/headingVelocity",0.1220703050494194
57.449472,"/drivetrain/xAcceleration",0
57.449475,"/drivetrain/yAcceleration",-0.004000000189989805
57.449478,"/drivetrain/leftOutputLog",0
57.449482,"/drivetrain/rightOutputLog",-0
57.449651,"/intake/pos",0
57.449655,"/intake/output",0
57.449864,"/shooter/rpm",0
57.449868,"/shooter/output",0.1
57.449892,"/shooter/hasBall",true
57.449932,"/shooter/temperature",42
57.450104,"/climber/rightPos",0
57.469582,"/drivetrain/leftPos",0
57.469596,"/drivetrain/leftVelocity",0
57.46961,"/drivetrain/rightPos",0
57.46962,"/drivetrain/rightVelocity",0
57.469625,"/drivetrain/heading",-2.2699999809265137
57.469628,"/drivetrain/headingVelocity",0.1220703050494194
57.469631,"/drivetrain/xAcceleration",0
57.469635,"/drivetrain/yAcceleration",0
57.469638,"/drivetrain/leftOutputLog",0
57.469641,"/drivetrain/rightOutputLog",-0
57.469822,"/intake/pos",0
57.469826,"/intake/output",0
57.470065,"/shooter/rpm",0
57.470069,"/shooter/output",0.1
57.470095,"/shooter/hasBall",true
57.470135,"/shooter/temperature",42
57.470339,"/climber/rightPos",0
57.489412,"/drivetrain/leftPos",0
57.489426,"/drivetrain/leftVelocity",0
57.489439,"/drivetrain/rightPos",0
57.48945,"/drivetrain/rightVelocity",0
57.489454,"/drivetrain/heading",-2.2699999809265137
57.489458,"/drivetrain/headingVelocity",0.0610351525247097
57.489461,"/drivetrain/xAcceleration",0
57.489464,"/drivetrain/yAcceleration",0
57.489468,"/drivetrain/leftOutputLog",0
57.489471,"/drivetrain/rightOutputLog",-0
57.489947,"/intake/pos",0
57.489952,"/intake/output",0
57.490127,"/shooter/rpm",0
57.490131,"/shooter/output",0.1
57.490155,"/shooter/hasBall",true
57.490192,"/shooter/temperature",42
57.490394,"/climber/rightPos",0
57.509498,"/drivetrain/leftPos",0
57.509512,"/drivetrain/leftVelocity",0
57.509525,"/drivetrain/rightPos",0
57.509534,"/drivetrain/rightVelocity",0
57.509539,"/drivetrain/heading",-2.2699999809265137
57.509542,"/drivetrain/headingVelocity",0
57.509546,"/drivetrain/xAcceleration",0
57.509549,"/drivetrain/yAcceleration",0
57.509552,"/drivetrain/leftOutputLog",0
57.509556,"/drivetrain/rightOutputLog",-0
57.509757,"/intake/pos",0
57.509807,"/intake/output",0
57.510003,"/shooter/rpm",0
57.510007,"/shooter/output",0.1
57.510031,"/shooter/hasBall",true
57.510069,"/shooter/temperature",42
57.510205,"/climber/rightPos",0
57.529789,"/drivetrain/leftPos",0
57.529802,"/drivetrain/leftVelocity",0
57.529816,"/drivetrain/rightPos",0
57.529826,"/drivetrain/rightVelocity",0
57.529831,"/drivetrain/heading",-2.2699999809265137
57.529834,"/drivetrain/headingVelocity",0
57.529838,"/drivetrain/xAcceleration",0
57.529841,"/drivetrain/yAcceleration",0
57.529844,"/drivetrain/leftOutputLog",0
57.529848,"/drivetrain/rightOutputLog",-0
57.530054,"/intake/pos",0
57.530058,"/intake/output",0
57.530263,"/shooter/rpm",0
57.530267,"/shooter/output",0.1
57.530291,"/shooter/hasBall",true
57.530328,"/shooter/temperature",42
57.530514,"/climber/rightPos",0
57.549375,"/drivetrain/leftPos",0
57.549388,"/drivetrain/leftVelocity",0
57.549402,"/drivetrain/rightPos",0
57.549411,"/drivetrain/rightVelocity",0
57.549416,"/drivetrain/heading",-2.2699999809265137
57.549419,"/drivetrain/headingVelocity",0
57.549423,"/drivetrain/xAcceleration",0
57.549426,"/drivetrain/yAcceleration",0
57.549429,"/drivetrain/leftOutputLog",0
57.549432,"/drivetrain/rightOutputLog",-0
57.549614,"/intake/pos",0
57.549618,"/intake/output",0
57.549825,"/shooter/rpm",0
57.549829,"/shooter/output",0.1
57.549853,"/shooter/hasBall",true
57.549891,"/shooter/temperature",42
57.55026,"/climber/rightPos",0
57.569308,"/drivetrain/leftPos",0
57.569322,"/drivetrain/leftVelocity",0
57.569335,"/drivetrain/rightPos",0
57.569345,"/drivetrain/rightVelocity",0
57.56935,"/drivetrain/heading",-2.2699999809265137
57.569353,"/drivetrain/headingVelocity",0
57.569357,"/drivetrain/xAcceleration",0
57.56936,"/drivetrain/yAcceleration",-0.004000000189989805
57.569363,"/drivetrain/leftOutputLog",0
57.569367,"/drivetrain/rightOutputLog",-0
57.56961,"/intake/pos",0
57.569613,"/intake/output",0
57.56987,"/shooter/rpm",0
57.569874,"/shooter/output",0.1
57.569903,"/shooter/hasBall",true
57.569937,"/shooter/temperature",42
57.570079,"/climber/rightPos",0
57.589475,"/drivetrain/leftPos",0
57.589488,"/drivetrain/leftVelocity",0
57.589502,"/drivetrain/rightPos",0
57.589512,"/drivetrain/rightVelocity",0
57.589516,"/drivetrain/heading",-2.2699999809265137
57.58952,"/drivetrain/headingVelocity",0
57.589523,"/drivetrain/xAcceleration",0
57.589526,"/drivetrain/yAcceleration",0
57.589529,"/drivetrain/leftOutputLog",0
57.589533,"/drivetrain/rightOutputLog",-0
57.589714,"/intake/pos",0
57.589718,"/intake/output",0
57.589923,"/shooter/rpm",0
57.589927,"/shooter/output",0.1
57.589951,"/shooter/hasBall",true
57.59003,"/shooter/temperature",42
57.5902,"/climber/rightPos",0
57.609245,"/drivetrain/leftPos",0
57.60926,"/drivetrain/leftVelocity",0
57.609273,"/drivetrain/rightPos",0
57.609283,"/drivetrain/rightVelocity",0
57.609287,"/drivetrain/heading",-2.2699999809265137
57.609291,"/drivetrain/headingVelocity",0
57.609294,"/drivetrain/xAcceleration",0
57.609297,"/drivetrain/yAcceleration",0
57.6093,"/drivetrain/leftOutputLog",0
57.609304,"/drivetrain/rightOutputLog",-0
57.609584,"/intake/pos",0
57.609588,"/intake/output",0
57.609766,"/shooter/rpm",0
57.609769,"/shooter/output",0.1
57.609792,"/shooter/hasBall",true
57.609813,"/shooter/temperature",42
57.610014,"/climber/rightPos",0
57.63003,"/drivetrain/leftPos",0
57.630045,"/drivetrain/leftVelocity",0
57.630058,"/drivetrain/rightPos",0
57.630067,"/drivetrain/rightVelocity",0
57.630072,"/drivetrain/heading",-2.259999990463257
57.630075,"/drivetrain/headingVelocity",-0.0610351525247097
57.630078,"/drivetrain/xAcceleration",0
57.630081,"/drivetrain/yAcceleration",0
57.630085,"/drivetrain/leftOutputLog",0
57.630088,"/drivetrain/rightOutputLog",-0
57.630314,"/intake/pos",0
57.630321,"/intake/output",0
57.630567,"/shooter/rpm",0
57.630571,"/shooter/output",0.1
57.630634,"/shooter/hasBall",true
57.630668,"/shooter/temperature",42
57.630849,"/climber/rightPos",0
57.650013,"/drivetrain/leftPos",0
57.650028,"/drivetrain/leftVelocity",0
57.650041,"/drivetrain/rightPos",0
57.650051,"/drivetrain/rightVelocity",0
57.650056,"/drivetrain/heading",-2.259999990463257
57.650059,"/drivetrain/headingVelocity",-0.0610351525247097
57.650062,"/drivetrain/xAcceleration",0
57.650066,"/drivetrain/yAcceleration",0
57.650069,"/drivetrain/leftOutputLog",0
57.650072,"/drivetrain/rightOutputLog",-0
57.65056,"/intake/pos",0
57.650564,"/intake/output",0
57.650775,"/shooter/rpm",0
57.650779,"/shooter/output",0.1
57.650804,"/shooter/hasBall",true
57.650823,"/shooter/temperature",42
57.651163,"/climber/rightPos",0
57.669371,"/drivetrain/leftPos",0
57.669385,"/drivetrain/leftVelocity",0
57.669483,"/drivetrain/rightPos",0
57.669504,"/drivetrain/rightVelocity",0
57.669508,"/drivetrain/heading",-2.259999990463257
57.669512,"/drivetrain/headingVelocity",0
57.669515,"/drivetrain/xAcceleration",0
57.669518,"/drivetrain/yAcceleration",0
57.669522,"/drivetrain/leftOutputLog",0
57.669525,"/drivetrain/rightOutputLog",-0
57.669837,"/intake/pos",0
57.669842,"/intake/output",0
57.670389,"/shooter/rpm",0
57.670393,"/shooter/output",0.1
57.67042,"/shooter/hasBall",true
57.670443,"/shooter/temperature",42
57.670782,"/climber/rightPos",0
57.689206,"/drivetrain/leftPos",0
57.689219,"/drivetrain/leftVelocity",0
57.689233,"/drivetrain/rightPos",0
57.689243,"/drivetrain/rightVelocity",0
57.689248,"/drivetrain/heading",-2.259999990463257
57.689251,"/drivetrain/headingVelocity",0
57.689254,"/drivetrain/xAcceleration",0
57.689258,"/drivetrain/yAcceleration",0
57.689261,"/drivetrain/leftOutputLog",0
57.689264,"/drivetrain/rightOutputLog",-0
57.689541,"/intake/pos",0
57.689545,"/intake/output",0
57.690362,"/shooter/rpm",0
57.690367,"/shooter/output",0.1
57.690399,"/shooter/hasBall",true
57.690444,"/shooter/temperature",42
57.691106,"/climber/rightPos",0
57.709383,"/drivetrain/leftPos",0
57.709396,"/drivetrain/leftVelocity",0
57.709408,"/drivetrain/rightPos",0
57.709417,"/drivetrain/rightVelocity",0
57.709422,"/drivetrain/heading",-2.259999990463257
57.709425,"/drivetrain/headingVelocity",0
57.709429,"/drivetrain/xAcceleration",0
57.709432,"/drivetrain/yAcceleration",-0.004000000189989805
57.709435,"/drivetrain/leftOutputLog",0
57.709439,"/drivetrain/rightOutputLog",-0
57.709609,"/intake/pos",0
57.709612,"/intake/output",0
57.709803,"/shooter/rpm",0
57.709846,"/shooter/output",0.1
57.709874,"/shooter/hasBall",true
57.709915,"/shooter/temperature",42
57.710211,"/climber/rightPos",0
57.729255,"/drivetrain/leftPos",0
57.72927,"/drivetrain/leftVelocity",0
57.729282,"/drivetrain/rightPos",0
57.729292,"/drivetrain/rightVelocity",0
57.729296,"/drivetrain/heading",-2.259999990463257
57.7293,"/drivetrain/headingVelocity",-0.0610351525247097
57.729303,"/drivetrain/xAcceleration",0
57.729306,"/drivetrain/yAcceleration",0
57.72931,"/drivetrain/leftOutputLog",0
57.729313,"/drivetrain/rightOutputLog",-0
57.729486,"/intake/pos",0
57.72949,"/intake/output",0
57.729692,"/shooter/rpm",0
57.729696,"/shooter/output",0.1
57.72972,"/shooter/hasBall",true
57.729755,"/shooter/temperature",42
57.729922,"/climber/rightPos",0
57.74929,"/drivetrain/leftPos",0
57.749304,"/drivetrain/leftVelocity",0
57.749317,"/drivetrain/rightPos",0
57.749327,"/drivetrain/rightVelocity",0
57.749331,"/drivetrain/heading",-2.259999990463257
57.749335,"/drivetrain/headingVelocity",0
57.749338,"/drivetrain/xAcceleration",0
57.749341,"/drivetrain/yAcceleration",0
57.749344,"/drivetrain/leftOutputLog",0
57.749348,"/drivetrain/rightOutputLog",-0
57.749762,"/intake/pos",0
57.749766,"/intake/output",0
57.750003,"/shooter/rpm",0
57.750007,"/shooter/output",0.1
57.750032,"/shooter/hasBall",true
57.750068,"/shooter/temperature",42
57.75027,"/climber/rightPos",0
57.769258,"/drivetrain/leftPos",0
57.769273,"/drivetrain/leftVelocity",0
57.769287,"/drivetrain/rightPos",0
57.769297,"/drivetrain/rightVelocity",0
57.769302,"/drivetrain/heading",-2.259999990463257
57.769305,"/drivetrain/headingVelocity",0.0610351525247097
57.769309,"/drivetrain/xAcceleration",0
57.769312,"/drivetrain/yAcceleration",0
57.769315,"/drivetrain/leftOutputLog",0
57.769319,"/drivetrain/rightOutputLog",-0
57.769491,"/intake/pos",0
57.769495,"/intake/output",0
57.769645,"/shooter/rpm",0
57.769649,"/shooter/output",0.1
57.769672,"/shooter/hasBall",true
57.769842,"/shooter/temperature",42
57.770014,"/climber/rightPos",0
57.789247,"/drivetrain/leftPos",0
57.789262,"/drivetrain/leftVelocity",0
57.789275,"/drivetrain/rightPos",0
57.789311,"/drivetrain/rightVelocity",0
57.789316,"/drivetrain/heading",-2.259999990463257
57.789319,"/drivetrain/headingVelocity",0
57.789323,"/drivetrain/xAcceleration",-0.003000000026077032
57.789326,"/drivetrain/yAcceleration",-0.004000000189989805
57.789329,"/drivetrain/leftOutputLog",0
57.789332,"/drivetrain/rightOutputLog",-0
57.78954,"/intake/pos",0
57.789543,"/intake/output",0
57.789741,"/shooter/rpm",0
57.789745,"/shooter/output",0.1
57.789767,"/shooter/hasBall",true
57.789798,"/shooter/temperature",42
57.790036,"/climber/rightPos",0
57.809574,"/drivetrain/leftPos",0
57.809586,"/drivetrain/leftVelocity",0
57.809599,"/drivetrain/rightPos",0
57.809609,"/drivetrain/rightVelocity",0
57.809613,"/drivetrain/heading",-2.259999990463257
57.809617,"/drivetrain/headingVelocity",0.0610351525247097
57.80962,"/drivetrain/xAcceleration",0
57.809623,"/drivetrain/yAcceleration",0
57.809627,"/drivetrain/leftOutputLog",0
57.80963,"/drivetrain/rightOutputLog",-0
57.809787,"/intake/pos",0
57.809791,"/intake/output",0
57.809949,"/shooter/rpm",0
57.809953,"/shooter/output",0.1
57.809976,"/shooter/hasBall",true
57.810006,"/shooter/temperature",42
57.81018,"/climber/rightPos",0
57.829539,"/drivetrain/leftPos",0
57.829554,"/drivetrain/leftVelocity",0
57.829568,"/drivetrain/rightPos",0
57.829578,"/drivetrain/rightVelocity",0
57.829582,"/drivetrain/heading",-2.259999990463257
57.829586,"/drivetrain/headingVelocity",0
57.829589,"/drivetrain/xAcceleration",0.003000000026077032
57.829592,"/drivetrain/yAcceleration",0
57.829595,"/drivetrain/leftOutputLog",0
57.829599,"/drivetrain/rightOutputLog",-0
57.829856,"/intake/pos",0
57.82986,"/intake/output",0
57.830056,"/shooter/rpm",0
57.83006,"/shooter/output",0.1
57.830119,"/shooter/hasBall",true
57.830156,"/shooter/temperature",42
57.830319,"/climber/rightPos",0
57.84961,"/drivetrain/leftPos",0
57.849623,"/drivetrain/leftVelocity",0
57.849636,"/drivetrain/rightPos",0
57.849646,"/drivetrain/rightVelocity",0
57.849651,"/drivetrain/heading",-2.259999990463257
57.849655,"/drivetrain/headingVelocity",0
57.849658,"/drivetrain/xAcceleration",0
57.849661,"/drivetrain/yAcceleration",0
57.849664,"/drivetrain/leftOutputLog",0
57.849668,"/drivetrain/rightOutputLog",-0
57.849834,"/intake/pos",0
57.849837,"/intake/output",0
57.850051,"/shooter/rpm",0
57.850055,"/shooter/output",0.1
57.850081,"/shooter/hasBall",true
57.850115,"/shooter/temperature",42
57.850363,"/climber/rightPos",0
57.86923,"/drivetrain/leftPos",0
57.869243,"/drivetrain/leftVelocity",0
57.869256,"/drivetrain/rightPos",0
57.869266,"/drivetrain/rightVelocity",0
57.869271,"/drivetrain/heading",-2.259999990463257
57.869275,"/drivetrain/headingVelocity",0
57.869278,"/drivetrain/xAcceleration",0
57.869281,"/drivetrain/yAcceleration",0
57.869284,"/drivetrain/leftOutputLog",0
57.869288,"/drivetrain/rightOutputLog",-0
57.869458,"/intake/pos",0
57.869462,"/intake/output",0
57.869688,"/shooter/rpm",0
57.869692,"/shooter/output",0.1
57.869716,"/shooter/hasBall",true
57.869737,"/shooter/temperature",42
57.870198,"/climber/rightPos",0
57.88946,"/drivetrain/leftPos",0
57.889475,"/drivetrain/leftVelocity",0
57.889491,"/drivetrain/rightPos",0
57.889502,"/drivetrain/rightVelocity",0
57.889506,"/drivetrain/heading",-2.259999990463257
57.88951,"/drivetrain/headingVelocity",-0.0610351525247097
57.889513,"/drivetrain/xAcceleration",0
57.889516,"/drivetrain/yAcceleration",0
57.88952,"/drivetrain/leftOutputLog",0
57.889523,"/drivetrain/rightOutputLog",-0
57.889871,"/intake/pos",0
57.889875,"/intake/output",0
57.890095,"/shooter/rpm",0
57.890101,"/shooter/output",0.1
57.890127,"/shooter/hasBall",true
57.890154,"/shooter/temperature",42
57.890467,"/climber/rightPos",0
57.909589,"/drivetrain/leftPos",0
57.909602,"/drivetrain/leftVelocity",0
57.909615,"/drivetrain/rightPos",0
57.909624,"/drivetrain/rightVelocity",0
57.909628,"/drivetrain/heading",-2.259999990463257
57.909632,"/drivetrain/headingVelocity",0
57.909635,"/drivetrain/xAcceleration",0
57.909639,"/drivetrain/yAcceleration",0
57.909642,"/drivetrain/leftOutputLog",0
57.909645,"/drivetrain/rightOutputLog",-0
57.909923,"/intake/pos",0
57.909927,"/intake/output",0
57.910126,"/shooter/rpm",0
57.91013,"/shooter/output",0.1
57.910194,"/shooter/hasBall",true
57.910219,"/shooter/temperature",42
57.910403,"/climber/rightPos",0
57.929632,"/drivetrain/leftPos",0
57.929645,"/drivetrain/leftVelocity",0
57.92966,"/drivetrain/rightPos",0
57.92967,"/drivetrain/rightVelocity",0
57.929675,"/drivetrain/heading",-2.259999990463257
57.929679,"/drivetrain/headingVelocity",0
57.929682,"/drivetrain/xAcceleration",0
57.929685,"/drivetrain/yAcceleration",-0.004000000189989805
57.929688,"/drivetrain/leftOutputLog",0
57.929692,"/drivetrain/rightOutputLog",-0
57.929907,"/intake/pos",0
57.929911,"/intake/output",0
57.930194,"/shooter/rpm",0
57.9302,"/shooter/output",0.1
57.930227,"/shooter/hasBall",true
57.930248,"/shooter/temperature",42
57.930422,"/climber/rightPos",0
57.949285,"/drivetrain/leftPos",0
57.949298,"/drivetrain/leftVelocity",0
57.94931,"/drivetrain/rightPos",0
57.94932,"/drivetrain/rightVelocity",0
57.949324,"/drivetrain/heading",-2.259999990463257
57.949328,"/drivetrain/headingVelocity",0.0610351525247097
57.949331,"/drivetrain/xAcceleration",0
57.949334,"/drivetrain/yAcceleration",0
57.949337,"/drivetrain/leftOutputLog",0
57.949341,"/drivetrain/rightOutputLog",-0
57.949515,"/intake/pos",0
57.949704,"/intake/output",0
57.950119,"/shooter/rpm",0
57.950123,"/shooter/output",0.1
57.950215,"/shooter/hasBall",true
57.950611,"/shooter/temperature",42
57.950973,"/climber/rightPos",0
57.969339,"/drivetrain/leftPos",0
57.969352,"/drivetrain/leftVelocity",0
57.969364,"/drivetrain/rightPos",0
57.969374,"/drivetrain/rightVelocity",0
57.969378,"/drivetrain/heading",-2.259999990463257
57.969382,"/drivetrain/headingVelocity",0
57.969385,"/drivetrain/xAcceleration",0
57.969388,"/drivetrain/yAcceleration",0
57.969392,"/drivetrain/leftOutputLog",0
57.969395,"/drivetrain/rightOutputLog",-0
57.969576,"/intake/pos",0
57.969579,"/intake/output",0
57.969782,"/shooter/rpm",0
57.969786,"/shooter/output",0.1
57.96981,"/shooter/hasBall",true
57.969852,"/shooter/temperature",42
57.969981,"/climber/rightPos",0
57.989358,"/drivetrain/leftPos",0
57.989371,"/drivetrain/leftVelocity",0
57.989385,"/drivetrain/rightPos",0
57.989395,"/drivetrain/rightVelocity",0
57.9894,"/drivetrain/heading",-2.259999990463257
57.989404,"/drivetrain/headingVelocity",0.0610351525247097
57.989407,"/drivetrain/xAcceleration",0
57.989411,"/drivetrain/yAcceleration",0
57.989414,"/drivetrain/leftOutputLog",0
57.989417,"/drivetrain/rightOutputLog",-0
57.989596,"/intake/pos",0
57.9896,"/intake/output",0
57.989845,"/shooter/rpm",0
57.989851,"/shooter/output",0.1
57.989877,"/shooter/hasBall",true
57.989916,"/shooter/temperature",42
57.990079,"/climber/rightPos",0
58.009556,"/drivetrain/leftPos",0
58.009569,"/drivetrain/leftVelocity",0
58.009582,"/drivetrain/rightPos",0
58.009592,"/drivetrain/rightVelocity",0
58.009597,"/drivetrain/heading",-2.2699999809265137
58.0096,"/drivetrain/headingVelocity",0
58.009604,"/drivetrain/xAcceleration",0
58.009607,"/drivetrain/yAcceleration",0
58.00961,"/drivetrain/leftOutputLog",0
58.009614,"/drivetrain/rightOutputLog",-0
58.009774,"/intake/pos",0
58.009777,"/intake/output",0
58.010025,"/shooter/rpm",0
58.010029,"/shooter/output",0.1
58.010054,"/shooter/hasBall",true
58.01013,"/shooter/temperature",42
58.010275,"/climber/rightPos",0
58.029386,"/drivetrain/leftPos",0
58.029399,"/drivetrain/leftVelocity",0
58.029412,"/drivetrain/rightPos",0
58.029422,"/drivetrain/rightVelocity",0
58.029426,"/drivetrain/heading",-2.2699999809265137
58.02943,"/drivetrain/headingVelocity",0
58.029433,"/drivetrain/xAcceleration",0
58.029436,"/drivetrain/yAcceleration",-0.003000000026077032
58.02944,"/drivetrain/leftOutputLog",0
58.029443,"/drivetrain/rightOutputLog",-0
58.029656,"/intake/pos",0
58.02966,"/intake/output",0
58.029863,"/shooter/rpm",0
58.029867,"/shooter/output",0.1
58.02989,"/shooter/hasBall",true
58.02993,"/shooter/temperature",42
58.030095,"/climber/rightPos",0
58.050885,"/drivetrain/leftPos",0
58.050899,"/drivetrain/leftVelocity",0
58.050914,"/drivetrain/rightPos",0
58.050924,"/drivetrain/rightVelocity",0
58.050929,"/drivetrain/heading",-2.2699999809265137
58.050933,"/drivetrain/headingVelocity",0
58.050936,"/drivetrain/xAcceleration",0
58.050939,"/drivetrain/yAcceleration",-0.004000000189989805
58.050943,"/drivetrain/leftOutputLog",0
58.050946,"/drivetrain/rightOutputLog",-0
58.051572,"/intake/pos",0
58.051576,"/intake/output",0
58.051818,"/shooter/rpm",0
58.051822,"/shooter/output",0.1
58.051847,"/shooter/hasBall",true
58.051879,"/shooter/temperature",42
58.052082,"/climber/rightPos",0
58.069529,"/drivetrain/leftPos",0
58.069542,"/drivetrain/leftVelocity",0
58.069556,"/drivetrain/rightPos",0
58.069566,"/drivetrain/rightVelocity",0
58.06957,"/drivetrain/heading",-2.259999990463257
58.069574,"/drivetrain/headingVelocity",-0.0610351525247097
58.069577,"/drivetrain/xAcceleration",0
58.06958,"/drivetrain/yAcceleration",0
58.069584,"/drivetrain/leftOutputLog",0
58.069587,"/drivetrain/rightOutputLog",-0
58.069856,"/intake/pos",0
58.069861,"/intake/output",0
58.070061,"/shooter/rpm",0
58.070065,"/shooter/output",0.1
58.070088,"/shooter/hasBall",true
58.070154,"/shooter/temperature",42
58.070278,"/climber/rightPos",0
58.089773,"/drivetrain/leftPos",0
58.089786,"/drivetrain/leftVelocity",0
58.089799,"/drivetrain/rightPos",0
58.089808,"/drivetrain/rightVelocity",0
58.089813,"/drivetrain/heading",-2.259999990463257
58.089816,"/drivetrain/headingVelocity",0
58.089819,"/drivetrain/xAcceleration",0
58.089822,"/drivetrain/yAcceleration",0
58.089826,"/drivetrain/leftOutputLog",0
58.089829,"/drivetrain/rightOutputLog",-0
58.090053,"/intake/pos",0
58.090057,"/intake/output",0
58.090266,"/shooter/rpm",0
58.09027,"/shooter/output",0.1
58.090293,"/shooter/hasBall",true
58.090377,"/shooter/temperature",42
58.090557,"/climber/rightPos",0
58.110783,"/drivetrain/leftPos",0
58.110796,"/drivetrain/leftVelocity",0
58.110808,"/drivetrain/rightPos",0
58.110818,"/drivetrain/rightVelocity",0
58.110823,"/drivetrain/heading",-2.259999990463257
58.110826,"/drivetrain/headingVelocity",-0.0610351525247097
58.11083,"/drivetrain/xAcceleration",0
58.110833,"/drivetrain/yAcceleration",0
58.110836,"/drivetrain/leftOutputLog",0
58.110839,"/drivetrain/rightOutputLog",-0
58.111029,"/intake/pos",0
58.111032,"/intake/output",0
58.111214,"/shooter/rpm",0
58.111217,"/shooter/output",0.1
58.111241,"/shooter/hasBall",true
58.111265,"/shooter/temperature",42
58.11146,"/climber/rightPos",0
58.130217,"/drivetrain/leftPos",0
58.13023,"/drivetrain/leftVelocity",0
58.130244,"/drivetrain/rightPos",0
58.130254,"/drivetrain/rightVelocity",0
58.130258,"/drivetrain/heading",-2.259999990463257
58.130262,"/drivetrain/headingVelocity",-0.1831054538488388
58.130265,"/drivetrain/xAcceleration",0
58.130268,"/drivetrain/yAcceleration",0
58.130272,"/drivetrain/leftOutputLog",0
58.130275,"/drivetrain/rightOutputLog",-0
58.130451,"/intake/pos",0
58.130455,"/intake/output",0
58.130666,"/shooter/rpm",0
58.13067,"/shooter/output",0.1
58.130694,"/shooter/hasBall",true
58.130714,"/shooter/temperature",42
58.130899,"/climber/rightPos",0
58.149545,"/drivetrain/leftPos",0
58.149558,"/drivetrain/leftVelocity",0
58.149571,"/drivetrain/rightPos",0
58.14958,"/drivetrain/rightVelocity",0
58.149585,"/drivetrain/heading",-2.25
58.149589,"/drivetrain/headingVelocity",-0.1831054538488388
58.149592,"/drivetrain/xAcceleration",0
58.149595,"/drivetrain/yAcceleration",0
58.149598,"/drivetrain/leftOutputLog",0
58.149602,"/drivetrain/rightOutputLog",-0
58.149789,"/intake/pos",0
58.149792,"/intake/output",0
58.150011,"/shooter/rpm",0
58.150015,"/shooter/output",0.1
58.150039,"/shooter/hasBall",true
58.15006,"/shooter/temperature",42
58.150224,"/climber/rightPos",0
58.169369,"/drivetrain/leftPos",0
58.169382,"/drivetrain/leftVelocity",0
58.169395,"/drivetrain/rightPos",0
58.169405,"/drivetrain/rightVelocity",0
58.16941,"/drivetrain/heading",-2.25
58.169414,"/drivetrain/headingVelocity",-0.0610351525247097
58.169417,"/drivetrain/xAcceleration",0
58.16942,"/drivetrain/yAcceleration",0
58.169423,"/drivetrain/leftOutputLog",0
58.169426,"/drivetrain/rightOutputLog",-0
58.169589,"/intake/pos",0
58.169593,"/intake/output",0
58.169745,"/shooter/rpm",0
58.169749,"/shooter/output",0.1
58.169773,"/shooter/hasBall",true
58.169813,"/shooter/temperature",42
58.169982,"/climber/rightPos",0
58.189235,"/drivetrain/leftPos",0
58.18925,"/drivetrain/leftVelocity",0
58.189263,"/drivetrain/rightPos",0
58.189273,"/drivetrain/rightVelocity",0
58.189278,"/drivetrain/heading",-2.25
58.189281,"/drivetrain/headingVelocity",0.0610351525247097
58.189284,"/drivetrain/xAcceleration",0
58.189287,"/drivetrain/yAcceleration",-0.003000000026077032
58.189291,"/drivetrain/leftOutputLog",0
58.189294,"/drivetrain/rightOutputLog",-0
58.189599,"/intake/pos",0
58.189602,"/intake/output",0
58.189834,"/shooter/rpm",0
58.189838,"/shooter/output",0.1
58.189864,"/shooter/hasBall",true
58.189904,"/shooter/temperature",42
58.190062,"/climber/rightPos",0
58.209543,"/drivetrain/leftPos",0
58.209556,"/drivetrain/leftVelocity",0
58.209571,"/drivetrain/rightPos",0
58.209581,"/drivetrain/rightVelocity",0
58.209585,"/drivetrain/heading",-2.25
58.209589,"/drivetrain/headingVelocity",0.0610351525247097
58.209592,"/drivetrain/xAcceleration",-0.004999999888241291
58.209595,"/drivetrain/yAcceleration",-0.003000000026077032
58.209598,"/drivetrain/leftOutputLog",0
58.209602,"/drivetrain/rightOutputLog",-0
58.209798,"/intake/pos",0
58.209802,"/intake/output",0
58.210042,"/shooter/rpm",0
58.210047,"/shooter/output",0.1
58.210075,"/shooter/hasBall",true
58.210116,"/shooter/temperature",42
58.210315,"/climber/rightPos",0
58.229343,"/drivetrain/leftPos",0
58.229358,"/drivetrain/leftVelocity",0
58.229373,"/drivetrain/rightPos",0
58.229382,"/drivetrain/rightVelocity",0
58.229387,"/drivetrain/heading",-2.25
58.229391,"/drivetrain/headingVelocity",0
58.229394,"/drivetrain/xAcceleration",0
58.229398,"/drivetrain/yAcceleration",0
58.229401,"/drivetrain/leftOutputLog",0
58.229404,"/drivetrain/rightOutputLog",-0
58.229745,"/intake/pos",0
58.229749,"/intake/output",0
58.22992,"/shooter/rpm",0
58.229924,"/shooter/output",0.1
58.229992,"/shooter/hasBall",true
58.230032,"/shooter/temperature",42
58.230202,"/climber/rightPos",0
58.249276,"/drivetrain/leftPos",0
58.249289,"/drivetrain/leftVelocity",0
58.249303,"/drivetrain/rightPos",0
58.249313,"/drivetrain/rightVelocity",0
58.249317,"/drivetrain/heading",-2.25
58.249321,"/drivetrain/headingVelocity",0
58.249324,"/drivetrain/xAcceleration",0
58.249327,"/drivetrain/yAcceleration",0
58.249331,"/drivetrain/leftOutputLog",0
58.249334,"/drivetrain/rightOutputLog",-0
58.2495,"/intake/pos",0
58.249504,"/intake/output",0
58.24966,"/shooter/rpm",0
58.249664,"/shooter/output",0.1
58.249688,"/shooter/hasBall",true
58.24973,"/shooter/temperature",42
58.249895,"/climber/rightPos",0
58.269395,"/drivetrain/leftPos",0
58.269409,"/drivetrain/leftVelocity",0
58.269423,"/drivetrain/rightPos",0
58.269433,"/drivetrain/rightVelocity",0
58.269438,"/drivetrain/heading",-2.25
58.269441,"/drivetrain/headingVelocity",0
58.269445,"/drivetrain/xAcceleration",0
58.269448,"/drivetrain/yAcceleration",-0.004000000189989805
58.269452,"/drivetrain/leftOutputLog",0
58.269455,"/drivetrain/rightOutputLog",-0
58.26962,"/intake/pos",0
58.269624,"/intake/output",0
58.269828,"/shooter/rpm",0
58.269831,"/shooter/output",0.1
58.269945,"/shooter/hasBall",true
58.269987,"/shooter/temperature",42
58.270138,"/climber/rightPos",0
58.289328,"/drivetrain/leftPos",0
58.289344,"/drivetrain/leftVelocity",0
58.289357,"/drivetrain/rightPos",0
58.289367,"/drivetrain/rightVelocity",0
58.289371,"/drivetrain/heading",-2.25
58.289375,"/drivetrain/headingVelocity",0
58.289378,"/drivetrain/xAcceleration",0
58.289381,"/drivetrain/yAcceleration",0
58.289385,"/drivetrain/leftOutputLog",0
58.289388,"/drivetrain/rightOutputLog",-0
58.289571,"/intake/pos",0
58.289574,"/intake/output",0
58.289791,"/shooter/rpm",0
58.289794,"/shooter/output",0.1
58.289869,"/shooter/hasBall",true
58.289905,"/shooter/temperature",42
58.290168,"/climber/rightPos",0
58.309214,"/drivetrain/leftPos",0
58.309228,"/drivetrain/leftVelocity",0
58.309242,"/drivetrain/rightPos",0
58.309252,"/drivetrain/rightVelocity",0
58.309256,"/drivetrain/heading",-2.240000009536743
58.30926,"/drivetrain/headingVelocity",-0.2441406100988388
58.309263,"/drivetrain/xAcceleration",0
58.309266,"/drivetrain/yAcceleration",0
58.30927,"/drivetrain/leftOutputLog",0
58.309273,"/drivetrain/rightOutputLog",-0
58.309472,"/intake/pos",0
58.309476,"/intake/output",0
58.309678,"/shooter/rpm",0
58.309682,"/shooter/output",0.1
58.309705,"/shooter/hasBall",true
58.309726,"/shooter/temperature",42
58.309886,"/climber/rightPos",0
58.330284,"/drivetrain/leftPos",0
58.330298,"/drivetrain/leftVelocity",0
58.330312,"/drivetrain/rightPos",0
58.330322,"/drivetrain/rightVelocity",0
58.330327,"/drivetrain/heading",-2.240000009536743
58.33033,"/drivetrain/headingVelocity",-0.1220703050494194
58.330334,"/drivetrain/xAcceleration",0
58.330337,"/drivetrain/yAcceleration",0
58.33034,"/drivetrain/leftOutputLog",0
58.330343,"/drivetrain/rightOutputLog",-0
58.330548,"/intake/pos",0
58.330552,"/intake/output",0
58.330756,"/shooter/rpm",0
58.33076,"/shooter/output",0.1
58.330828,"/shooter/hasBall",true
58.330866,"/shooter/temperature",42
58.331036,"/climber/rightPos",0
58.350156,"/drivetrain/leftPos",0
58.35017,"/drivetrain/leftVelocity",0
58.350184,"/drivetrain/rightPos",0
58.350193,"/drivetrain/rightVelocity",0
58.350198,"/drivetrain/heading",-2.240000009536743
58.350201,"/drivetrain/headingVelocity",0
58.350204,"/drivetrain/xAcceleration",0
58.350208,"/drivetrain/yAcceleration",0
58.350211,"/drivetrain/leftOutputLog",0
58.350214,"/drivetrain/rightOutputLog",-0
58.350445,"/intake/pos",0
58.350451,"/intake/output",0
58.350622,"/shooter/rpm",0
58.350626,"/shooter/output",0.1
58.350649,"/shooter/hasBall",true
58.350675,"/shooter/temperature",42
58.35084,"/climber/rightPos",0
58.369237,"/drivetrain/leftPos",0
58.36925,"/drivetrain/leftVelocity",0
58.369263,"/drivetrain/rightPos",0
58.369273,"/drivetrain/rightVelocity",0
58.369278,"/drivetrain/heading",-2.240000009536743
58.369281,"/drivetrain/headingVelocity",0.1220703050494194
58.369284,"/drivetrain/xAcceleration",0
58.369287,"/drivetrain/yAcceleration",0
58.369291,"/drivetrain/leftOutputLog",0
58.369294,"/drivetrain/rightOutputLog",-0
58.369465,"/intake/pos",0
58.36947,"/intake/output",0
58.369621,"/shooter/rpm",0
58.369625,"/shooter/output",0.1
58.369646,"/shooter/hasBall",true
58.369667,"/shooter/temperature",42
58.369835,"/climber/rightPos",0
58.389362,"/drivetrain/leftPos",0
58.389376,"/drivetrain/leftVelocity",0
58.389389,"/drivetrain/rightPos",0
58.389399,"/drivetrain/rightVelocity",0
58.389404,"/drivetrain/heading",-2.25
58.389407,"/drivetrain/headingVelocity",0.1831054538488388
58.389411,"/drivetrain/xAcceleration",0
58.389414,"/drivetrain/yAcceleration",-0.003000000026077032
58.389417,"/drivetrain/leftOutputLog",0
58.38942,"/drivetrain/rightOutputLog",-0
58.38962,"/intake/pos",0
58.389624,"/intake/output",0
58.389823,"/shooter/rpm",0
58.389827,"/shooter/output",0.1
58.38985,"/shooter/hasBall",true
58.389871,"/shooter/temperature",42
58.390035,"/climber/rightPos",0
58.409396,"/drivetrain/leftPos",0
58.40941,"/drivetrain/leftVelocity",0
58.409424,"/drivetrain/rightPos",0
58.409434,"/drivetrain/rightVelocity",0
58.409438,"/drivetrain/heading",-2.25
58.409442,"/drivetrain/headingVelocity",0.0610351525247097
58.409445,"/drivetrain/xAcceleration",0
58.409449,"/drivetrain/yAcceleration",0
58.409452,"/drivetrain/leftOutputLog",0
58.409455,"/drivetrain/rightOutputLog",-0
58.409632,"/intake/pos",0
58.409635,"/intake/output",0
58.409836,"/shooter/rpm",0
58.40984,"/shooter/output",0.1
58.409907,"/shooter/hasBall",true
58.409952,"/shooter/temperature",42
58.410117,"/climber/rightPos",0
58.429523,"/drivetrain/leftPos",0
58.429537,"/drivetrain/leftVelocity",0
58.42955,"/drivetrain/rightPos",0
58.42956,"/drivetrain/rightVelocity",0
58.429565,"/drivetrain/heading",-2.25
58.429568,"/drivetrain/headingVelocity",0.0610351525247097
58.429571,"/drivetrain/xAcceleration",0
58.429575,"/drivetrain/yAcceleration",0
58.429578,"/drivetrain/leftOutputLog",0
58.429581,"/drivetrain/rightOutputLog",-0
58.429743,"/intake/pos",0
58.429747,"/intake/output",0
58.429903,"/shooter/rpm",0
58.429908,"/shooter/output",0.1
58.42993,"/shooter/hasBall",true
58.429967,"/shooter/temperature",42
58.430131,"/climber/rightPos",0
58.449552,"/drivetrain/leftPos",0
58.449566,"/drivetrain/leftVelocity",0
58.449579,"/drivetrain/rightPos",0
58.449589,"/drivetrain/rightVelocity",0
58.449593,"/drivetrain/heading",-2.25
58.449597,"/drivetrain/headingVelocity",0
58.4496,"/drivetrain/xAcceleration",0
58.449603,"/drivetrain/yAcceleration",0
58.449606,"/drivetrain/leftOutputLog",0
58.44961,"/drivetrain/rightOutputLog",-0
58.44979,"/intake/pos",0
58.449794,"/intake/output",0
58.450165,"/shooter/rpm",0
58.450169,"/shooter/output",0.1
58.450195,"/shooter/hasBall",true
58.450235,"/shooter/temperature",42
58.450416,"/climber/rightPos",0
58.469331,"/drivetrain/leftPos",0
58.469345,"/drivetrain/leftVelocity",0
58.469359,"/drivetrain/rightPos",0
58.469368,"/drivetrain/rightVelocity",0
58.469373,"/drivetrain/heading",-2.25
58.469376,"/drivetrain/headingVelocity",-0.0610351525247097
58.469379,"/drivetrain/xAcceleration",0
58.469383,"/drivetrain/yAcceleration",-0.003000000026077032
58.469386,"/drivetrain/leftOutputLog",0
58.469389,"/drivetrain/rightOutputLog",-0
58.469593,"/intake/pos",0
58.469597,"/intake/output",0
58.469787,"/shooter/rpm",0
58.469791,"/shooter/output",0.1
58.469813,"/shooter/hasBall",true
58.469853,"/shooter/temperature",42
58.470018,"/climber/rightPos",0
58.489333,"/drivetrain/leftPos",0
58.489346,"/drivetrain/leftVelocity",0
58.489359,"/drivetrain/rightPos",0
58.489369,"/drivetrain/rightVelocity",0
58.489373,"/drivetrain/heading",-2.25
58.489377,"/drivetrain/headingVelocity",0
58.48938,"/drivetrain/xAcceleration",0
58.489383,"/drivetrain/yAcceleration",0
58.489386,"/drivetrain/leftOutputLog",0
58.48939,"/drivetrain/rightOutputLog",-0
58.489574,"/intake/pos",0
58.489578,"/intake/output",0
58.489787,"/shooter/rpm",0
58.489791,"/shooter/output",0.1
58.489814,"/shooter/hasBall",true
58.489849,"/shooter/temperature",42
58.490013,"/climber/rightPos",0
58.509831,"/drivetrain/leftPos",0
58.509845,"/drivetrain/leftVelocity",0
58.509986,"/drivetrain/rightPos",0
58.510097,"/drivetrain/rightVelocity",0
58.510101,"/drivetrain/heading",-2.25
58.510105,"/drivetrain/headingVelocity",0
58.510108,"/drivetrain/xAcceleration",0
58.510111,"/drivetrain/yAcceleration",0
58.510115,"/drivetrain/leftOutputLog",0
58.510118,"/drivetrain/rightOutputLog",-0
58.510319,"/intake/pos",0
58.510323,"/intake/output",0
58.510549,"/shooter/rpm",0
58.510553,"/shooter/output",0.1
58.510575,"/shooter/hasBall",true
58.510651,"/shooter/temperature",42
58.510834,"/climber/rightPos",0
58.529666,"/drivetrain/leftPos",0
58.52968,"/drivetrain/leftVelocity",0
58.529693,"/drivetrain/rightPos",0
58.529703,"/drivetrain/rightVelocity",0
58.529707,"/drivetrain/heading",-2.25
58.529711,"/drivetrain/headingVelocity",0
58.529714,"/drivetrain/xAcceleration",0
58.529717,"/drivetrain/yAcceleration",0
58.52972,"/drivetrain/leftOutputLog",0
58.529723,"/drivetrain/rightOutputLog",-0
58.529887,"/intake/pos",0
58.529891,"/intake/output",0
58.530091,"/shooter/rpm",0
58.530096,"/shooter/output",0.1
58.530162,"/shooter/hasBall",true
58.530202,"/shooter/temperature",42
58.530367,"/climber/rightPos",0
58.549807,"/drivetrain/leftPos",0
58.54982,"/drivetrain/leftVelocity",0
58.549832,"/drivetrain/rightPos",0
58.549841,"/drivetrain/rightVelocity",0
58.549846,"/drivetrain/heading",-2.25
58.549849,"/drivetrain/headingVelocity",0.0610351525247097
58.549853,"/drivetrain/xAcceleration",0
58.549856,"/drivetrain/yAcceleration",0
58.549859,"/drivetrain/leftOutputLog",0
58.549862,"/drivetrain/rightOutputLog",-0
58.550156,"/intake/pos",0
58.55016,"/intake/output",0
58.550377,"/shooter/rpm",0
58.550381,"/shooter/output",0.1
58.550413,"/shooter/hasBall",true
58.550446,"/shooter/temperature",42
58.550711,"/climber/rightPos",0
58.569979,"/drivetrain/leftPos",0
58.569995,"/drivetrain/leftVelocity",0
58.570011,"/drivetrain/rightPos",0
58.570022,"/drivetrain/rightVelocity",0
58.570026,"/drivetrain/heading",-2.25
58.57003,"/drivetrain/headingVelocity",0
58.570033,"/drivetrain/xAcceleration",0
58.570036,"/drivetrain/yAcceleration",0
58.57004,"/drivetrain/leftOutputLog",0
58.570043,"/drivetrain/rightOutputLog",-0
58.570233,"/intake/pos",0
58.570237,"/intake/output",0
58.570498,"/shooter/rpm",0
58.570502,"/shooter/output",0.1
58.570526,"/shooter/hasBall",true
58.570557,"/shooter/temperature",42
58.570706,"/climber/rightPos",0
58.589325,"/drivetrain/leftPos",0
58.589339,"/drivetrain/leftVelocity",0
58.589352,"/drivetrain/rightPos",0
58.589362,"/drivetrain/rightVelocity",0
58.589367,"/drivetrain/heading",-2.25
58.589371,"/drivetrain/headingVelocity",-0.0610351525247097
58.589374,"/drivetrain/xAcceleration",0
58.589377,"/drivetrain/yAcceleration",0
58.589381,"/drivetrain/leftOutputLog",0
58.589384,"/drivetrain/rightOutputLog",-0
58.589757,"/intake/pos",0
58.589761,"/intake/output",0
58.589989,"/shooter/rpm",0
58.589993,"/shooter/output",0.1
58.590071,"/shooter/hasBall",true
58.590099,"/shooter/temperature",42
58.590279,"/climber/rightPos",0
58.610286,"/drivetrain/leftPos",0
58.610299,"/drivetrain/leftVelocity",0
58.610312,"/drivetrain/rightPos",0
58.610322,"/drivetrain/rightVelocity",0
58.610326,"/drivetrain/heading",-2.25
58.61033,"/drivetrain/headingVelocity",-0.0610351525247097
58.610333,"/drivetrain/xAcceleration",0
58.610336,"/drivetrain/yAcceleration",0
58.61034,"/drivetrain/leftOutputLog",0
58.610343,"/drivetrain/rightOutputLog",-0
58.610516,"/intake/pos",0
58.61052,"/intake/output",0
58.610724,"/shooter/rpm",0
58.610728,"/shooter/output",0.1
58.61075,"/shooter/hasBall",true
58.610818,"/shooter/temperature",42
58.610953,"/climber/rightPos",0
58.629418,"/drivetrain/leftPos",0
58.629433,"/drivetrain/leftVelocity",0
58.629446,"/drivetrain/rightPos",0
58.629456,"/drivetrain/rightVelocity",0
58.62946,"/drivetrain/heading",-2.25
58.629464,"/drivetrain/headingVelocity",-0.0610351525247097
58.629468,"/drivetrain/xAcceleration",0
58.629471,"/drivetrain/yAcceleration",-0.004000000189989805
58.629474,"/drivetrain/leftOutputLog",0
58.629478,"/drivetrain/rightOutputLog",-0
58.629972,"/intake/pos",0
58.629976,"/intake/output",0
58.630374,"/shooter/rpm",0
58.630378,"/shooter/output",0.1
58.630404,"/shooter/hasBall",true
58.630427,"/shooter/temperature",42
58.631164,"/climber/rightPos",0
58.650096,"/drivetrain/leftPos",0
58.65011,"/drivetrain/leftVelocity",0
58.650123,"/drivetrain/rightPos",0
58.650133,"/drivetrain/rightVelocity",0
58.650137,"/drivetrain/heading",-2.25
58.650141,"/drivetrain/headingVelocity",0
58.650144,"/drivetrain/xAcceleration",0
58.650147,"/drivetrain/yAcceleration",-0.006000000052154064
58.65015,"/drivetrain/leftOutputLog",0
58.650154,"/drivetrain/rightOutputLog",-0
58.650393,"/intake/pos",0
58.650398,"/intake/output",0
58.650562,"/shooter/rpm",0
58.650566,"/shooter/output",0.1
58.650589,"/shooter/hasBall",true
58.650626,"/shooter/temperature",42
58.650795,"/climber/rightPos",0
58.669326,"/drivetrain/leftPos",0
58.669339,"/drivetrain/leftVelocity",0
58.669352,"/drivetrain/rightPos",0
58.669361,"/drivetrain/rightVelocity",0
58.669366,"/drivetrain/heading",-2.25
58.669369,"/drivetrain/headingVelocity",0
58.669373,"/drivetrain/xAcceleration",0
58.669376,"/drivetrain/yAcceleration",-0.003000000026077032
58.669379,"/drivetrain/leftOutputLog",0
58.669382,"/drivetrain/rightOutputLog",-0
58.669558,"/intake/pos",0
58.669562,"/intake/output",0
58.669773,"/shooter/rpm",0
58.669777,"/shooter/output",0.1
58.6698,"/shooter/hasBall",true
58.669842,"/shooter/temperature",42
58.670084,"/climber/rightPos",0
58.689526,"/drivetrain/leftPos",0
58.689541,"/drivetrain/leftVelocity",0
58.689555,"/drivetrain/rightPos",0
58.689565,"/drivetrain/rightVelocity",0
58.689572,"/drivetrain/heading",-2.25
58.689577,"/drivetrain/headingVelocity",0
58.68958,"/drivetrain/xAcceleration",0
58.689584,"/drivetrain/yAcceleration",0
58.689587,"/drivetrain/leftOutputLog",0
58.68959,"/drivetrain/rightOutputLog",-0
58.693443,"/intake/pos",0
58.693448,"/intake/output",0
58.694104,"/shooter/rpm",0
58.694109,"/shooter/output",0.1
58.694146,"/shooter/hasBall",true
58.694392,"/shooter/temperature",42
58.694729,"/climber/rightPos",0
58.711338,"/drivetrain/leftPos",0
58.711352,"/drivetrain/leftVelocity",0
58.711366,"/drivetrain/rightPos",0
58.711437,"/drivetrain/rightVelocity",0
58.711442,"/drivetrain/heading",-2.25
58.711446,"/drivetrain/headingVelocity",0
58.711449,"/drivetrain/xAcceleration",0
58.711452,"/drivetrain/yAcceleration",0
58.711455,"/drivetrain/leftOutputLog",0
58.711459,"/drivetrain/rightOutputLog",-0
58.711908,"/intake/pos",0
58.712002,"/intake/output",0
58.712355,"/shooter/rpm",0
58.712359,"/shooter/output",0.1
58.712447,"/shooter/hasBall",true
58.712498,"/shooter/temperature",42
58.712875,"/climber/rightPos",0
58.73095,"/drivetrain/leftPos",0
58.730965,"/drivetrain/leftVelocity",0
58.73098,"/drivetrain/rightPos",0
58.730989,"/drivetrain/rightVelocity",0
58.731053,"/drivetrain/heading",-2.25
58.731057,"/drivetrain/headingVelocity",0
58.73106,"/drivetrain/xAcceleration",0
58.731064,"/drivetrain/yAcceleration",0
58.731067,"/drivetrain/leftOutputLog",0
58.73107,"/drivetrain/rightOutputLog",-0
58.731509,"/intake/pos",0
58.731516,"/intake/output",0
58.731966,"/shooter/rpm",0
58.731974,"/shooter/output",0.1
58.732011,"/shooter/hasBall",true
58.732126,"/shooter/temperature",42
58.7325,"/climber/rightPos",0
58.749391,"/drivetrain/leftPos",0
58.749407,"/drivetrain/leftVelocity",0
58.749421,"/drivetrain/rightPos",0
58.749431,"/drivetrain/rightVelocity",0
58.749436,"/drivetrain/heading",-2.25
58.749439,"/drivetrain/headingVelocity",0.0610351525247097
58.749443,"/drivetrain/xAcceleration",0
58.749446,"/drivetrain/yAcceleration",0
58.749449,"/drivetrain/leftOutputLog",0
58.749452,"/drivetrain/rightOutputLog",-0
58.752195,"/intake/pos",0
58.752199,"/intake/output",0
58.753092,"/shooter/rpm",0
58.753101,"/shooter/output",0.1
58.7532,"/shooter/hasBall",true
58.753245,"/shooter/temperature",42
58.753771,"/climber/rightPos",0
58.770329,"/drivetrain/leftPos",0
58.770343,"/drivetrain/leftVelocity",0
58.770442,"/drivetrain/rightPos",0
58.770529,"/drivetrain/rightVelocity",0
58.770533,"/drivetrain/heading",-2.25
58.770537,"/drivetrain/headingVelocity",0.0610351525247097
58.77054,"/drivetrain/xAcceleration",0
58.770544,"/drivetrain/yAcceleration",-0.003000000026077032
58.770547,"/drivetrain/leftOutputLog",0
58.77055,"/drivetrain/rightOutputLog",-0
58.770807,"/intake/pos",0
58.770811,"/intake/output",0
58.7711,"/shooter/rpm",0
58.771104,"/shooter/output",0.1
58.771128,"/shooter/hasBall",true
58.771206,"/shooter/temperature",42
58.771397,"/climber/rightPos",0
58.790329,"/drivetrain/leftPos",0
58.790343,"/drivetrain/leftVelocity",0
58.790356,"/drivetrain/rightPos",0
58.790366,"/drivetrain/rightVelocity",0
58.79037,"/drivetrain/heading",-2.25
58.790446,"/drivetrain/headingVelocity",0
58.79045,"/drivetrain/xAcceleration",0
58.790453,"/drivetrain/yAcceleration",0
58.790457,"/drivetrain/leftOutputLog",0
58.79046,"/drivetrain/rightOutputLog",-0
58.7907,"/intake/pos",0
58.790704,"/intake/output",0
58.79102,"/shooter/rpm",0
58.791024,"/shooter/output",0.1
58.791047,"/shooter/hasBall",true
58.791138,"/shooter/temperature",42
58.791348,"/climber/rightPos",0
58.809301,"/drivetrain/leftPos",0
58.809315,"/drivetrain/leftVelocity",0
58.809329,"/drivetrain/rightPos",0
58.809339,"/drivetrain/rightVelocity",0
58.809343,"/drivetrain/heading",-2.25
58.809347,"/drivetrain/headingVelocity",0
58.80935,"/drivetrain/xAcceleration",0
58.809353,"/drivetrain/yAcceleration",0
58.809357,"/drivetrain/leftOutputLog",0
58.80936,"/drivetrain/rightOutputLog",-0
58.809545,"/intake/pos",0
58.809549,"/intake/output",0
58.809807,"/shooter/rpm",0
58.809813,"/shooter/output",0.1
58.809839,"/shooter/hasBall",true
58.809861,"/shooter/temperature",42
58.810009,"/climber/rightPos",0
58.830499,"/drivetrain/leftPos",0
58.830513,"/drivetrain/leftVelocity",0
58.830526,"/drivetrain/rightPos",0
58.830535,"/drivetrain/rightVelocity",0
58.83054,"/drivetrain/heading",-2.25
58.830543,"/drivetrain/headingVelocity",0
58.830546,"/drivetrain/xAcceleration",0
58.83055,"/drivetrain/yAcceleration",0
58.830553,"/drivetrain/leftOutputLog",0
58.830556,"/drivetrain/rightOutputLog",-0
58.830742,"/intake/pos",0
58.830746,"/intake/output",0
58.830912,"/shooter/rpm",0
58.830916,"/shooter/output",0.1
58.830938,"/shooter/hasBall",true
58.830962,"/shooter/temperature",42
58.831285,"/climber/rightPos",0
58.85023,"/drivetrain/leftPos",0
58.850243,"/drivetrain/leftVelocity",0
58.850257,"/drivetrain/rightPos",0
58.850267,"/drivetrain/rightVelocity",0
58.850272,"/drivetrain/heading",-2.25
58.850276,"/drivetrain/headingVelocity",0
58.850279,"/drivetrain/xAcceleration",0
58.850282,"/drivetrain/yAcceleration",0
58.850286,"/drivetrain/leftOutputLog",0
58.850289,"/drivetrain/rightOutputLog",-0
58.850476,"/intake/pos",0
58.850479,"/intake/output",0
58.850637,"/shooter/rpm",0
58.850641,"/shooter/output",0.1
58.850663,"/shooter/hasBall",true
58.850682,"/shooter/temperature",42
58.850812,"/climber/rightPos",0
58.870711,"/drivetrain/leftPos",0
58.870724,"/drivetrain/leftVelocity",0
58.870738,"/drivetrain/rightPos",0
58.870754,"/drivetrain/rightVelocity",0
58.870758,"/drivetrain/heading",-2.25
58.870762,"/drivetrain/headingVelocity",0
58.870765,"/drivetrain/xAcceleration",0
58.870768,"/drivetrain/yAcceleration",0
58.870772,"/drivetrain/leftOutputLog",0
58.870775,"/drivetrain/rightOutputLog",-0
58.871022,"/intake/pos",0
58.871026,"/intake/output",0
58.871229,"/shooter/rpm",0
58.871233,"/shooter/output",0.1
58.871258,"/shooter/hasBall",true
58.871278,"/shooter/temperature",42
58.871445,"/climber/rightPos",0
58.890337,"/drivetrain/leftPos",0
58.890352,"/drivetrain/leftVelocity",0
58.890366,"/drivetrain/rightPos",0
58.890377,"/drivetrain/rightVelocity",0
58.890381,"/drivetrain/heading",-2.25
58.890385,"/drivetrain/headingVelocity",-0.0610351525247097
58.890388,"/drivetrain/xAcceleration",0
58.890391,"/drivetrain/yAcceleration",0
58.890395,"/drivetrain/leftOutputLog",0
58.890398,"/drivetrain/rightOutputLog",-0
58.890654,"/intake/pos",0
58.890658,"/intake/output",0
58.890856,"/shooter/rpm",0
58.89086,"/shooter/output",0.1
58.890885,"/shooter/hasBall",true
58.890945,"/shooter/temperature",42
58.891117,"/climber/rightPos",0
58.91048,"/drivetrain/leftPos",0
58.910502,"/drivetrain/leftVelocity",0
58.910516,"/drivetrain/rightPos",0
58.910526,"/drivetrain/rightVelocity",0
58.91053,"/drivetrain/heading",-2.25
58.910534,"/drivetrain/headingVelocity",0
58.910537,"/drivetrain/xAcceleration",0
58.91054,"/drivetrain/yAcceleration",0
58.910544,"/drivetrain/leftOutputLog",0
58.910547,"/drivetrain/rightOutputLog",-0
58.910737,"/intake/pos",0
58.910741,"/intake/output",0
58.910921,"/shooter/rpm",0
58.910925,"/shooter/output",0.1
58.910947,"/shooter/hasBall",true
58.910984,"/shooter/temperature",42
58.911139,"/climber/rightPos",0
58.929694,"/drivetrain/leftPos",0
58.929708,"/drivetrain/leftVelocity",0
58.92972,"/drivetrain/rightPos",0
58.929731,"/drivetrain/rightVelocity",0
58.929735,"/drivetrain/heading",-2.25
58.929738,"/drivetrain/headingVelocity",0
58.929742,"/drivetrain/xAcceleration",0
58.929745,"/drivetrain/yAcceleration",0
58.929748,"/drivetrain/leftOutputLog",0
58.929751,"/drivetrain/rightOutputLog",-0
58.930075,"/intake/pos",0
58.930083,"/intake/output",0
58.930364,"/shooter/rpm",0
58.930368,"/shooter/output",0.1
58.930394,"/shooter/hasBall",true
58.930438,"/shooter/temperature",42
58.930704,"/climber/rightPos",0
58.95048,"/drivetrain/leftPos",0
58.950505,"/drivetrain/leftVelocity",0
58.950519,"/drivetrain/rightPos",0
58.950529,"/drivetrain/rightVelocity",0
58.950534,"/drivetrain/heading",-2.25
58.950537,"/drivetrain/headingVelocity",0
58.950541,"/drivetrain/xAcceleration",0
58.950544,"/drivetrain/yAcceleration",0
58.950547,"/drivetrain/leftOutputLog",0
58.95055,"/drivetrain/rightOutputLog",-0
58.951024,"/intake/pos",0
58.951028,"/intake/output",0
58.951315,"/shooter/rpm",0
58.951318,"/shooter/output",0.1
58.951342,"/shooter/hasBall",true
58.951444,"/shooter/temperature",42
58.951871,"/climber/rightPos",0
58.969224,"/drivetrain/leftPos",0
58.969237,"/drivetrain/leftVelocity",0
58.96925,"/drivetrain/rightPos",0
58.969259,"/drivetrain/rightVelocity",0
58.969263,"/drivetrain/heading",-2.25
58.969267,"/drivetrain/headingVelocity",0.0610351525247097
58.96927,"/drivetrain/xAcceleration",0
58.969273,"/drivetrain/yAcceleration",0
58.969276,"/drivetrain/leftOutputLog",0
58.969279,"/drivetrain/rightOutputLog",-0
58.969592,"/intake/pos",0
58.969596,"/intake/output",0
58.969781,"/shooter/rpm",0
58.969786,"/shooter/output",0.1
58.969809,"/shooter/hasBall",true
58.969848,"/shooter/temperature",42
58.969994,"/climber/rightPos",0
58.989896,"/drivetrain/leftPos",0
58.989914,"/drivetrain/leftVelocity",0
58.989929,"/drivetrain/rightPos",0
58.989939,"/drivetrain/rightVelocity",0
58.989944,"/drivetrain/heading",-2.25
58.989948,"/drivetrain/headingVelocity",0.0610351525247097
58.989951,"/drivetrain/xAcceleration",0
58.989954,"/drivetrain/yAcceleration",0
58.989958,"/drivetrain/leftOutputLog",0
58.989961,"/drivetrain/rightOutputLog",-0
58.990558,"/intake/pos",0
58.990562,"/intake/output",0
58.991163,"/shooter/rpm",0
58.991167,"/shooter/output",0.1
58.991199,"/shooter/hasBall",true
58.991234,"/shooter/temperature",42
58.991415,"/climber/rightPos",0
59.009255,"/drivetrain/leftPos",0
59.00927,"/drivetrain/leftVelocity",0
59.009283,"/drivetrain/rightPos",0
59.009293,"/drivetrain/rightVelocity",0
59.009297,"/drivetrain/heading",-2.25
59.0093,"/drivetrain/headingVelocity",0
59.009304,"/drivetrain/xAcceleration",0
59.009307,"/drivetrain/yAcceleration",0
59.00931,"/drivetrain/leftOutputLog",0
59.009313,"/drivetrain/rightOutputLog",-0
59.009566,"/intake/pos",0
59.009571,"/intake/output",0
59.009856,"/shooter/rpm",0
59.00986,"/shooter/output",0.1
59.009886,"/shooter/hasBall",true
59.009908,"/shooter/temperature",42
59.011491,"/climber/rightPos",0
59.029274,"/drivetrain/leftPos",0
59.029288,"/drivetrain/leftVelocity",0
59.029302,"/drivetrain/rightPos",0
59.029312,"/drivetrain/rightVelocity",0
59.029317,"/drivetrain/heading",-2.25
59.02932,"/drivetrain/headingVelocity",0
59.029323,"/drivetrain/xAcceleration",0
59.029326,"/drivetrain/yAcceleration",-0.003000000026077032
59.02933,"/drivetrain/leftOutputLog",0
59.029333,"/drivetrain/rightOutputLog",-0
59.029691,"/intake/pos",0
59.029695,"/intake/output",0
59.029918,"/shooter/rpm",0
59.029922,"/shooter/output",0.1
59.029947,"/shooter/hasBall",true
59.029984,"/shooter/temperature",42
59.03022,"/climber/rightPos",0
59.04926,"/drivetrain/leftPos",0
59.049274,"/drivetrain/leftVelocity",0
59.049287,"/drivetrain/rightPos",0
59.049297,"/drivetrain/rightVelocity",0
59.049301,"/drivetrain/heading",-2.25
59.049305,"/drivetrain/headingVelocity",0
59.049308,"/drivetrain/xAcceleration",0
59.049312,"/drivetrain/yAcceleration",0
59.049315,"/drivetrain/leftOutputLog",0
59.049318,"/drivetrain/rightOutputLog",-0
59.049728,"/intake/pos",0
59.049732,"/intake/output",0
59.049922,"/shooter/rpm",0
59.049926,"/shooter/output",0.1
59.049949,"/shooter/hasBall",true
59.04998,"/shooter/temperature",42
59.050137,"/climber/rightPos",0
59.069734,"/drivetrain/leftPos",0
59.069747,"/drivetrain/leftVelocity",0
59.069761,"/drivetrain/rightPos",0
59.069772,"/drivetrain/rightVelocity",0
59.069776,"/drivetrain/heading",-2.25
59.06978,"/drivetrain/headingVelocity",0
59.069783,"/drivetrain/xAcceleration",0
59.069786,"/drivetrain/yAcceleration",0
59.06979,"/drivetrain/leftOutputLog",0
59.069793,"/drivetrain/rightOutputLog",-0
59.070023,"/intake/pos",0
59.070027,"/intake/output",0
59.070246,"/shooter/rpm",0
59.07025,"/shooter/output",0.1
59.070359,"/shooter/hasBall",true
59.070394,"/shooter/temperature",42
59.070621,"/climber/rightPos",0
59.089323,"/drivetrain/leftPos",0
59.089337,"/drivetrain/leftVelocity",0
59.089352,"/drivetrain/rightPos",0
59.089363,"/drivetrain/rightVelocity",0
59.089368,"/drivetrain/heading",-2.25
59.089372,"/drivetrain/headingVelocity",0.0610351525247097
59.089375,"/drivetrain/xAcceleration",0
59.089378,"/drivetrain/yAcceleration",0
59.089382,"/drivetrain/leftOutputLog",0
59.089385,"/drivetrain/rightOutputLog",-0
59.08997,"/intake/pos",0
59.089974,"/intake/output",0
59.090363,"/shooter/rpm",0
59.090368,"/shooter/output",0.1
59.090395,"/shooter/hasBall",true
59.090416,"/shooter/temperature",42
59.09081,"/climber/rightPos",0
59.109327,"/drivetrain/leftPos",0
59.109342,"/drivetrain/leftVelocity",0
59.109356,"/drivetrain/rightPos",0
59.109366,"/drivetrain/rightVelocity",0
59.109371,"/drivetrain/heading",-2.259999990463257
59.109375,"/drivetrain/headingVelocity",0.0610351525247097
59.109378,"/drivetrain/xAcceleration",0
59.109381,"/drivetrain/yAcceleration",0
59.109384,"/drivetrain/leftOutputLog",0
59.109388,"/drivetrain/rightOutputLog",-0
59.110336,"/intake/pos",0
59.11034,"/intake/output",0
59.110946,"/shooter/rpm",0
59.110951,"/shooter/output",0.1
59.110989,"/shooter/hasBall",true
59.111015,"/shooter/temperature",42
59.111559,"/climber/rightPos",0
59.130693,"/drivetrain/leftPos",0
59.130709,"/drivetrain/leftVelocity",0
59.130723,"/drivetrain/rightPos",0
59.130733,"/drivetrain/rightVelocity",0
59.130738,"/drivetrain/heading",-2.259999990463257
59.130741,"/drivetrain/headingVelocity",0
59.13302,"/drivetrain/xAcceleration",0
59.133032,"/drivetrain/yAcceleration",0
59.133036,"/drivetrain/leftOutputLog",0
59.133039,"/drivetrain/rightOutputLog",-0
59.133298,"/intake/pos",0
59.133302,"/intake/output",0
59.133519,"/shooter/rpm",0
59.133523,"/shooter/output",0.1
59.133552,"/shooter/hasBall",true
59.133594,"/shooter/temperature",42
59.133777,"/climber/rightPos",0
59.149882,"/drivetrain/leftPos",0
59.149898,"/drivetrain/leftVelocity",0
59.149912,"/drivetrain/rightPos",0
59.149921,"/drivetrain/rightVelocity",0
59.149926,"/drivetrain/heading",-2.259999990463257
59.14993,"/drivetrain/headingVelocity",0.0610351525247097
59.149933,"/drivetrain/xAcceleration",0
59.149936,"/drivetrain/yAcceleration",0
59.149939,"/drivetrain/leftOutputLog",0
59.149943,"/drivetrain/rightOutputLog",-0
59.150165,"/intake/pos",0
59.150169,"/intake/output",0
59.150352,"/shooter/rpm",0
59.150355,"/shooter/output",0.1
59.15038,"/shooter/hasBall",true
59.150423,"/shooter/temperature",42
59.150578,"/climber/rightPos",0
59.170032,"/drivetrain/leftPos",0
59.170046,"/drivetrain/leftVelocity",0
59.17006,"/drivetrain/rightPos",0
59.17007,"/drivetrain/rightVelocity",0
59.170074,"/drivetrain/heading",-2.259999990463257
59.170078,"/drivetrain/headingVelocity",0
59.170081,"/drivetrain/xAcceleration",0
59.170084,"/drivetrain/yAcceleration",0
59.170088,"/drivetrain/leftOutputLog",0
59.170091,"/drivetrain/rightOutputLog",-0
59.177549,"/intake/pos",0
59.177553,"/intake/output",0
59.183336,"/shooter/rpm",0
59.18334,"/shooter/output",0.1
59.183384,"/shooter/hasBall",true
59.183429,"/shooter/temperature",42
59.187307,"/climber/rightPos",0
59.267023,"/drivetrain/leftPos",0
59.267038,"/drivetrain/leftVelocity",0
59.267053,"/drivetrain/rightPos",0
59.267066,"/drivetrain/rightVelocity",0
59.267071,"/drivetrain/heading",-2.25
59.267075,"/drivetrain/headingVelocity",-0.1220703050494194
59.267078,"/drivetrain/xAcceleration",0
59.267081,"/drivetrain/yAcceleration",-0.003000000026077032
59.267085,"/drivetrain/leftOutputLog",0
59.267088,"/drivetrain/rightOutputLog",-0
59.267562,"/intake/pos",0
59.267567,"/intake/output",0
59.267842,"/shooter/rpm",0
59.267846,"/shooter/output",0.1
59.267934,"/shooter/hasBall",true
59.267979,"/shooter/temperature",42
59.269926,"/climber/rightPos",0
59.277639,"/drivetrain/leftPos",0
59.277653,"/drivetrain/leftVelocity",0
59.277674,"/drivetrain/rightPos",0
59.277685,"/drivetrain/rightVelocity",0
59.27769,"/drivetrain/heading",-2.25
59.277693,"/drivetrain/headingVelocity",-0.0610351525247097
59.277696,"/drivetrain/xAcceleration",0
59.2777,"/drivetrain/yAcceleration",0
59.277703,"/drivetrain/leftOutputLog",0
59.277706,"/drivetrain/rightOutputLog",-0
59.27864,"/intake/pos",0
59.278644,"/intake/output",0
59.278915,"/shooter/rpm",0
59.278919,"/shooter/output",0.1
59.278945,"/shooter/hasBall",true
59.278989,"/shooter/temperature",42
59.279438,"/climber/rightPos",0
59.286401,"/drivetrain/leftPos",0
59.286418,"/drivetrain/leftVelocity",0
59.286432,"/drivetrain/rightPos",0
59.286444,"/drivetrain/rightVelocity",0
59.286449,"/drivetrain/heading",-2.25
59.286453,"/drivetrain/headingVelocity",-0.0610351525247097
59.286456,"/drivetrain/xAcceleration",0
59.286459,"/drivetrain/yAcceleration",0
59.286463,"/drivetrain/leftOutputLog",0
59.286466,"/drivetrain/rightOutputLog",-0
59.28932,"/intake/pos",0
59.289324,"/intake/output",0
59.293451,"/shooter/rpm",0
59.293456,"/shooter/output",0.1
59.293756,"/shooter/hasBall",true
59.29413,"/shooter/temperature",42
59.295045,"/climber/rightPos",0
59.30267,"/drivetrain/leftPos",0
59.302694,"/drivetrain/leftVelocity",0
59.302714,"/drivetrain/rightPos",0
59.302725,"/drivetrain/rightVelocity",0
59.30273,"/drivetrain/heading",-2.25
59.302733,"/drivetrain/headingVelocity",-0.0610351525247097
59.302736,"/drivetrain/xAcceleration",0
59.30274,"/drivetrain/yAcceleration",0
59.302743,"/drivetrain/leftOutputLog",0
59.302747,"/drivetrain/rightOutputLog",-0
59.30297,"/intake/pos",0
59.302974,"/intake/output",0
59.303186,"/shooter/rpm",0
59.303192,"/shooter/output",0.1
59.303231,"/shooter/hasBall",true
59.303258,"/shooter/temperature",42
59.303434,"/climber/rightPos",0
59.307732,"/drivetrain/leftPos",0
59.307748,"/drivetrain/leftVelocity",0
59.307764,"/drivetrain/rightPos",0
59.307777,"/drivetrain/rightVelocity",0
59.307783,"/drivetrain/heading",-2.25
59.307786,"/drivetrain/headingVelocity",0
59.307789,"/drivetrain/xAcceleration",0
59.307793,"/drivetrain/yAcceleration",0
59.307796,"/drivetrain/leftOutputLog",0
59.307799,"/drivetrain/rightOutputLog",-0
59.308211,"/intake/pos",0
59.308215,"/intake/output",0
59.308934,"/shooter/rpm",0
59.308939,"/shooter/output",0.1
59.310257,"/shooter/hasBall",true
59.310309,"/shooter/temperature",42
59.310529,"/climber/rightPos",0
59.325138,"/drivetrain/leftPos",0
59.325165,"/drivetrain/leftVelocity",0
59.325257,"/drivetrain/rightPos",0
59.325272,"/drivetrain/rightVelocity",0
59.325277,"/drivetrain/heading",-2.25
59.325281,"/drivetrain/headingVelocity",0.0610351525247097
59.325284,"/drivetrain/xAcceleration",0
59.325287,"/drivetrain/yAcceleration",0
59.32529,"/drivetrain/leftOutputLog",0
59.325294,"/drivetrain/rightOutputLog",-0
59.325504,"/intake/pos",0
59.325509,"/intake/output",0
59.325713,"/shooter/rpm",0
59.325718,"/shooter/output",0.1
59.325744,"/shooter/hasBall",true
59.325771,"/shooter/temperature",42
59.325995,"/climber/rightPos",0
59.336829,"/drivetrain/leftPos",0
59.336855,"/drivetrain/leftVelocity",0
59.336879,"/drivetrain/rightPos",0
59.336891,"/drivetrain/rightVelocity",0
59.336896,"/drivetrain/heading",-2.25
59.336899,"/drivetrain/headingVelocity",0.0610351525247097
59.336902,"/drivetrain/xAcceleration",0
59.336906,"/drivetrain/yAcceleration",0
59.336909,"/drivetrain/leftOutputLog",0
59.336912,"/drivetrain/rightOutputLog",-0
59.337184,"/intake/pos",0
59.337188,"/intake/output",0
59.337414,"/shooter/rpm",0
59.337418,"/shooter/output",0.1
59.337445,"/shooter/hasBall",true
59.337467,"/shooter/temperature",42
59.337635,"/climber/rightPos",0
59.340029,"/drivetrain/leftPos",0
59.340047,"/drivetrain/leftVelocity",0
59.340062,"/drivetrain/rightPos",0
59.340072,"/drivetrain/rightVelocity",0
59.340077,"/drivetrain/heading",-2.25
59.34008,"/drivetrain/headingVelocity",0.0610351525247097
59.340084,"/drivetrain/xAcceleration",0
59.340087,"/drivetrain/yAcceleration",0
59.34009,"/drivetrain/leftOutputLog",0
59.340093,"/drivetrain/rightOutputLog",-0
59.34031,"/intake/pos",0
59.340314,"/intake/output",0
59.340525,"/shooter/rpm",0
59.34053,"/shooter/output",0.1
59.340553,"/shooter/hasBall",true
59.340575,"/shooter/temperature",42
59.340743,"/climber/rightPos",0
59.354986,"/drivetrain/leftPos",0
59.355,"/drivetrain/leftVelocity",0
59.355022,"/drivetrain/rightPos",0
59.355036,"/drivetrain/rightVelocity",0
59.35504,"/drivetrain/heading",-2.25
59.355044,"/drivetrain/headingVelocity",0.0610351525247097
59.355047,"/drivetrain/xAcceleration",0
59.35505,"/drivetrain/yAcceleration",0
59.355054,"/drivetrain/leftOutputLog",0
59.355057,"/drivetrain/rightOutputLog",-0
59.35528,"/intake/pos",0
59.355284,"/intake/output",0
59.355481,"/shooter/rpm",0
59.355485,"/shooter/output",0.1
59.355582,"/shooter/hasBall",true
59.355605,"/shooter/temperature",42
59.355778,"/climber/rightPos",0
59.369714,"/drivetrain/leftPos",0
59.36973,"/drivetrain/leftVelocity",0
59.369746,"/drivetrain/rightPos",0
59.369756,"/drivetrain/rightVelocity",0
59.369761,"/drivetrain/heading",-2.25
59.369765,"/drivetrain/headingVelocity",0.0610351525247097
59.369768,"/drivetrain/xAcceleration",0
59.369771,"/drivetrain/yAcceleration",0
59.369774,"/drivetrain/leftOutputLog",0
59.369783,"/drivetrain/rightOutputLog",-0
59.370008,"/intake/pos",0
59.370017,"/intake/output",0
59.370214,"/shooter/rpm",0
59.370217,"/shooter/output",0.1
59.370243,"/shooter/hasBall",true
59.370264,"/shooter/temperature",42
59.370425,"/climber/rightPos",0
59.390622,"/drivetrain/leftPos",0
59.390639,"/drivetrain/leftVelocity",0
59.390653,"/drivetrain/rightPos",0
59.390766,"/drivetrain/rightVelocity",0
59.390772,"/drivetrain/heading",-2.25
59.390776,"/drivetrain/headingVelocity",0.0610351525247097
59.39078,"/drivetrain/xAcceleration",0
59.390786,"/drivetrain/yAcceleration",0
59.390789,"/drivetrain/leftOutputLog",0
59.390793,"/drivetrain/rightOutputLog",-0
59.391292,"/intake/pos",0
59.391296,"/intake/output",0
59.3916,"/shooter/rpm",0
59.391605,"/shooter/output",0.1
59.391701,"/shooter/hasBall",true
59.391748,"/shooter/temperature",42
59.392155,"/climber/rightPos",0
59.410769,"/drivetrain/leftPos",0
59.410785,"/drivetrain/leftVelocity",0
59.410798,"/drivetrain/rightPos",0
59.410808,"/drivetrain/rightVelocity",0
59.410813,"/drivetrain/heading",-2.25
59.410816,"/drivetrain/headingVelocity",0
59.410819,"/drivetrain/xAcceleration",0
59.410823,"/drivetrain/yAcceleration",0
59.410826,"/drivetrain/leftOutputLog",0
59.410829,"/drivetrain/rightOutputLog",-0
59.41107,"/intake/pos",0
59.411074,"/intake/output",0
59.41129,"/shooter/rpm",0
59.411294,"/shooter/output",0.1
59.411319,"/shooter/hasBall",true
59.411358,"/shooter/temperature",42
59.411507,"/climber/rightPos",0
59.429376,"/drivetrain/leftPos",0
59.429391,"/drivetrain/leftVelocity",0
59.429404,"/drivetrain/rightPos",0
59.429414,"/drivetrain/rightVelocity",0
59.429419,"/drivetrain/heading",-2.25
59.429422,"/drivetrain/headingVelocity",0
59.429426,"/drivetrain/xAcceleration",0
59.429429,"/drivetrain/yAcceleration",0
59.429432,"/drivetrain/leftOutputLog",0
59.429435,"/drivetrain/rightOutputLog",-0
59.430264,"/intake/pos",0
59.430268,"/intake/output",0
59.430717,"/shooter/rpm",0
59.430721,"/shooter/output",0.1
59.430749,"/shooter/hasBall",true
59.430795,"/shooter/temperature",42
59.431321,"/climber/rightPos",0
59.450558,"/drivetrain/leftPos",0
59.450571,"/drivetrain/leftVelocity",0
59.450585,"/drivetrain/rightPos",0
59.450595,"/drivetrain/rightVelocity",0
59.450599,"/drivetrain/heading",-2.25
59.450603,"/drivetrain/headingVelocity",0
59.450606,"/drivetrain/xAcceleration",0
59.450609,"/drivetrain/yAcceleration",0
59.450612,"/drivetrain/leftOutputLog",0
59.450616,"/drivetrain/rightOutputLog",-0
59.450812,"/intake/pos",0
59.450816,"/intake/output",0
59.451071,"/shooter/rpm",0
59.451075,"/shooter/output",0.1
59.451104,"/shooter/hasBall",true
59.451146,"/shooter/temperature",42
59.451442,"/climber/rightPos",0
59.469931,"/drivetrain/leftPos",0
59.469944,"/drivetrain/leftVelocity",0
59.469957,"/drivetrain/rightPos",0
59.469967,"/drivetrain/rightVelocity",0
59.469971,"/drivetrain/heading",-2.25
59.469975,"/drivetrain/headingVelocity",0
59.469978,"/drivetrain/xAcceleration",0
59.469981,"/drivetrain/yAcceleration",0
59.469984,"/drivetrain/leftOutputLog",0
59.469987,"/drivetrain/rightOutputLog",-0
59.47085,"/intake/pos",0
59.470855,"/intake/output",0
59.471013,"/shooter/rpm",0
59.471017,"/shooter/output",0.1
59.471091,"/shooter/hasBall",true
59.471138,"/shooter/temperature",42
59.471339,"/climber/rightPos",0
59.489379,"/drivetrain/leftPos",0
59.489395,"/drivetrain/leftVelocity",0
59.489409,"/drivetrain/rightPos",0
59.489428,"/drivetrain/rightVelocity",0
59.489433,"/drivetrain/heading",-2.259999990463257
59.489437,"/drivetrain/headingVelocity",0
59.48944,"/drivetrain/xAcceleration",0
59.489443,"/drivetrain/yAcceleration",0
59.489446,"/drivetrain/leftOutputLog",0
59.48945,"/drivetrain/rightOutputLog",-0
59.48973,"/intake/pos",0
59.489734,"/intake/output",0
59.489986,"/shooter/rpm",0
59.489992,"/shooter/output",0.1
59.490021,"/shooter/hasBall",true
59.490062,"/shooter/temperature",42
59.490258,"/climber/rightPos",0
59.509369,"/drivetrain/leftPos",0
59.509388,"/drivetrain/leftVelocity",0
59.509402,"/drivetrain/rightPos",0
59.509411,"/drivetrain/rightVelocity",0
59.509417,"/drivetrain/heading",-2.259999990463257
59.50942,"/drivetrain/headingVelocity",0.0610351525247097
59.509423,"/drivetrain/xAcceleration",0
59.509427,"/drivetrain/yAcceleration",0
59.50943,"/drivetrain/leftOutputLog",0
59.509434,"/drivetrain/rightOutputLog",-0
59.510486,"/intake/pos",0
59.51049,"/intake/output",0
59.511317,"/shooter/rpm",0
59.511321,"/shooter/output",0.1
59.511358,"/shooter/hasBall",true
59.511487,"/shooter/temperature",42
59.511677,"/climber/rightPos",0
59.529299,"/drivetrain/leftPos",0
59.529316,"/drivetrain/leftVelocity",0
59.529331,"/drivetrain/rightPos",0
59.529341,"/drivetrain/rightVelocity",0
59.529346,"/drivetrain/heading",-2.259999990463257
59.529349,"/drivetrain/headingVelocity",0
59.529353,"/drivetrain/xAcceleration",0
59.529356,"/drivetrain/yAcceleration",0
59.529359,"/drivetrain/leftOutputLog",0
59.529362,"/drivetrain/rightOutputLog",-0
59.529702,"/intake/pos",0
59.529706,"/intake/output",0
59.529911,"/shooter/rpm",0
59.529915,"/shooter/output",0.1
59.529941,"/shooter/hasBall",true
59.530069,"/shooter/temperature",42
59.530268,"/climber/rightPos",0
59.549802,"/drivetrain/leftPos",0
59.549816,"/drivetrain/leftVelocity",0
59.54983,"/drivetrain/rightPos",0
59.54984,"/drivetrain/rightVelocity",0
59.549846,"/drivetrain/heading",-2.259999990463257
59.549849,"/drivetrain/headingVelocity",0
59.549852,"/drivetrain/xAcceleration",0
59.549856,"/drivetrain/yAcceleration",0
59.549859,"/drivetrain/leftOutputLog",0
59.549862,"/drivetrain/rightOutputLog",-0
59.55016,"/intake/pos",0
59.550164,"/intake/output",0
59.551556,"/shooter/rpm",0
59.55156,"/shooter/output",0.1
59.551598,"/shooter/hasBall",true
59.551626,"/shooter/temperature",42
59.5521,"/climber/rightPos",0
59.569393,"/drivetrain/leftPos",0
59.569406,"/drivetrain/leftVelocity",0
59.569422,"/drivetrain/rightPos",0
59.569433,"/drivetrain/rightVelocity",0
59.569437,"/drivetrain/heading",-2.259999990463257
59.569441,"/drivetrain/headingVelocity",-0.0610351525247097
59.569444,"/drivetrain/xAcceleration",0
59.569448,"/drivetrain/yAcceleration",0
59.569451,"/drivetrain/leftOutputLog",0
59.569454,"/drivetrain/rightOutputLog",-0
59.570834,"/intake/pos",0
59.570839,"/intake/output",0
59.571726,"/shooter/rpm",0
59.571735,"/shooter/output",0.1
59.571785,"/shooter/hasBall",true
59.571888,"/shooter/temperature",42
59.572096,"/climber/rightPos",0
59.58986,"/drivetrain/leftPos",0
59.58988,"/drivetrain/leftVelocity",0
59.589894,"/drivetrain/rightPos",0
59.589904,"/drivetrain/rightVelocity",0
59.589909,"/drivetrain/heading",-2.259999990463257
59.589912,"/drivetrain/headingVelocity",0
59.589915,"/drivetrain/xAcceleration",0
59.589918,"/drivetrain/yAcceleration",-0.003000000026077032
59.589922,"/drivetrain/leftOutputLog",0
59.589925,"/drivetrain/rightOutputLog",-0
59.590435,"/intake/pos",0
59.590439,"/intake/output",0
59.59144,"/shooter/rpm",0
59.591444,"/shooter/output",0.1
59.591481,"/shooter/hasBall",true
59.591505,"/shooter/temperature",42
59.591701,"/climber/rightPos",0
59.60981,"/drivetrain/leftPos",0
59.609824,"/drivetrain/leftVelocity",0
59.609836,"/drivetrain/rightPos",0
59.609847,"/drivetrain/rightVelocity",0
59.609851,"/drivetrain/heading",-2.259999990463257
59.609855,"/drivetrain/headingVelocity",0.0610351525247097
59.609858,"/drivetrain/xAcceleration",0
59.609862,"/drivetrain/yAcceleration",0
59.609865,"/drivetrain/leftOutputLog",0
59.609868,"/drivetrain/rightOutputLog",-0
59.610034,"/intake/pos",0
59.610038,"/intake/output",0
59.610231,"/shooter/rpm",0
59.610235,"/shooter/output",0.1
59.610257,"/shooter/hasBall",true
59.61068,"/shooter/temperature",42
59.612652,"/climber/rightPos",0
59.629261,"/drivetrain/leftPos",0
59.629274,"/drivetrain/leftVelocity",0
59.629286,"/drivetrain/rightPos",0
59.629296,"/drivetrain/rightVelocity",0
59.629301,"/drivetrain/heading",-2.259999990463257
59.629304,"/drivetrain/headingVelocity",0
59.629308,"/drivetrain/xAcceleration",0
59.629311,"/drivetrain/yAcceleration",0
59.629314,"/drivetrain/leftOutputLog",0
59.629317,"/drivetrain/rightOutputLog",-0
59.629643,"/intake/pos",0
59.629647,"/intake/output",0
59.629936,"/shooter/rpm",0
59.62994,"/shooter/output",0.1
59.629964,"/shooter/hasBall",true
59.630005,"/shooter/temperature",42
59.630155,"/climber/rightPos",0
59.649675,"/drivetrain/leftPos",0
59.649689,"/drivetrain/leftVelocity",0
59.649703,"/drivetrain/rightPos",0
59.649712,"/drivetrain/rightVelocity",0
59.649717,"/drivetrain/heading",-2.259999990463257
59.64972,"/drivetrain/headingVelocity",-0.1220703050494194
59.649724,"/drivetrain/xAcceleration",0
59.649727,"/drivetrain/yAcceleration",0
59.64973,"/drivetrain/leftOutputLog",0
59.649733,"/drivetrain/rightOutputLog",-0
59.64994,"/intake/pos",0
59.649944,"/intake/output",0
59.650199,"/shooter/rpm",0
59.650203,"/shooter/output",0.1
59.650227,"/shooter/hasBall",true
59.650263,"/shooter/temperature",42
59.650536,"/climber/rightPos",0
59.669483,"/drivetrain/leftPos",0
59.669498,"/drivetrain/leftVelocity",0
59.669511,"/drivetrain/rightPos",0
59.669521,"/drivetrain/rightVelocity",0
59.669525,"/drivetrain/heading",-2.259999990463257
59.669529,"/drivetrain/headingVelocity",-0.0610351525247097
59.669532,"/drivetrain/xAcceleration",0
59.669535,"/drivetrain/yAcceleration",0.003000000026077032
59.669539,"/drivetrain/leftOutputLog",0
59.669542,"/drivetrain/rightOutputLog",-0
59.67014,"/intake/pos",0
59.670147,"/intake/output",0
59.671131,"/shooter/rpm",0
59.671135,"/shooter/output",0.1
59.671168,"/shooter/hasBall",true
59.671212,"/shooter/temperature",42
59.672426,"/climber/rightPos",0
59.689947,"/drivetrain/leftPos",0
59.689962,"/drivetrain/leftVelocity",0
59.689977,"/drivetrain/rightPos",0
59.689987,"/drivetrain/rightVelocity",0
59.689991,"/drivetrain/heading",-2.259999990463257
59.689995,"/drivetrain/headingVelocity",0.0610351525247097
59.689998,"/drivetrain/xAcceleration",0
59.690001,"/drivetrain/yAcceleration",0
59.690005,"/drivetrain/leftOutputLog",0
59.690069,"/drivetrain/rightOutputLog",-0
59.692817,"/intake/pos",0
59.692822,"/intake/output",0
59.693194,"/shooter/rpm",0
59.693257,"/shooter/output",0.1
59.69329,"/shooter/hasBall",true
59.693335,"/shooter/temperature",42
59.693673,"/climber/rightPos",0
59.710981,"/drivetrain/leftPos",0
59.710997,"/drivetrain/leftVelocity",0
59.71101,"/drivetrain/rightPos",0
59.71102,"/drivetrain/rightVelocity",0
59.711025,"/drivetrain/heading",-2.259999990463257
59.711028,"/drivetrain/headingVelocity",0.0610351525247097
59.711032,"/drivetrain/xAcceleration",0
59.711035,"/drivetrain/yAcceleration",0
59.711039,"/drivetrain/leftOutputLog",0
59.711102,"/drivetrain/rightOutputLog",-0
59.711381,"/intake/pos",0
59.711445,"/intake/output",0
59.711706,"/shooter/rpm",0
59.71171,"/shooter/output",0.1
59.711796,"/shooter/hasBall",true
59.711842,"/shooter/temperature",42
59.712206,"/climber/rightPos",0
59.730884,"/drivetrain/leftPos",0
59.730901,"/drivetrain/leftVelocity",0
59.730915,"/drivetrain/rightPos",0
59.731014,"/drivetrain/rightVelocity",0
59.731019,"/drivetrain/heading",-2.259999990463257
59.731023,"/drivetrain/headingVelocity",0
59.731026,"/drivetrain/xAcceleration",0
59.731029,"/drivetrain/yAcceleration",0
59.731033,"/drivetrain/leftOutputLog",0
59.731037,"/drivetrain/rightOutputLog",-0
59.731529,"/intake/pos",0
59.731533,"/intake/output",0
59.731881,"/shooter/rpm",0
59.731889,"/shooter/output",0.1
59.732691,"/shooter/hasBall",true
59.732831,"/shooter/temperature",42
59.733197,"/climber/rightPos",0
59.750056,"/drivetrain/leftPos",0
59.75008,"/drivetrain/leftVelocity",0
59.750095,"/drivetrain/rightPos",0
59.750105,"/drivetrain/rightVelocity",0
59.75011,"/drivetrain/heading",-2.259999990463257
59.750114,"/drivetrain/headingVelocity",0
59.750117,"/drivetrain/xAcceleration",0
59.75012,"/drivetrain/yAcceleration",0
59.750123,"/drivetrain/leftOutputLog",0
59.750127,"/drivetrain/rightOutputLog",-0
59.750781,"/intake/pos",0
59.750787,"/intake/output",0
59.751054,"/shooter/rpm",0
59.751058,"/shooter/output",0.1
59.75114,"/shooter/hasBall",true
59.751165,"/shooter/temperature",42
59.751444,"/climber/rightPos",0
59.770288,"/drivetrain/leftPos",0
59.770491,"/drivetrain/leftVelocity",0
59.770509,"/drivetrain/rightPos",0
59.77052,"/drivetrain/rightVelocity",0
59.770524,"/drivetrain/heading",-2.259999990463257
59.770528,"/drivetrain/headingVelocity",0
59.770531,"/drivetrain/xAcceleration",0
59.770535,"/drivetrain/yAcceleration",0
59.770538,"/drivetrain/leftOutputLog",0
59.770541,"/drivetrain/rightOutputLog",-0
59.770857,"/intake/pos",0
59.770861,"/intake/output",0
59.771156,"/shooter/rpm",0
59.77116,"/shooter/output",0.1
59.771234,"/shooter/hasBall",true
59.771275,"/shooter/temperature",42
59.771474,"/climber/rightPos",0
59.789914,"/drivetrain/leftPos",0
59.789984,"/drivetrain/leftVelocity",0
59.790001,"/drivetrain/rightPos",0
59.790012,"/drivetrain/rightVelocity",0
59.790016,"/drivetrain/heading",-2.259999990463257
59.79002,"/drivetrain/headingVelocity",0
59.790023,"/drivetrain/xAcceleration",0
59.790026,"/drivetrain/yAcceleration",0
59.79003,"/drivetrain/leftOutputLog",0
59.790033,"/drivetrain/rightOutputLog",-0
59.790322,"/intake/pos",0
59.790326,"/intake/output",0
59.790673,"/shooter/rpm",0
59.790677,"/shooter/output",0.1
59.790701,"/shooter/hasBall",true
59.7909,"/shooter/temperature",40
59.791114,"/climber/rightPos",0
59.809697,"/drivetrain/leftPos",0
59.809722,"/drivetrain/leftVelocity",0
59.809737,"/drivetrain/rightPos",0
59.809747,"/drivetrain/rightVelocity",0
59.809751,"/drivetrain/heading",-2.259999990463257
59.809755,"/drivetrain/headingVelocity",0
59.809758,"/drivetrain/xAcceleration",0
59.809761,"/drivetrain/yAcceleration",0
59.809765,"/drivetrain/leftOutputLog",0
59.809768,"/drivetrain/rightOutputLog",-0
59.810022,"/intake/pos",0
59.810026,"/intake/output",0
59.810224,"/shooter/rpm",0
59.810227,"/shooter/output",0.1
59.810292,"/shooter/hasBall",true
59.810329,"/shooter/temperature",40
59.810493,"/climber/rightPos",0
59.829728,"/drivetrain/leftPos",0
59.829748,"/drivetrain/leftVelocity",0
59.829763,"/drivetrain/rightPos",0
59.829774,"/drivetrain/rightVelocity",0
59.829779,"/drivetrain/heading",-2.259999990463257
59.829782,"/drivetrain/headingVelocity",0
59.829786,"/drivetrain/xAcceleration",0
59.829789,"/drivetrain/yAcceleration",0
59.829792,"/drivetrain/leftOutputLog",0
59.829795,"/drivetrain/rightOutputLog",-0
59.830464,"/intake/pos",0
59.830468,"/intake/output",0
59.830682,"/shooter/rpm",0
59.830686,"/shooter/output",0.1
59.830716,"/shooter/hasBall",true
59.831027,"/shooter/temperature",40
59.831198,"/climber/rightPos",0
59.849236,"/drivetrain/leftPos",0
59.849248,"/drivetrain/leftVelocity",0
59.849261,"/drivetrain/rightPos",0
59.84927,"/drivetrain/rightVelocity",0
59.849275,"/drivetrain/heading",-2.259999990463257
59.849278,"/drivetrain/headingVelocity",0
59.849282,"/drivetrain/xAcceleration",0
59.849285,"/drivetrain/yAcceleration",-0.003000000026077032
59.849288,"/drivetrain/leftOutputLog",0
59.849291,"/drivetrain/rightOutputLog",-0
59.849591,"/intake/pos",0
59.849595,"/intake/output",0
59.849755,"/shooter/rpm",0
59.849759,"/shooter/output",0.1
59.849837,"/shooter/hasBall",true
59.849883,"/shooter/temperature",40
59.850068,"/climber/rightPos",0
59.86924,"/drivetrain/leftPos",0
59.869256,"/drivetrain/leftVelocity",0
59.869271,"/drivetrain/rightPos",0
59.869289,"/drivetrain/rightVelocity",0
59.869294,"/drivetrain/heading",-2.259999990463257
59.869297,"/drivetrain/headingVelocity",0.0610351525247097
59.869301,"/drivetrain/xAcceleration",0
59.869304,"/drivetrain/yAcceleration",0
59.869307,"/drivetrain/leftOutputLog",0
59.86931,"/drivetrain/rightOutputLog",-0
59.869516,"/intake/pos",0
59.86952,"/intake/output",0
59.870016,"/shooter/rpm",0
59.87002,"/shooter/output",0.1
59.870048,"/shooter/hasBall",true
59.870088,"/shooter/temperature",40
59.870318,"/climber/rightPos",0
59.889615,"/drivetrain/leftPos",0
59.889629,"/drivetrain/leftVelocity",0
59.889642,"/drivetrain/rightPos",0
59.889652,"/drivetrain/rightVelocity",0
59.889657,"/drivetrain/heading",-2.259999990463257
59.88966,"/drivetrain/headingVelocity",0
59.889664,"/drivetrain/xAcceleration",0
59.889667,"/drivetrain/yAcceleration",0
59.88967,"/drivetrain/leftOutputLog",0
59.889673,"/drivetrain/rightOutputLog",-0
59.889837,"/intake/pos",0
59.889841,"/intake/output",0
59.890003,"/shooter/rpm",0
59.890007,"/shooter/output",0.1
59.89003,"/shooter/hasBall",true
59.890068,"/shooter/temperature",40
59.890271,"/climber/rightPos",0
59.90951,"/drivetrain/leftPos",0
59.909524,"/drivetrain/leftVelocity",0
59.909538,"/drivetrain/rightPos",0
59.909548,"/drivetrain/rightVelocity",0
59.909552,"/drivetrain/heading",-2.259999990463257
59.909556,"/drivetrain/headingVelocity",0
59.909559,"/drivetrain/xAcceleration",0
59.909562,"/drivetrain/yAcceleration",0
59.909566,"/drivetrain/leftOutputLog",0
59.909569,"/drivetrain/rightOutputLog",-0
59.909939,"/intake/pos",0
59.909943,"/intake/output",0
59.910147,"/shooter/rpm",0
59.910151,"/shooter/output",0.1
59.910175,"/shooter/hasBall",true
59.910213,"/shooter/temperature",40
59.910358,"/climber/rightPos",0
59.929463,"/drivetrain/leftPos",0
59.929478,"/drivetrain/leftVelocity",0
59.929491,"/drivetrain/rightPos",0
59.929502,"/drivetrain/rightVelocity",0
59.929506,"/drivetrain/heading",-2.259999990463257
59.929509,"/drivetrain/headingVelocity",0
59.929513,"/drivetrain/xAcceleration",0
59.929516,"/drivetrain/yAcceleration",-0.004999999888241291
59.929519,"/drivetrain/leftOutputLog",0
59.929522,"/drivetrain/rightOutputLog",-0
59.929765,"/intake/pos",0
59.929771,"/intake/output",0
59.929976,"/shooter/rpm",0
59.92998,"/shooter/output",0.1
59.930043,"/shooter/hasBall",true
59.930089,"/shooter/temperature",40
59.930255,"/climber/rightPos",0
59.949492,"/drivetrain/leftPos",0
59.949508,"/drivetrain/leftVelocity",0
59.949521,"/drivetrain/rightPos",0
59.949531,"/drivetrain/rightVelocity",0
59.949537,"/drivetrain/heading",-2.259999990463257
59.94954,"/drivetrain/headingVelocity",0
59.949544,"/drivetrain/xAcceleration",0
59.949547,"/drivetrain/yAcceleration",0
59.94955,"/drivetrain/leftOutputLog",0
59.949554,"/drivetrain/rightOutputLog",-0
59.949825,"/intake/pos",0
59.949829,"/intake/output",0
59.950073,"/shooter/rpm",0
59.950077,"/shooter/output",0.1
59.950101,"/shooter/hasBall",true
59.950135,"/shooter/temperature",40
59.950301,"/climber/rightPos",0
59.969524,"/drivetrain/leftPos",0
59.969537,"/drivetrain/leftVelocity",0
59.96955,"/drivetrain/rightPos",0
59.96956,"/drivetrain/rightVelocity",0
59.969565,"/drivetrain/heading",-2.259999990463257
59.969568,"/drivetrain/headingVelocity",0
59.969572,"/drivetrain/xAcceleration",0
59.969575,"/drivetrain/yAcceleration",0
59.969578,"/drivetrain/leftOutputLog",0
59.969581,"/drivetrain/rightOutputLog",-0
59.969777,"/intake/pos",0
59.969781,"/intake/output",0
59.969975,"/shooter/rpm",0
59.969979,"/shooter/output",0.1
59.970003,"/shooter/hasBall",true
59.970033,"/shooter/temperature",40
59.970202,"/climber/rightPos",0
59.989211,"/drivetrain/leftPos",0
59.989225,"/drivetrain/leftVelocity",0
59.98924,"/drivetrain/rightPos",0
59.989249,"/drivetrain/rightVelocity",0
59.989254,"/drivetrain/heading",-2.259999990463257
59.989258,"/drivetrain/headingVelocity",0
59.989261,"/drivetrain/xAcceleration",0
59.989264,"/drivetrain/yAcceleration",0
59.989267,"/drivetrain/leftOutputLog",0
59.989271,"/drivetrain/rightOutputLog",-0
59.989504,"/intake/pos",0
59.989509,"/intake/output",0
59.989934,"/shooter/rpm",0
59.989939,"/shooter/output",0.1
59.989976,"/shooter/hasBall",true
59.990012,"/shooter/temperature",40
59.990176,"/climber/rightPos",0
60.009526,"/drivetrain/leftPos",0
60.009539,"/drivetrain/leftVelocity",0
60.009553,"/drivetrain/rightPos",0
60.009563,"/drivetrain/rightVelocity",0
60.009568,"/drivetrain/heading",-2.259999990463257
60.009572,"/drivetrain/headingVelocity",0
60.009575,"/drivetrain/xAcceleration",0
60.009578,"/drivetrain/yAcceleration",0
60.009582,"/drivetrain/leftOutputLog",0
60.009585,"/drivetrain/rightOutputLog",-0
60.010236,"/intake/pos",0
60.01024,"/intake/output",0
60.010529,"/shooter/rpm",0
60.010533,"/shooter/output",0.1
60.01056,"/shooter/hasBall",true
60.010597,"/shooter/temperature",40
60.011021,"/climber/rightPos",0
60.029383,"/drivetrain/leftPos",0
60.029396,"/drivetrain/leftVelocity",0
60.029411,"/drivetrain/rightPos",0
60.02942,"/drivetrain/rightVelocity",0
60.029425,"/drivetrain/heading",-2.259999990463257
60.029428,"/drivetrain/headingVelocity",0
60.029432,"/drivetrain/xAcceleration",0
60.029435,"/drivetrain/yAcceleration",0
60.029438,"/drivetrain/leftOutputLog",0
60.029441,"/drivetrain/rightOutputLog",-0
60.029836,"/intake/pos",0
60.02984,"/intake/output",0
60.030017,"/shooter/rpm",0
60.030021,"/shooter/output",0.1
60.030045,"/shooter/hasBall",true
60.030071,"/shooter/temperature",40
60.030232,"/climber/rightPos",0
60.049279,"/drivetrain/leftPos",0
60.049292,"/drivetrain/leftVelocity",0
60.049306,"/drivetrain/rightPos",0
60.049317,"/drivetrain/rightVelocity",0
60.049321,"/drivetrain/heading",-2.259999990463257
60.049325,"/drivetrain/headingVelocity",0
60.049328,"/drivetrain/xAcceleration",0
60.049332,"/drivetrain/yAcceleration",0
60.049335,"/drivetrain/leftOutputLog",0
60.049338,"/drivetrain/rightOutputLog",-0
60.049547,"/intake/pos",0
60.049551,"/intake/output",0
60.049744,"/shooter/rpm",0
60.049748,"/shooter/output",0.1
60.049772,"/shooter/hasBall",true
60.049794,"/shooter/temperature",40
60.049967,"/climber/rightPos",0
60.069237,"/drivetrain/leftPos",0
60.06925,"/drivetrain/leftVelocity",0
60.069263,"/drivetrain/rightPos",0
60.069273,"/drivetrain/rightVelocity",0
60.069278,"/drivetrain/heading",-2.259999990463257
60.069281,"/drivetrain/headingVelocity",0
60.069284,"/drivetrain/xAcceleration",0
60.069288,"/drivetrain/yAcceleration",0
60.069291,"/drivetrain/leftOutputLog",0
60.069294,"/drivetrain/rightOutputLog",-0
60.069464,"/intake/pos",0
60.069467,"/intake/output",0
60.069628,"/shooter/rpm",0
60.069632,"/shooter/output",0.1
60.069655,"/shooter/hasBall",true
60.069675,"/shooter/temperature",40
60.069839,"/climber/rightPos",0
60.089394,"/drivetrain/leftPos",0
60.089408,"/drivetrain/leftVelocity",0
60.089421,"/drivetrain/rightPos",0
60.089431,"/drivetrain/rightVelocity",0
60.089435,"/drivetrain/heading",-2.259999990463257
60.089439,"/drivetrain/headingVelocity",0
60.089442,"/drivetrain/xAcceleration",0
60.089445,"/drivetrain/yAcceleration",0
60.089449,"/drivetrain/leftOutputLog",0
60.089452,"/drivetrain/rightOutputLog",-0
60.089663,"/intake/pos",0
60.089667,"/intake/output",0
60.089899,"/shooter/rpm",0
60.089903,"/shooter/output",0.1
60.089928,"/shooter/hasBall",true
60.089966,"/shooter/temperature",40
60.090168,"/climber/rightPos",0
60.109611,"/drivetrain/leftPos",0
60.109624,"/drivetrain/leftVelocity",0
60.109636,"/drivetrain/rightPos",0
60.109646,"/drivetrain/rightVelocity",0
60.10965,"/drivetrain/heading",-2.259999990463257
60.109654,"/drivetrain/headingVelocity",0
60.109657,"/drivetrain/xAcceleration",0
60.10966,"/drivetrain/yAcceleration",0
60.109663,"/drivetrain/leftOutputLog",0
60.109666,"/drivetrain/rightOutputLog",-0
60.109864,"/intake/pos",0
60.109867,"/intake/output",0
60.110111,"/shooter/rpm",0
60.110117,"/shooter/output",0.1
60.110144,"/shooter/hasBall",true
60.110182,"/shooter/temperature",40
60.110349,"/climber/rightPos",0
60.129245,"/drivetrain/leftPos",0
60.129258,"/drivetrain/leftVelocity",0
60.129272,"/drivetrain/rightPos",0
60.129281,"/drivetrain/rightVelocity",0
60.129286,"/drivetrain/heading",-2.259999990463257
60.12929,"/drivetrain/headingVelocity",0
60.129293,"/drivetrain/xAcceleration",0
60.129296,"/drivetrain/yAcceleration",0
60.1293,"/drivetrain/leftOutputLog",0
60.129303,"/drivetrain/rightOutputLog",-0
60.129502,"/intake/pos",0
60.129506,"/intake/output",0
60.129759,"/shooter/rpm",0
60.129763,"/shooter/output",0.1
60.129786,"/shooter/hasBall",true
60.129827,"/shooter/temperature",40
60.129961,"/climber/rightPos",0
60.149435,"/drivetrain/leftPos",0
60.149448,"/drivetrain/leftVelocity",0
60.149461,"/drivetrain/rightPos",0
60.14947,"/drivetrain/rightVelocity",0
60.149475,"/drivetrain/heading",-2.259999990463257
60.149478,"/drivetrain/headingVelocity",0
60.149482,"/drivetrain/xAcceleration",0
60.149485,"/drivetrain/yAcceleration",0
60.149488,"/drivetrain/leftOutputLog",0
60.149491,"/drivetrain/rightOutputLog",-0
60.149661,"/intake/pos",0
60.149665,"/intake/output",0
60.149827,"/shooter/rpm",0
60.14983,"/shooter/output",0.1
60.149852,"/shooter/hasBall",true
60.149941,"/shooter/temperature",40
60.150119,"/climber/rightPos",0
60.169743,"/drivetrain/leftPos",0
60.169925,"/drivetrain/leftVelocity",0
60.169942,"/drivetrain/rightPos",0
60.170132,"/drivetrain/rightVelocity",0
60.170138,"/drivetrain/heading",-2.259999990463257
60.170141,"/drivetrain/headingVelocity",0
60.170144,"/drivetrain/xAcceleration",0
60.170148,"/drivetrain/yAcceleration",0
60.170151,"/drivetrain/leftOutputLog",0
60.170155,"/drivetrain/rightOutputLog",-0
60.170393,"/intake/pos",0
60.170396,"/intake/output",0
60.170607,"/shooter/rpm",0
60.170611,"/shooter/output",0.1
60.170634,"/shooter/hasBall",true
60.170673,"/shooter/temperature",40
60.170808,"/climber/rightPos",0
60.191013,"/drivetrain/leftPos",0
60.191027,"/drivetrain/leftVelocity",0
60.191041,"/drivetrain/rightPos",0
60.191051,"/drivetrain/rightVelocity",0
60.191055,"/drivetrain/heading",-2.259999990463257
60.191059,"/drivetrain/headingVelocity",0
60.191062,"/drivetrain/xAcceleration",0
60.191066,"/drivetrain/yAcceleration",0
60.191069,"/drivetrain/leftOutputLog",0
60.191072,"/drivetrain/rightOutputLog",-0
60.191437,"/intake/pos",0
60.191441,"/intake/output",0
60.191783,"/shooter/rpm",0
60.191787,"/shooter/output",0.1
60.191815,"/shooter/hasBall",true
60.19185,"/shooter/temperature",40
60.19202,"/climber/rightPos",0
60.209253,"/drivetrain/leftPos",0
60.209266,"/drivetrain/leftVelocity",0
60.209281,"/drivetrain/rightPos",0
60.209291,"/drivetrain/rightVelocity",0
60.209296,"/drivetrain/heading",-2.259999990463257
60.2093,"/drivetrain/headingVelocity",0
60.209303,"/drivetrain/xAcceleration",0
60.209306,"/drivetrain/yAcceleration",0
60.209309,"/drivetrain/leftOutputLog",0
60.209313,"/drivetrain/rightOutputLog",-0
60.209545,"/intake/pos",0
60.20955,"/intake/output",0
60.20976,"/shooter/rpm",0
60.209764,"/shooter/output",0.1
60.209787,"/shooter/hasBall",true
60.209808,"/shooter/temperature",40
60.209994,"/climber/rightPos",0
60.229256,"/drivetrain/leftPos",0
60.22927,"/drivetrain/leftVelocity",0
60.229282,"/drivetrain/rightPos",0
60.229292,"/drivetrain/rightVelocity",0
60.229296,"/drivetrain/heading",-2.259999990463257
60.2293,"/drivetrain/headingVelocity",0
60.229303,"/drivetrain/xAcceleration",0
60.229306,"/drivetrain/yAcceleration",0
60.22931,"/drivetrain/leftOutputLog",0
60.229313,"/drivetrain/rightOutputLog",-0
60.229988,"/intake/pos",0
60.229992,"/intake/output",0
60.230253,"/shooter/rpm",0
60.230257,"/shooter/output",0.1
60.230281,"/shooter/hasBall",true
60.230314,"/shooter/temperature",40
60.230538,"/climber/rightPos",0
60.24955,"/drivetrain/leftPos",0
60.249562,"/drivetrain/leftVelocity",0
60.249575,"/drivetrain/rightPos",0
60.249585,"/drivetrain/rightVelocity",0
60.24959,"/drivetrain/heading",-2.259999990463257
60.249593,"/drivetrain/headingVelocity",0
60.249596,"/drivetrain/xAcceleration",0
60.2496,"/drivetrain/yAcceleration",0
60.249603,"/drivetrain/leftOutputLog",0
60.249606,"/drivetrain/rightOutputLog",-0
60.249894,"/intake/pos",0
60.249899,"/intake/output",0
60.250276,"/shooter/rpm",0
60.25028,"/shooter/output",0.1
60.250305,"/shooter/hasBall",true
60.250339,"/shooter/temperature",40
60.250487,"/climber/rightPos",0
60.269626,"/drivetrain/leftPos",0
60.26964,"/drivetrain/leftVelocity",0
60.269654,"/drivetrain/rightPos",0
60.269663,"/drivetrain/rightVelocity",0
60.269668,"/drivetrain/heading",-2.259999990463257
60.269671,"/drivetrain/headingVelocity",0
60.269674,"/drivetrain/xAcceleration",0
60.269677,"/drivetrain/yAcceleration",-0.003000000026077032
60.269681,"/drivetrain/leftOutputLog",0
60.269684,"/drivetrain/rightOutputLog",-0
60.269916,"/intake/pos",0
60.26992,"/intake/output",0
60.270142,"/shooter/rpm",0
60.270186,"/shooter/output",0.1
60.270214,"/shooter/hasBall",true
60.27024,"/shooter/temperature",40
60.270531,"/climber/rightPos",0
60.289269,"/drivetrain/leftPos",0
60.289283,"/drivetrain/leftVelocity",0
60.289296,"/drivetrain/rightPos",0
60.289306,"/drivetrain/rightVelocity",0
60.289311,"/drivetrain/heading",-2.259999990463257
60.289314,"/drivetrain/headingVelocity",0
60.289317,"/drivetrain/xAcceleration",0
60.289321,"/drivetrain/yAcceleration",-0.003000000026077032
60.289324,"/drivetrain/leftOutputLog",0
60.289327,"/drivetrain/rightOutputLog",-0
60.289495,"/intake/pos",0
60.289499,"/intake/output",0
60.289646,"/shooter/rpm",0
60.28965,"/shooter/output",0.1
60.289718,"/shooter/hasBall",true
60.289742,"/shooter/temperature",40
60.289915,"/climber/rightPos",0
60.309489,"/drivetrain/leftPos",0
60.309502,"/drivetrain/leftVelocity",0
60.309515,"/drivetrain/rightPos",0
60.309524,"/drivetrain/rightVelocity",0
60.309528,"/drivetrain/heading",-2.259999990463257
60.309532,"/drivetrain/headingVelocity",0
60.309535,"/drivetrain/xAcceleration",0
60.309538,"/drivetrain/yAcceleration",0
60.309541,"/drivetrain/leftOutputLog",0
60.309545,"/drivetrain/rightOutputLog",-0
60.309781,"/intake/pos",0
60.309785,"/intake/output",0
60.309981,"/shooter/rpm",0
60.309984,"/shooter/output",0.1
60.310045,"/shooter/hasBall",true
60.310068,"/shooter/temperature",40
60.310244,"/climber/rightPos",0
60.329207,"/drivetrain/leftPos",0
60.329221,"/drivetrain/leftVelocity",0
60.329234,"/drivetrain/rightPos",0
60.329244,"/drivetrain/rightVelocity",0
60.329248,"/drivetrain/heading",-2.259999990463257
60.329251,"/drivetrain/headingVelocity",0
60.329255,"/drivetrain/xAcceleration",0
60.329258,"/drivetrain/yAcceleration",0
60.329261,"/drivetrain/leftOutputLog",0
60.329264,"/drivetrain/rightOutputLog",-0
60.329436,"/intake/pos",0
60.32944,"/intake/output",0
60.329594,"/shooter/rpm",0
60.329597,"/shooter/output",0.1
60.329619,"/shooter/hasBall",true
60.329658,"/shooter/temperature",40
60.329973,"/climber/rightPos",0
60.349635,"/drivetrain/leftPos",0
60.349649,"/drivetrain/leftVelocity",0
60.349662,"/drivetrain/rightPos",0
60.349671,"/drivetrain/rightVelocity",0
60.349676,"/drivetrain/heading",-2.259999990463257
60.349679,"/drivetrain/headingVelocity",0
60.349683,"/drivetrain/xAcceleration",0
60.349686,"/drivetrain/yAcceleration",0
60.349689,"/drivetrain/leftOutputLog",0
60.349692,"/drivetrain/rightOutputLog",-0
60.350106,"/intake/pos",0
60.35011,"/intake/output",0
60.350688,"/shooter/rpm",0
60.350693,"/shooter/output",0.1
60.350722,"/shooter/hasBall",true
60.350762,"/shooter/temperature",40
60.350982,"/climber/rightPos",0
60.370831,"/drivetrain/leftPos",0
60.370846,"/drivetrain/leftVelocity",0
60.370866,"/drivetrain/rightPos",0
60.370876,"/drivetrain/rightVelocity",0
60.370881,"/drivetrain/heading",-2.259999990463257
60.370884,"/drivetrain/headingVelocity",0
60.370888,"/drivetrain/xAcceleration",0
60.370891,"/drivetrain/yAcceleration",0
60.370894,"/drivetrain/leftOutputLog",0
60.370897,"/drivetrain/rightOutputLog",-0
60.371197,"/intake/pos",0
60.3712,"/intake/output",0
60.371456,"/shooter/rpm",0
60.37146,"/shooter/output",0.1
60.371486,"/shooter/hasBall",true
60.371526,"/shooter/temperature",40
60.371684,"/climber/rightPos",0
60.389795,"/drivetrain/leftPos",0
60.389809,"/drivetrain/leftVelocity",0
60.389822,"/drivetrain/rightPos",0
60.389832,"/drivetrain/rightVelocity",0
60.389836,"/drivetrain/heading",-2.259999990463257
60.38984,"/drivetrain/headingVelocity",0
60.389843,"/drivetrain/xAcceleration",0
60.389846,"/drivetrain/yAcceleration",0
60.38985,"/drivetrain/leftOutputLog",0
60.389853,"/drivetrain/rightOutputLog",-0
60.390299,"/intake/pos",0
60.390303,"/intake/output",0
60.390812,"/shooter/rpm",0
60.390816,"/shooter/output",0.1
60.39089,"/shooter/hasBall",true
60.390936,"/shooter/temperature",40
60.391164,"/climber/rightPos",0
60.409548,"/drivetrain/leftPos",0
60.409562,"/drivetrain/leftVelocity",0
60.409576,"/drivetrain/rightPos",0
60.409587,"/drivetrain/rightVelocity",0
60.409591,"/drivetrain/heading",-2.259999990463257
60.409595,"/drivetrain/headingVelocity",0
60.409599,"/drivetrain/xAcceleration",0
60.409602,"/drivetrain/yAcceleration",0
60.409606,"/drivetrain/leftOutputLog",0
60.409609,"/drivetrain/rightOutputLog",-0
60.409786,"/intake/pos",0
60.40979,"/intake/output",0
60.409951,"/shooter/rpm",0
60.409955,"/shooter/output",0.1
60.409978,"/shooter/hasBall",true
60.410015,"/shooter/temperature",40
60.410175,"/climber/rightPos",0
60.429365,"/drivetrain/leftPos",0
60.429383,"/drivetrain/leftVelocity",0
60.429398,"/drivetrain/rightPos",0
60.429408,"/drivetrain/rightVelocity",0
60.429414,"/drivetrain/heading",-2.259999990463257
60.429417,"/drivetrain/headingVelocity",0
60.429421,"/drivetrain/xAcceleration",0
60.429424,"/drivetrain/yAcceleration",-0.003000000026077032
60.429427,"/drivetrain/leftOutputLog",0
60.429431,"/drivetrain/rightOutputLog",-0
60.430094,"/intake/pos",0
60.430098,"/intake/output",0
60.430359,"/shooter/rpm",0
60.430365,"/shooter/output",0.1
60.430393,"/shooter/hasBall",true
60.430427,"/shooter/temperature",40
60.430602,"/climber/rightPos",0
60.449636,"/drivetrain/leftPos",0
60.449649,"/drivetrain/leftVelocity",0
60.449662,"/drivetrain/rightPos",0
60.449673,"/drivetrain/rightVelocity",0
60.449677,"/drivetrain/heading",-2.259999990463257
60.44968,"/drivetrain/headingVelocity",0
60.449683,"/drivetrain/xAcceleration",0
60.449687,"/drivetrain/yAcceleration",0
60.44969,"/drivetrain/leftOutputLog",0
60.449693,"/drivetrain/rightOutputLog",-0
60.449891,"/intake/pos",0
60.449894,"/intake/output",0
60.45017,"/shooter/rpm",0
60.450174,"/shooter/output",0.1
60.45024,"/shooter/hasBall",true
60.45028,"/shooter/temperature",40
60.450462,"/climber/rightPos",0
60.469282,"/drivetrain/leftPos",0
60.469296,"/drivetrain/leftVelocity",0
60.469309,"/drivetrain/rightPos",0
60.469319,"/drivetrain/rightVelocity",0
60.469323,"/drivetrain/heading",-2.259999990463257
60.469327,"/drivetrain/headingVelocity",0
60.46933,"/drivetrain/xAcceleration",0
60.469333,"/drivetrain/yAcceleration",0
60.469337,"/drivetrain/leftOutputLog",0
60.46934,"/drivetrain/rightOutputLog",-0
60.46951,"/intake/pos",0
60.469514,"/intake/output",0
60.46967,"/shooter/rpm",0
60.469674,"/shooter/output",0.1
60.469697,"/shooter/hasBall",true
60.469719,"/shooter/temperature",40
60.470187,"/climber/rightPos",0
60.489206,"/drivetrain/leftPos",0
60.489219,"/drivetrain/leftVelocity",0
60.489232,"/drivetrain/rightPos",0
60.489242,"/drivetrain/rightVelocity",0
60.489246,"/drivetrain/heading",-2.259999990463257
60.48925,"/drivetrain/headingVelocity",0
60.489253,"/drivetrain/xAcceleration",0
60.489256,"/drivetrain/yAcceleration",0
60.48926,"/drivetrain/leftOutputLog",0
60.489263,"/drivetrain/rightOutputLog",-0
60.48944,"/intake/pos",0
60.489444,"/intake/output",0
60.489677,"/shooter/rpm",0
60.489681,"/shooter/output",0.1
60.489704,"/shooter/hasBall",true
60.489735,"/shooter/temperature",40
60.489885,"/climber/rightPos",0
60.509855,"/drivetrain/leftPos",0
60.509869,"/drivetrain/leftVelocity",0
60.509881,"/drivetrain/rightPos",0
60.50989,"/drivetrain/rightVelocity",0
60.509895,"/drivetrain/heading",-2.259999990463257
60.509898,"/drivetrain/headingVelocity",0
60.509901,"/drivetrain/xAcceleration",0
60.509904,"/drivetrain/yAcceleration",0
60.509908,"/drivetrain/leftOutputLog",0
60.509911,"/drivetrain/rightOutputLog",-0
60.510147,"/intake/pos",0
60.510151,"/intake/output",0
60.510347,"/shooter/rpm",0
60.510351,"/shooter/output",0.1
60.510414,"/shooter/hasBall",true
60.510449,"/shooter/temperature",40
60.510583,"/climber/rightPos",0
60.529256,"/drivetrain/leftPos",0
60.529269,"/drivetrain/leftVelocity",0
60.529283,"/drivetrain/rightPos",0
60.529292,"/drivetrain/rightVelocity",0
60.529297,"/drivetrain/heading",-2.259999990463257
60.529301,"/drivetrain/headingVelocity",0
60.529304,"/drivetrain/xAcceleration",0
60.529307,"/drivetrain/yAcceleration",0
60.529311,"/drivetrain/leftOutputLog",0
60.529314,"/drivetrain/rightOutputLog",-0
60.529475,"/intake/pos",0
60.529478,"/intake/output",0
60.529699,"/shooter/rpm",0
60.529703,"/shooter/output",0.1
60.529769,"/shooter/hasBall",true
60.529792,"/shooter/temperature",40
60.529967,"/climber/rightPos",0
60.54923,"/drivetrain/leftPos",0
60.549243,"/drivetrain/leftVelocity",0
60.549256,"/drivetrain/rightPos",0
60.549266,"/drivetrain/rightVelocity",0
60.549271,"/drivetrain/heading",-2.259999990463257
60.549274,"/drivetrain/headingVelocity",0
60.549277,"/drivetrain/xAcceleration",0
60.549371,"/drivetrain/yAcceleration",0
60.549375,"/drivetrain/leftOutputLog",0
60.549378,"/drivetrain/rightOutputLog",-0
60.549614,"/intake/pos",0
60.549618,"/intake/output",0
60.549814,"/shooter/rpm",0
60.549818,"/shooter/output",0.1
60.549882,"/shooter/hasBall",true
60.549907,"/shooter/temperature",40
60.550075,"/climber/rightPos",0
60.569224,"/drivetrain/leftPos",0
60.569238,"/drivetrain/leftVelocity",0
60.569251,"/drivetrain/rightPos",0
60.569261,"/drivetrain/rightVelocity",0
60.569266,"/drivetrain/heading",-2.259999990463257
60.569269,"/drivetrain/headingVelocity",0
60.569273,"/drivetrain/xAcceleration",0
60.569276,"/drivetrain/yAcceleration",0
60.569279,"/drivetrain/leftOutputLog",0
60.569283,"/drivetrain/rightOutputLog",-0
60.569452,"/intake/pos",0
60.569456,"/intake/output",0
60.569615,"/shooter/rpm",0
60.569618,"/shooter/output",0.1
60.569642,"/shooter/hasBall",true
60.569681,"/shooter/temperature",40
60.569836,"/climber/rightPos",0
60.58926,"/drivetrain/leftPos",0
60.589274,"/drivetrain/leftVelocity",0
60.589286,"/drivetrain/rightPos",0
60.589296,"/drivetrain/rightVelocity",0
60.5893,"/drivetrain/heading",-2.259999990463257
60.589304,"/drivetrain/headingVelocity",0
60.589307,"/drivetrain/xAcceleration",0
60.58931,"/drivetrain/yAcceleration",0
60.589314,"/drivetrain/leftOutputLog",0
60.589317,"/drivetrain/rightOutputLog",-0
60.589482,"/intake/pos",0
60.589486,"/intake/output",0
60.589644,"/shooter/rpm",0
60.589648,"/shooter/output",0.1
60.589671,"/shooter/hasBall",true
60.589706,"/shooter/temperature",40
60.58987,"/climber/rightPos",0
60.60945,"/drivetrain/leftPos",0
60.609465,"/drivetrain/leftVelocity",0
60.609479,"/drivetrain/rightPos",0
60.609489,"/drivetrain/rightVelocity",0
60.609493,"/drivetrain/heading",-2.259999990463257
60.609497,"/drivetrain/headingVelocity",0
60.6095,"/drivetrain/xAcceleration",0
60.609504,"/drivetrain/yAcceleration",0
60.609507,"/drivetrain/leftOutputLog",0
60.609511,"/drivetrain/rightOutputLog",-0
60.609724,"/intake/pos",0
60.609728,"/intake/output",0
60.610228,"/shooter/rpm",0
60.610232,"/shooter/output",0.1
60.610313,"/shooter/hasBall",true
60.610357,"/shooter/temperature",40
60.610812,"/climber/rightPos",0
60.629468,"/drivetrain/leftPos",0
60.629481,"/drivetrain/leftVelocity",0
60.629495,"/drivetrain/rightPos",0
60.629506,"/drivetrain/rightVelocity",0
60.62951,"/drivetrain/heading",-2.259999990463257
60.629514,"/drivetrain/headingVelocity",0
60.629517,"/drivetrain/xAcceleration",0
60.62952,"/drivetrain/yAcceleration",-0.003000000026077032
60.629523,"/drivetrain/leftOutputLog",0
60.629527,"/drivetrain/rightOutputLog",-0
60.629691,"/intake/pos",0
60.629695,"/intake/output",0
60.629884,"/shooter/rpm",0
60.629888,"/shooter/output",0.1
60.62992,"/shooter/hasBall",true
60.630008,"/shooter/temperature",40
60.630175,"/climber/rightPos",0
60.649764,"/drivetrain/leftPos",0
60.649779,"/drivetrain/leftVelocity",0
60.649792,"/drivetrain/rightPos",0
60.649802,"/drivetrain/rightVelocity",0
60.649806,"/drivetrain/heading",-2.259999990463257
60.64981,"/drivetrain/headingVelocity",0
60.649813,"/drivetrain/xAcceleration",0
60.649816,"/drivetrain/yAcceleration",0
60.64982,"/drivetrain/leftOutputLog",0
60.649823,"/drivetrain/rightOutputLog",-0
60.650087,"/intake/pos",0
60.650091,"/intake/output",0
60.650529,"/shooter/rpm",0
60.650577,"/shooter/output",0.1
60.650608,"/shooter/hasBall",true
60.650652,"/shooter/temperature",40
60.651137,"/climber/rightPos",0
60.669881,"/drivetrain/leftPos",0
60.669897,"/drivetrain/leftVelocity",0
60.669911,"/drivetrain/rightPos",0
60.669921,"/drivetrain/rightVelocity",0
60.669926,"/drivetrain/heading",-2.259999990463257
60.66993,"/drivetrain/headingVelocity",0
60.669933,"/drivetrain/xAcceleration",0
60.669937,"/drivetrain/yAcceleration",0
60.66994,"/drivetrain/leftOutputLog",0
60.669943,"/drivetrain/rightOutputLog",-0
60.670712,"/intake/pos",0
60.670717,"/intake/output",0
60.670957,"/shooter/rpm",0
60.67096,"/shooter/output",0.1
60.670997,"/shooter/hasBall",true
60.671046,"/shooter/temperature",40
60.671281,"/climber/rightPos",0
60.68935,"/drivetrain/leftPos",0
60.689364,"/drivetrain/leftVelocity",0
60.689379,"/drivetrain/rightPos",0
60.689389,"/drivetrain/rightVelocity",0
60.689394,"/drivetrain/heading",-2.259999990463257
60.689397,"/drivetrain/headingVelocity",0
60.6894,"/drivetrain/xAcceleration",0
60.689404,"/drivetrain/yAcceleration",0
60.689407,"/drivetrain/leftOutputLog",0
60.68941,"/drivetrain/rightOutputLog",-0
60.691078,"/intake/pos",0
60.691083,"/intake/output",0
60.691639,"/shooter/rpm",0
60.691643,"/shooter/output",0.1
60.69168,"/shooter/hasBall",true
60.69173,"/shooter/temperature",40
60.691981,"/climber/rightPos",0
60.714092,"/drivetrain/leftPos",0
60.714106,"/drivetrain/leftVelocity",0
60.71412,"/drivetrain/rightPos",0
60.71413,"/drivetrain/rightVelocity",0
60.714135,"/drivetrain/heading",-2.259999990463257
60.714138,"/drivetrain/headingVelocity",0
60.714141,"/drivetrain/xAcceleration",0
60.714145,"/drivetrain/yAcceleration",-0.003000000026077032
60.714148,"/drivetrain/leftOutputLog",0
60.714151,"/drivetrain/rightOutputLog",-0
60.719095,"/intake/pos",0
60.719103,"/intake/output",0
60.719486,"/shooter/rpm",0
60.71949,"/shooter/output",0.1
60.719534,"/shooter/hasBall",true
60.719591,"/shooter/temperature",40
60.719866,"/climber/rightPos",0
60.731589,"/drivetrain/leftPos",0
60.731604,"/drivetrain/leftVelocity",0
60.731618,"/drivetrain/rightPos",0
60.731629,"/drivetrain/rightVelocity",0
60.731634,"/drivetrain/heading",-2.259999990463257
60.731637,"/drivetrain/headingVelocity",0
60.731641,"/drivetrain/xAcceleration",0
60.731644,"/drivetrain/yAcceleration",0.004999999888241291
60.731647,"/drivetrain/leftOutputLog",0
60.73165,"/drivetrain/rightOutputLog",-0
